ch,session,depth,loc_xyz_1,loc_xyz_2,loc_xyz_3,clust_id,firing_rate,isolation,noise_overlap,peak_amp,peak_noise,peak_snr,area,neuron_label
003,M021519,-6.59375,-14.58794,25.96808,45.88,2,15.47928,0.9253819,0.08578143,7.142161,1.59852,4.467984,12r,M021519_003_2
004,M021519,-8.21875,-13.51156,25.35484,45.8575,3,0.930663,0.9888366,0.04347826,10.31448,1.500104,6.875846,11ml,M021519_004_3
005,M021519,-10.5,-11.98175,24.062,45.7225,2,12.86531,1,0.001175088,15.90349,1.831914,8.68135,11ml,M021519_005_2
006,M021519,-12.0625,-10.6965,23.356,45.7225,3,0.9256123,0.9929495,0.002350176,13.8957,1.697696,8.185037,11ml,M021519_006_3
011,M021519,-7.96875,-15.97562,25.48638,44.415,1,11.74636,0.9603408,0.06580494,7.969231,1.706042,4.67118,46v,M021519_011_1
014,M021519,-12.21875,-11.0744,24.0892,44.435,2,3.646086,0.9891304,0.009988249,7.819096,2.044926,3.823658,11ml,M021519_014_2
016,M021519,-13.4375,-8.99958,23.84657,44.4155,3,1.708828,0.9941245,0.01175088,10.24363,2.306976,4.440285,11ml,M021519_016_3
024,M021519,-13.875,-10.15144,23.894,43.206,2,7.502304,0.993537,0.03819036,7.661216,1.409159,5.436729,11ml,M021519_024_2
025,M021519,-14.84375,-9.03,23.5774,43.215,4,4.692717,0.9867803,0.02291422,11.04201,2.827246,3.90557,11ml,M021519_025_4
032,M021519,-14.71875,-11.41786,23.25368,41.893,3,3.045214,0.9521152,0.02379553,6.539494,1.537824,4.252433,11ml,M021519_032_3
032,M021519,-14.71875,-11.41786,23.25368,41.893,5,5.533066,0.9908931,0.003231492,13.94466,1.48441,9.394082,11ml,M021519_032_5
035,M021519,-12.75,-20.33434,19.17308,40.233,3,2.647568,0.9829612,0.04465335,11.15938,1.49294,7.474767,12o,M021519_035_3
036,M021519,-13.46875,-18.8825,20.1605,40.3305,2,23.97577,0.9480023,0.1339601,5.202154,1.1471,4.535048,12o,M021519_036_2
044,M021519,-19.90625,-7.91199,19.73089,40.5075,3,4.714777,0.9720917,0.06962397,6.756994,1.366723,4.94394,13m,M021519_044_3
045,M021519,-15.96875,-21.13055,15.73462,38.8925,1,19.37875,0.9879553,0.03730905,8.186164,1.291367,6.339145,12o,M021519_045_1
049,M021519,-16.875,-14.91416,20.33958,39.19,1,1.275977,0.9891304,0.004406581,6.668946,3.921478,1.700621,13l,M021519_049_1
054,M021519,-20.625,-8.12184,19.48604,39.145,3,0.9101882,0.9950058,0.005581669,10.30837,1.45835,7.068513,13m,M021519_054_3
055,M021519,-16.21875,-21.20472,15.94528,37.819,3,0.05408926,0.9907359,0.0005146681,13.4829,3.276035,4.115614,12o,M021519_055_3
060,M021519,-17.25,-13.33292,21.00784,37.886,2,9.180464,0.9914806,0.05699177,7.51678,1.246156,6.031974,13l,M021519_060_2
064,M021519,-22.3125,-8.43187,18.32619,37.6015,3,0.12425,0.9980218,0.002350176,12.89813,2.59172,4.976668,13m,M021519_064_3
066,M021519,-15.4375,-21.34616,16.57104,36.428,1,2.546714,0.9979436,0.007050529,11.31215,1.719749,6.577791,45,M021519_066_1
066,M021519,-15.4375,-21.34616,16.57104,36.428,3,0.8337487,0.820632,0.0005875441,6.425394,1.121419,5.729702,45,M021519_066_3
066,M021519,-15.4375,-21.34616,16.57104,36.428,7,1.382078,0.9994125,0.0005875441,5.134526,1.216457,4.220884,45,M021519_066_7
069,M021519,-20.09375,-16.7,16.31555,36.6005,1,21.38142,0.9635723,0.07549942,4.423284,1.195159,3.700999,12o,M021519_069_1
079,M021519,-20.25,-18.75479,15.27489,35.2225,3,1.93635,0.9905993,0.03877791,9.072781,3.412292,2.658852,AI,M021519_079_3
091,M021519,-18.0625,-19.3064,17.37982,33.932,2,68.37621,0.9756169,0.03231492,5.390262,0.9864608,5.464243,AI,M021519_091_2
099,M021519,-23.78125,-6.48592,17.68776,31.927,1,4.672134,0.9926557,0.007344301,5.076265,1.018035,4.986336,pu,M021519_099_1
099,M021519,-23.78125,-6.48592,17.68776,31.927,5,0.3505897,0.9900118,0.02291422,10.93717,1.599479,6.837958,pu,M021519_099_5
099,M021519,-23.78125,-6.48592,17.68776,31.927,7,0.4335399,0.9900118,0.002350176,17.21313,1.920535,8.962676,pu,M021519_099_7
100,M021519,-25.375,-5.52758,16.17062,31.9045,3,1.07835,0.9885429,0.0146886,8.063768,2.61823,3.079855,pu,M021519_100_3
105,M021519,-33,-13.1414,5.9418,25.53,3,2.300789,0.9958872,0.01498237,8.614613,1.442534,5.971861,AMG,M021519_105_3
112,M021519,-27.78125,-5.82793,13.86059,30.64,3,0.8236444,0.9973561,0.005875441,11.28373,1.539419,7.329861,pu,M021519_112_3
113,M021519,-24.8125,-4.75796,17.22433,30.7195,4,0.03287416,1,0,15.78051,1.595465,9.890848,cd,M021519_113_4
116,M021519,-34.375,-14.27175,3.6567,24.237,1,5.836517,0.9976498,0.01057579,10.45964,1.812953,5.769397,AMG,M021519_116_1
118,M021519,-30.15625,-12.29764,9.52743,24.7745,3,1.860068,0.9864865,0.0252644,7.129472,2.259029,3.155989,AMG,M021519_118_3
123,M021519,-23.28125,-6.51506,18.57528,29.367,3,0.1769462,0.9965889,0,15.06823,2.010152,7.496065,cd,M021519_123_3
123,M021519,-23.28125,-6.51506,18.57528,29.367,6,0.3416704,0.997726,0,17.61257,2.718873,6.477895,cd,M021519_123_6
128,M021519,-36.5625,-13.3559,2.3239,22.661,1,11.04033,0.989718,0.039953,7.04864,1.241644,5.67686,AMG,M021519_128_1
129,M021519,-36.875,-12.3336,2.46312,22.546,3,4.646333,0.943302,0.04847239,5.580876,1.336371,4.176143,AMG,M021519_129_3
129,M021519,-36.875,-12.3336,2.46312,22.546,4,1.28502,0.9850176,0.009988249,8.615309,2.439399,3.531734,AMG,M021519_129_4
139,M021519,-28.40625,-13.86278,10.71945,22.6205,3,3.086735,0.983255,0.08578143,7.180649,1.954894,3.673166,pu,M021519_139_3
140,M021519,-34.25,-12.56696,5.49092,21.728,1,9.732578,0.9891304,0.02878966,8.454032,2.134112,3.961382,AMG,M021519_140_1
144,M021519,-22.375,-7.73374,19.42047,26.65485,3,0.910851,0.9967685,0.002350176,14.34036,1.642849,8.72896,pu,M021519_144_3
011,M022219,-8.09375,-15.97663,25.35837,44.405,3,7.751811,0.9882491,0.01057579,8.159549,1.879573,4.341172,46v,M022219_011_3
018,M022219,-9.59375,-17.8814,23.46105,42.9485,2,7.544961,0.9976498,0.07314923,11.09207,1.508792,7.351624,12m,M022219_018_2
025,M022219,-14.84375,-9.03,23.5774,43.215,3,4.268862,0.9823737,0.01526718,8.407594,1.549618,5.425591,11ml,M022219_025_3
032,M022219,-14.71875,-11.41786,23.25368,41.893,2,3.97511,0.9709166,0.09018801,6.615466,1.567761,4.219691,11ml,M022219_032_2
032,M022219,-14.71875,-11.41786,23.25368,41.893,3,7.269167,0.9970623,0.009988249,13.47599,1.346565,10.00768,11ml,M022219_032_3
054,M022219,-20.75,-8.12184,19.48604,39.145,3,1.344167,0.9967685,0.02614571,9.714396,1.335293,7.275107,13m,M022219_054_3
060,M022219,-17.25,-13.33292,21.00784,37.886,3,5.096412,0.9903055,0.07961222,7.656385,1.26327,6.060766,13l,M022219_060_3
064,M022219,-22.4375,-8.43187,18.32619,37.6015,3,3.660579,1,0.00146886,16.61576,2.150355,7.726987,13m,M022219_064_3
067,M022219,-20.4375,-20.40405,13.0877,36.378,3,1.303016,0.994201,0.001762632,9.701047,1.721748,5.634418,12o,M022219_067_3
068,M022219,-20.90625,-18.68899,14.31921,36.418,3,0.846469,1,0,14.1275,1.980044,7.134941,12o,M022219_068_3
069,M022219,-20.09375,-16.7,16.31555,36.6005,2,4.275286,0.9914806,0.01410106,8.424806,1.558531,5.405607,12o,M022219_069_2
069,M022219,-20.09375,-16.7,16.31555,36.6005,3,6.653827,0.9494712,0.04582844,6.12463,1.281227,4.780284,12o,M022219_069_3
071,M022219,-21.75,-13.5432,16.9515,36.3543,1,18.38877,0.9183314,0.07079906,5.287465,1.603212,3.298044,13l,M022219_071_1
085,M022219,-25.9375,-9.26783,14.93414,35.045,3,0.126108,0.9843882,0.002350176,11.02862,2.869917,3.842835,13m,M022219_085_3
099,M022219,-23.78125,-6.48592,17.68776,31.927,1,4.214178,0.9753231,0.004406581,16.65444,5.696963,2.923389,pu,M022219_099_1
100,M022219,-25.40625,-5.52758,16.17062,31.9045,2,0.7060528,0.9800235,0.008519389,7.6082,3.878782,1.961492,pu,M022219_100_2
109,M022219,-27.8125,-11.40034,12.7349,32.703,3,0.8828657,0.9908931,0.01703878,9.385862,1.986093,4.725793,AI,M022219_109_3
115,M022219,-34.5,-15.44405,2.5492,24.237,3,0.03587638,1,0,16.56515,1.477594,11.21089,AMG,M022219_115_3
116,M022219,-34.375,-14.27175,3.6567,24.237,2,5.228857,0.9756169,0.1028202,6.274683,1.181706,5.309852,AMG,M022219_116_2
118,M022219,-30.21875,-12.29764,9.52743,24.7745,3,0.2266784,0.9988249,0,11.64298,1.868454,6.231341,AMG,M022219_118_3
119,M022219,-36.875,-11.0527,3.4228,23.712,2,18.90747,0.9198002,0.07579318,4.656037,1.291706,3.604564,AMG,M022219_119_2
123,M022219,-23.34375,-6.51506,18.57528,29.367,2,16.7978,0.9835488,0.06286722,7.647202,1.364741,5.603408,cd,M022219_123_2
128,M022219,-36.65625,-13.3559,2.3239,22.661,2,0.166467,0.9944183,0.0008813161,10.03365,2.726144,3.68053,AMG,M022219_128_2
140,M022219,-34.25,-12.56696,5.49092,21.728,1,13.44168,0.9715041,0.05141011,7.456971,1.613405,4.621885,AMG,M022219_140_1
140,M022219,-34.25,-12.56696,5.49092,21.728,4,0.9326279,0.980611,0.002056404,9.923123,1.387414,7.152246,AMG,M022219_140_4
146,M022219,-20,-5.905,22.2901,26.5795,3,1.649487,0.9941245,0.009106933,7.706013,2.070946,3.721011,cd,M022219_146_3
005,M022819,-10.5625,-11.97772,23.9224,45.715,2,22.19296,0.9994125,0.01909518,8.682821,1.359049,6.388893,11ml,M022819_005_2
014,M022819,-12.59375,-11.06936,23.78278,44.42,3,1.667875,0.9964747,0.008225617,11.70472,1.492041,7.844773,11ml,M022819_014_3
018,M022819,-9.59375,-17.8814,23.46105,42.9485,3,3.367329,0.996181,0.0326087,11.43316,1.590733,7.187355,12m,M022819_018_3
019,M022819,-10.71875,-16.72011,23.66674,42.9935,2,1.02356,0.9891304,0.004994125,9.363965,1.781001,5.257698,12m,M022819_019_2
032,M022819,-14.71875,-11.41786,23.25368,41.893,3,4.936247,0.9920682,0.03525265,7.555661,2.043225,3.69791,11ml,M022819_032_3
050,M022819,-19,-13.04068,19.10568,39.27,2,11.01554,0.9635723,0.09488837,5.99115,1.334472,4.489527,13l,M022819_050_2
068,M022819,-20.90625,-18.68899,14.31921,36.418,3,0.2803633,1,0.004700352,11.27378,3.028987,3.721962,12o,M022819_068_3
069,M022819,-20.09375,-16.7,16.31555,36.6005,3,8.552876,0.9976498,0.01233843,9.942155,1.272346,7.814037,12o,M022819_069_3
077,M022819,-8.9375,-21.38432,23.5366,35.25,3,2.29046,0.9950058,0.00293772,13.36543,2.667495,5.010481,45,M022819_077_3
077,M022819,-8.9375,-21.38432,23.5366,35.25,4,6.282254,0.9694477,0.0420094,7.137401,1.73458,4.114771,45,M022819_077_4
077,M022819,-8.9375,-21.38432,23.5366,35.25,5,1.02523,0.9623972,0.001762632,14.58667,1.662224,8.775394,45,M022819_077_5
078,M022819,-17.9375,-20.4192,16.05878,35.13,2,1.289742,0.9911869,0.006169213,17.74399,1.737013,10.21523,AI,M022819_078_2
078,M022819,-17.9375,-20.4192,16.05878,35.13,5,1.187843,0.9571093,0.004700352,8.104164,1.378868,5.877403,AI,M022819_078_5
078,M022819,-17.9375,-20.4192,16.05878,35.13,6,1.736414,0.987074,0.03554641,10.10571,1.404267,7.196429,AI,M022819_078_6
078,M022819,-17.9375,-20.4192,16.05878,35.13,7,1.225286,0.9911869,0.002056404,20.72025,1.845379,11.22818,AI,M022819_078_7
088,M022819,-25.25,-6.00452,15.95808,33.18,3,0.625212,0.9982374,0.003231492,9.36814,2.182657,4.29208,cd,M022819_088_3
104,M022819,-34.0625,-14.2246,3.85684000000001,25.47,3,23.63494,0.9662162,0.07461809,5.619315,1.24729,4.505219,AMG,M022819_104_3
117,M022819,-29.09375,-13.49876,9.65487,24.8995,3,0.1540672,0.9970623,0.01439483,12.62589,4.292952,2.941074,pu,M022819_117_3
118,M022819,-30.34375,-12.28732,9.12034,24.712,3,0.1011794,0.9982269,0.001477541,15.82975,1.793168,8.827807,AMG,M022819_118_3
119,M022819,-36.9375,-11.0527,3.4228,23.712,3,0.102882,0.9988249,0.001762632,13.30645,3.53642,3.76269,AMG,M022819_119_3
124,M022819,-24.21875,-5.72386,17.83424,29.458,3,0.4987494,0.9973561,0.001175088,11.73621,2.032783,5.773469,cd,M022819_124_3
129,M022819,-37,-12.3336,2.46312,22.546,1,5.71861,0.9947121,0.04876616,9.275831,1.240557,7.477149,AMG,M022819_129_1
139,M022819,-28.40625,-13.86278,10.71945,22.6205,3,0.3726187,0.9991187,0.003525264,17.98489,1.390291,12.93606,pu,M022819_139_3
139,M022819,-28.40625,-13.86278,10.71945,22.6205,4,1.464454,0.989718,0.0199765,10.42553,1.483232,7.028929,pu,M022819_139_4
140,M022819,-34.25,-12.56696,5.49092,21.728,3,17.08088,0.9629847,0.04142186,6.614264,1.965818,3.364636,AMG,M022819_140_3
002,M030118,-5.75,-15.5392,25.99056,45.865,2,1.762511,0.985899,0.005287896,12.20504,1.72999,7.054975,12r,M030118_002_2
003,M030118,-6.75,-14.58305,25.8466,45.8725,1,9.693523,0.9603408,0.08666275,6.811237,1.281454,5.315241,12r,M030118_003_1
003,M030118,-6.75,-14.58305,25.8466,45.8725,3,19.41891,0.9988249,0.001762632,8.287767,1.47811,5.607003,12r,M030118_003_3
004,M030118,-6.875,-13.54684,26.64076,45.925,2,9.549615,0.9967664,0.006462985,9.091475,1.247237,7.289293,12r,M030118_004_2
005,M030118,-7.875,-12.05832,26.7144,45.865,2,9.762876,0.9955934,0.01057579,6.931495,1.082398,6.403834,11ml,M030118_005_2
005,M030118,-7.875,-12.05832,26.7144,45.865,6,2.756635,0.9753231,0.04024677,7.949023,1.167807,6.806794,11ml,M030118_005_6
006,M030118,-9.75,-10.73878,25.59264,45.8275,2,0.7688149,0.9803774,0.01145711,10.65632,2.172925,4.904137,11ml,M030118_006_2
010,M030118,-7.75,-16.96932,24.73848,44.525,2,0.7262601,0.9829612,0.009400705,16.84751,2.171854,7.757202,12r,M030118_010_2
010,M030118,-7.75,-16.96932,24.73848,44.525,3,2.66706,0.9820799,0.03319624,9.387851,1.834485,5.117432,12r,M030118_010_3
011,M030118,-6.875,-15.96754,26.51046,44.495,1,1.477227,0.9952996,0.007931845,14.22234,3.61236,3.937132,46v,M030118_011_1
012,M030118,-8.375,-14.92312,25.79692,44.475,2,3.803553,0.976792,0.05552291,8.701946,2.350362,3.702386,12r,M030118_012_2
016,M030118,-8.5,-8.8924,28.7596,44.588,2,2.501305,0.9785547,0.001175088,15.23315,1.683815,9.046804,46d,M030118_016_2
016,M030118,-8.5,-8.8924,28.7596,44.588,3,5.104257,0.9770858,0.01733255,10.44651,2.18236,4.786796,46d,M030118_016_3
016,M030118,-8.5,-8.8924,28.7596,44.588,4,1.22895,0.9770858,0.003525264,16.9511,1.589282,10.66588,46d,M030118_016_4
017,M030118,-7.75,-18.952,24.03174,42.911,2,3.541203,0.9847239,0.004994125,8.674287,1.553913,5.582223,12l,M030118_017_2
017,M030118,-7.75,-18.952,24.03174,42.911,3,0.3803288,0.9556404,0.001175088,14.06912,1.613093,8.721826,12l,M030118_017_3
017,M030118,-7.75,-18.952,24.03174,42.911,4,0.4131719,0.9556404,0.002350176,16.39591,2.058852,7.963621,12l,M030118_017_4
018,M030118,-7,-17.85288,26.06626,43.121,2,0.1508278,0.9997062,0.006169213,17.86394,2.304561,7.751559,12l,M030118_018_2
022,M030118,-9.875,-12.55421,27.03538,43.2335,2,2.492354,0.9985312,0.02614571,11.60577,1.724483,6.729998,46v,M030118_022_2
024,M030118,-8.125,-9.84936,29.742,43.366,2,0.4213811,0.9970623,0.006462985,11.38527,2.063387,5.517756,46d,M030118_024_2
026,M030118,-9.25,-19.319,23.07391,41.6475,2,12.64725,0.9500588,0.05405406,6.709485,1.342257,4.99866,12l,M030118_026_2
026,M030118,-9.25,-19.319,23.07391,41.6475,3,1.997647,0.9847239,0.001175088,11.74673,1.442989,8.140557,12l,M030118_026_3
026,M030118,-9.25,-19.319,23.07391,41.6475,4,0.7869799,0.9847239,0.003525264,16.03171,1.682381,9.529177,12l,M030118_026_4
035,M030118,-8,-20.20959,24.00108,40.483,1,3.441795,0.9647474,0.0840188,6.280179,1.364563,4.602336,45,M030118_035_1
035,M030118,-8,-20.20959,24.00108,40.483,2,0.1953471,0.9982374,0.004112808,12.93794,2.322998,5.569499,45,M030118_035_2
035,M030118,-8,-20.20959,24.00108,40.483,5,1.448324,0.9958872,0.00293772,13.61637,1.512184,9.004436,45,M030118_035_5
039,M030118,-10,-14.51981,26.96503,40.638,2,0.4910749,0.9879553,0.01116334,10.65431,2.331784,4.569167,46v,M030118_039_2
039,M030118,-10,-14.51981,26.96503,40.638,3,0.1554704,0.996181,0.00146886,20.89925,2.414329,8.656339,46v,M030118_039_3
042,M030118,-9.125,-9.85287,29.93203,40.7025,2,6.647851,0.9644536,0.04641598,8.763735,1.969056,4.450729,46df,M030118_042_2
042,M030118,-9.125,-9.85287,29.93203,40.7025,3,0.08011001,0.9936427,0.01398601,15.28682,3.72977,4.098596,46df,M030118_042_3
043,M030118,-9,-8.5886,30.3774,40.61,2,2.271806,0.9844301,0.0273208,7.243973,1.696773,4.269264,8B,M030118_043_2
043,M030118,-9,-8.5886,30.3774,40.61,3,0.3521116,0.985899,0.00293772,16.24726,2.44503,6.645015,8B,M030118_043_3
044,M030118,-7.625,-7.15023,32.13553,40.6275,2,3.420745,0.9829612,0.01057579,10.14682,1.663322,6.100332,8B,M030118_044_2
051,M030118,-11.25,-11.41198,27.62828,39.3825,1,36.7495,0.9297885,0.07931845,4.459053,1.137174,3.921172,46df,M030118_051_1
051,M030118,-11.25,-11.41198,27.62828,39.3825,3,0.1129484,1,0.0005875441,36.81065,6.533308,5.634305,46df,M030118_051_3
064,M030118,-8.375,-7.60559,32.31783,37.4715,2,4.662389,0.9759107,0.02408931,8.842527,1.769092,4.998343,8B,M030118_064_2
064,M030118,-8.375,-7.60559,32.31783,37.4715,3,0.4120423,0.9753231,0.0005875441,22.61354,1.946287,11.61881,8B,M030118_064_3
064,M030118,-8.375,-7.60559,32.31783,37.4715,4,0.219259,0.9421269,0.001175088,17.25423,2.332949,7.395887,8B,M030118_064_4
067,M030118,-8,-19.8565,25.585,36.613,2,3.416727,0.9841363,0.03730905,10.2172,1.531331,6.672108,8A,M030118_067_2
074,M030118,-10.625,-9.24226,29.89408,36.216,2,2.053161,0.9911869,0.0126322,11.94153,2.914732,4.096955,8B,M030118_074_2
074,M030118,-10.625,-9.24226,29.89408,36.216,3,0.856515,0.9929495,0.004700352,17.03954,2.486113,6.853888,8B,M030118_074_3
075,M030118,-9.5,-7.70625,31.19915,36.056,2,7.454528,0.9629847,0.02614571,7.304828,1.317421,5.544796,6DR,M030118_075_2
075,M030118,-9.5,-7.70625,31.19915,36.056,3,9.709383,0.9435958,0.01733255,4.380678,1.138096,3.849129,6DR,M030118_075_3
075,M030118,-9.5,-7.70625,31.19915,36.056,6,2.155931,0.9641598,0.004112808,13.9937,1.820309,7.687539,6DR,M030118_075_6
075,M030118,-9.5,-7.70625,31.19915,36.056,7,3.327533,0.9641598,0.03202115,10.62376,1.289607,8.237988,6DR,M030118_075_7
076,M030118,-8.5,-6.41386,32.59674,34.9375,2,0.6800614,0.9811986,0.0008813161,19.55435,2.273706,8.600207,6DR,M030118_076_2
076,M030118,-8.5,-6.41386,32.59674,34.9375,3,1.841112,0.9712104,0.009400705,12.7053,1.39758,9.090928,6DR,M030118_076_3
076,M030118,-8.5,-6.41386,32.59674,34.9375,4,1.963008,0.9712104,0.004112808,16.46207,3.274564,5.027256,6DR,M030118_076_4
078,M030118,-7.375,-19.9466,26.56784,35.3,2,2.759286,0.9955934,0.007344301,12.2793,1.489495,8.243934,8A,M030118_078_2
080,M030118,-8.75,-16.73036,27.98036,35.35,2,1.922188,0.9397767,0.003819037,10.06403,1.369362,7.349433,46d,M030118_080_2
080,M030118,-8.75,-16.73036,27.98036,35.35,3,0.6009536,0.9397767,0.0005875441,12.24511,2.085229,5.87231,46d,M030118_080_3
085,M030118,-7.625,-8.73624,33.30792,34.75,3,1.034539,0.9929495,0.04024677,9.217314,1.227596,7.508427,6DR,M030118_085_3
090,M030118,-8.375,-20.60136,25.48616,33.997,2,4.032896,0.9339013,0.007344301,6.36543,1.578455,4.032696,8A,M030118_090_2
096,M030118,-7.25,-10.5615,33.12416,33.281,2,0.1247603,0.9997062,0.001762632,24.4196,2.067413,11.81167,6DR,M030118_096_2
099,M030118,-9.875,-6.06202,31.80606,32.2645,2,2.195863,0.9706228,0.002350176,15.04756,1.849899,8.134262,6DR,M030118_099_2
099,M030118,-9.875,-6.06202,31.80606,32.2645,3,0.9949371,0.9873678,0.04524089,7.319523,1.768279,4.139348,6DR,M030118_099_3
099,M030118,-9.875,-6.06202,31.80606,32.2645,4,1.046084,0.9706228,0.003231492,12.33784,2.578516,4.784862,6DR,M030118_099_4
100,M030118,-7.75,-4.64648,33.89272,32.317,1,1.257536,0.987074,0.07226792,8.117715,1.907231,4.256282,6DR,M030118_100_1
100,M030118,-7.75,-4.64648,33.89272,32.317,3,0.938661,0.9973561,0,9.589269,1.878784,5.103976,6DR,M030118_100_3
104,M030118,-11.875,-15.28885,25.87004,29.045,2,0.3304758,0.9994125,0.000293772,16.37533,2.301729,7.114361,6DR,M030118_104_2
105,M030118,-11.375,-13.95884,27.06888,29.04,2,0.4178328,0.9917744,0.001175088,40.45069,3.989829,10.13845,6DR,M030118_105_2
105,M030118,-11.375,-13.95884,27.06888,29.04,3,0.731902,0.9917744,0.003819037,25.4982,2.557478,9.970055,6DR,M030118_105_3
106,M030118,-10.875,-12.54412,28.696,29.175,1,15.08864,0.9920682,0.02849589,8.91373,1.156597,7.706856,6DR,M030118_106_1
106,M030118,-10.875,-12.54412,28.696,29.175,3,0.6521645,0.9920682,0.02379553,13.23211,2.078995,6.364665,6DR,M030118_106_3
106,M030118,-10.875,-12.54412,28.696,29.175,4,0.4141822,0.9952996,0.003525264,24.00375,3.031642,7.917739,6DR,M030118_106_4
108,M030118,-11,-9.89233,29.32184,28.925,2,3.909273,0.9979436,0,17.54076,1.970693,8.90081,6DR,M030118_108_2
115,M030118,-12.25,-16.7349,24.4986,27.537,2,2.599186,0.9591657,0.01733255,10.00349,2.128907,4.698886,6DC,M030118_115_2
115,M030118,-12.25,-16.7349,24.4986,27.537,3,0.4765141,0.949765,0,22.13154,2.300448,9.620535,6DC,M030118_115_3
117,M030118,-9.5,-14.23988,29.14431,27.8995,1,20.0558,0.9838426,0.009988249,7.73377,1.080136,7.159995,6DC,M030118_117_1
117,M030118,-9.5,-14.23988,29.14431,27.8995,4,20.07655,0.9145123,0.173913,4.57117,1.155869,3.954748,6DC,M030118_117_4
118,M030118,-9.25,-12.82396,30.28902,27.962,2,1.443608,0.9929495,0.0005875441,11.32573,1.603378,7.063667,6DC,M030118_118_2
119,M030118,-10.375,-11.47975,29.701,27.7745,2,1.122755,0.9814923,0.007344301,9.248027,2.526793,3.659986,6DC,M030118_119_2
125,M030118,-7.875,-3.8075,34.413,29.5905,2,12.19971,0.9773796,0.02497062,7.999711,1.4564,5.492798,6DR,M030118_125_2
128,M030118,-8,-14.3632,30.3792,26.686,1,0.2100938,0.9809048,0.003231492,6.793121,2.960948,2.294238,6DC,M030118_128_1
128,M030118,-8,-14.3632,30.3792,26.686,2,1.668352,0.9262632,0.007050529,8.732318,1.551999,5.626498,6DC,M030118_128_2
128,M030118,-8,-14.3632,30.3792,26.686,6,2.008921,0.9979436,0.002056404,13.56487,1.693271,8.011049,6DC,M030118_128_6
128,M030118,-8,-14.3632,30.3792,26.686,8,0.8962046,0.9923619,0.0005875441,15.04984,1.639776,9.17798,6DC,M030118_128_8
128,M030118,-8,-14.3632,30.3792,26.686,9,2.607424,0.9997062,0.0005875441,33.7835,3.540665,9.541569,6DC,M030118_128_9
129,M030118,-13.25,-12.9354,25.96813,25.9385,2,7.751996,0.9885429,0.009400705,11.05733,2.195767,5.035748,6DC,M030118_129_2
138,M030118,-7.875,-15.9648,29.8894,25.498,2,10.63987,0.9847239,0.1695065,7.219382,1.301204,5.548233,6DC,M030118_138_2
139,M030118,-9.25,-14.57414,29.68185,25.1405,2,0.194669,0.9988249,0.007344301,19.76347,2.666092,7.412897,6DC,M030118_139_2
140,M030118,-8.25,-13.2268,31.4346,25.248,2,20.76852,0.9948875,0.02262045,10.835,1.711406,6.331055,6DC,M030118_140_2
142,M030118,-8.625,-10.47882,32.3417,24.943,1,9.891164,0.9994125,0,13.4961,1.874867,7.198432,6DC,M030118_142_1
142,M030118,-8.625,-10.47882,32.3417,24.943,2,15.56793,0.972973,0.008813161,6.77102,1.319333,5.132153,6DC,M030118_142_2
142,M030118,-8.625,-10.47882,32.3417,24.943,5,14.7923,0.9262632,0.09371328,4.236488,1.18107,3.586991,6DC,M030118_142_5
150,M030118,-8.875,-13.3463,31.18138,23.715,3,17.17042,0.9653349,0.07843713,5.908439,1.902034,3.106379,6DC,M030118_150_3
152,M030118,-8,-10.6434,33.1554,23.765,2,11.65081,0.9738543,0.1175088,6.698174,1.660304,4.034306,6DC,M030118_152_2
153,M030118,-7.5,-9.22515,34.12961,23.615,2,5.331102,0.9656287,0.01733255,5.286282,1.354561,3.902581,6DC,M030118_153_2
153,M030118,-7.5,-9.22515,34.12961,23.615,5,16.00001,0.9891304,0.01175088,8.44765,1.329098,6.355925,6DC,M030118_153_5
153,M030118,-7.5,-9.22515,34.12961,23.615,6,0.3245693,0.9888366,0.01938896,9.875175,1.945092,5.076969,6DC,M030118_153_6
154,M030118,-8.875,-7.64052,33.08952,25.205,2,0.03088155,0.9895688,0.001390821,14.19714,2.090838,6.790169,6DC,M030118_154_2
154,M030118,-8.875,-7.64052,33.08952,25.205,3,1.724785,0.9929495,0.009400705,9.712327,1.622467,5.986146,6DC,M030118_154_3
155,M030118,-8.75,-6.56392,33.44144,25.205,2,15.40503,0.9333137,0.1045828,6.259406,1.17015,5.349233,6DC,M030118_155_2
155,M030118,-8.75,-6.56392,33.44144,25.205,4,1.193051,0.9856052,0.00293772,5.779389,1.649251,3.504251,6DC,M030118_155_4
155,M030118,-8.75,-6.56392,33.44144,25.205,5,0.3879906,0.9920682,0.006462985,11.56801,2.028707,5.702157,6DC,M030118_155_5
156,M030118,-7.25,-5.42239,35.06456,25.18,2,9.142439,0.9656287,0.08490012,6.392662,1.356634,4.712151,6DC,M030118_156_2
005,M030119,-10.5625,-11.97772,23.9224,45.715,3,20.96851,0.9900118,0.0293772,5.966879,1.119956,5.327781,11ml,M030119_005_3
005,M030119,-10.5625,-11.97772,23.9224,45.715,5,4.391085,0.9908931,0.01292597,8.996979,1.509773,5.959159,11ml,M030119_005_5
018,M030119,-9.59375,-17.8814,23.46105,42.9485,3,1.956848,0.9953896,0.01292597,9.122072,2.236806,4.078169,12m,M030119_018_3
018,M030119,-9.59375,-17.8814,23.46105,42.9485,4,3.213193,0.9946581,0.004406581,15.86079,1.6922,9.372878,12m,M030119_018_4
019,M030119,-10.71875,-16.72011,23.66674,42.9935,2,1.295359,0.9374266,0.01733255,8.097752,1.310564,6.17883,12m,M030119_019_2
025,M030119,-14.84375,-9.03,23.5774,43.215,3,2.190928,0.9908931,0.02350176,9.566751,1.406837,6.800184,11ml,M030119_025_3
044,M030119,-20.21875,-7.92786,19.47246,40.505,2,2.762996,0.9973561,0.008813161,11.65247,1.897419,6.14122,13m,M030119_044_2
054,M030119,-20.75,-8.12184,19.48604,39.145,3,0.3492271,0.9976498,0.02761457,9.761961,1.34704,7.24697,13m,M030119_054_3
066,M030119,-15.4375,-21.34616,16.57104,36.428,3,14.13233,0.9867803,0.03495887,6.437958,1.087918,5.917689,45,M030119_066_3
069,M030119,-20.09375,-16.7,16.31555,36.6005,2,9.093216,0.9782609,0.02996475,7.623178,1.369999,5.564368,12o,M030119_069_2
104,M030119,-34.0625,-14.2246,3.85684000000001,25.47,2,14.68542,0.9121622,0.03936545,6.572213,1.101894,5.96447,AMG,M030119_104_2
113,M030119,-11.6875,-3.94988,30.35899,30.8245,3,1.677697,0.9976498,0.01057579,6.758209,1.287763,5.248024,24c,M030119_113_3
119,M030119,-36.9375,-11.0527,3.4228,23.712,3,20.26358,0.9418331,0.02908343,5.58661,1.335382,4.183531,AMG,M030119_119_3
129,M030119,-37,-12.3336,2.46312,22.546,2,6.879315,0.9938308,0.02702703,10.03675,1.429607,7.020636,AMG,M030119_129_2
135,M030119,-22.5625,-6.27339,19.62751,27.9395,2,2.468256,0.9770858,0.02849589,4.485292,1.257205,3.56767,cd,M030119_135_2
139,M030119,-28.40625,-13.86278,10.71945,22.6205,3,0.1407636,1,0.0005875441,19.3919,2.134898,9.083291,pu,M030119_139_3
140,M030119,-34.25,-12.56696,5.49092,21.728,4,1.096867,0.9791422,0.004700352,6.845852,1.214265,5.637855,AMG,M030119_140_4
002,M030218,-5.75,-15.5392,25.99056,45.865,2,1.118505,0.9973561,0.01938896,14.86282,2.103327,7.06634,12r,M030218_002_2
003,M030218,-6.75,-14.58305,25.8466,45.8725,1,25.50682,0.9844301,0.03907168,4.514318,1.092295,4.132873,12r,M030218_003_1
005,M030218,-7.875,-12.05832,26.7144,45.865,2,1.944567,0.9970623,0.05082256,10.63743,1.700268,6.256324,11ml,M030218_005_2
011,M030218,-6.875,-15.96754,26.51046,44.495,2,0.9993577,0.9941245,0.009400705,14.05934,1.676744,8.384902,46v,M030218_011_2
018,M030218,-7,-17.85288,26.06626,43.121,2,0.9038717,0.9994125,0.01321974,11.34559,2.16419,5.24242,12l,M030218_018_2
023,M030218,-9.375,-11.24041,27.97816,43.2935,1,1.222494,0.9882491,0.01145711,3.862299,1.122358,3.441238,46v,M030218_023_1
025,M030218,-8.125,-8.5746,30.21292,43.305,1,2.501529,0.9967685,0.02115159,13.66591,2.114306,6.463545,46df,M030218_025_1
025,M030218,-8.125,-8.5746,30.21292,43.305,3,0.7534505,0.9976498,0.00293772,9.845054,1.884627,5.223875,46df,M030218_025_3
026,M030218,-9.25,-19.319,23.07391,41.6475,2,3.193509,0.9712104,0.1436545,7.204276,1.269915,5.673038,12l,M030218_026_2
026,M030218,-9.25,-19.319,23.07391,41.6475,3,1.700263,0.9929495,0.1260282,9.254373,1.210227,7.646808,12l,M030218_026_3
026,M030218,-9.25,-19.319,23.07391,41.6475,4,3.860352,0.983255,0.01351351,12.10493,1.389861,8.709454,12l,M030218_026_4
033,M030218,-9.25,-9.93732,29.20068,41.923,2,0.2625806,1,0.0008813161,21.63338,2.76792,7.815753,46df,M030218_033_2
043,M030218,-9,-8.5886,30.3774,40.61,2,0.2784026,0.9844301,0.02878966,11.51549,1.327514,8.674476,8B,M030218_043_2
043,M030218,-9,-8.5886,30.3774,40.61,3,0.2777719,0.9844301,0.009400705,17.0731,1.666069,10.24753,8B,M030218_043_3
045,M030218,-6.5,-20.76815,25.23766,39.2525,2,0.4320642,0.9950058,0.04494712,10.96658,1.798473,6.097719,46v,M030218_045_2
051,M030218,-11.25,-11.41198,27.62828,39.3825,2,14.71959,0.9427145,0.1460047,6.638177,1.644993,4.035383,46df,M030218_051_2
065,M030218,-8.75,-6.2824,32.10404,37.534,2,2.858018,0.9083431,0.004994125,5.690004,2.801787,2.030849,6DR,M030218_065_2
072,M030218,-10.5,-11.88814,28.9047,36.216,2,0.9031187,0.9885429,0.001762632,20.42236,2.528182,8.077883,8B,M030218_072_2
075,M030218,-9.5,-7.70625,31.19915,36.056,2,1.472829,0.9970623,0.04024677,13.37392,2.432448,5.498132,6DR,M030218_075_2
076,M030218,-8.5,-6.41386,32.59674,34.9375,2,1.956821,0.9964747,0.0005875441,16.94523,3.23709,5.234712,6DR,M030218_076_2
078,M030218,-7.375,-19.9466,26.56784,35.3,2,0.4561023,0.9418331,0.0005875441,20.23413,1.556749,12.99768,8A,M030218_078_2
078,M030218,-7.375,-19.9466,26.56784,35.3,3,0.4325225,0.989718,0.03113984,9.483419,1.238704,7.655922,8A,M030218_078_3
085,M030218,-7.625,-8.73624,33.30792,34.75,2,0.517152,0.9289072,0.003819037,14.53116,2.710829,5.360412,6DR,M030218_085_2
093,M030218,-10.625,-15.61772,27.33208,33.583,2,6.043405,0.9717979,0.0913631,6.328712,1.122673,5.637179,46d,M030218_093_2
093,M030218,-10.625,-15.61772,27.33208,33.583,3,0.4718286,0.9926557,0.05346651,8.329813,1.547242,5.383653,46d,M030218_093_3
094,M030218,-11.375,-13.87602,27.60676,33.471,2,6.982143,0.9811986,0.03701528,9.440132,1.636206,5.769524,46d,M030218_094_2
094,M030218,-11.375,-13.87602,27.60676,33.471,3,0.2232708,0.9952996,0.003231492,18.79208,2.040625,9.20898,46d,M030218_094_3
096,M030218,-7.25,-10.5615,33.12416,33.281,2,2.559809,0.9973561,0.01086957,12.87939,2.326892,5.535018,6DR,M030218_096_2
099,M030218,-9.875,-6.06202,31.80606,32.2645,2,5.404487,0.9917744,0.04347826,11.02353,1.318679,8.359526,6DR,M030218_099_2
099,M030218,-9.875,-6.06202,31.80606,32.2645,3,0.709753,0.9917744,0.005287896,11.54784,1.67433,6.896991,6DR,M030218_099_3
105,M030218,-11.375,-13.95884,27.06888,29.04,2,0.8038374,0.9788484,0.0493537,7.660724,1.384911,5.531563,6DR,M030218_105_2
106,M030218,-10.875,-12.54412,28.696,29.175,2,5.125785,0.9668038,0.1395417,7.52764,1.493744,5.039445,6DR,M030218_106_2
108,M030218,-11,-9.89233,29.32184,28.925,2,3.124497,0.985899,0.04700353,6.671477,1.376858,4.845434,6DR,M030218_108_2
117,M030218,-9.5,-14.23988,29.14431,27.8995,1,12.27333,0.9926557,0.007638073,15.93569,1.358331,11.73182,6DC,M030218_117_1
117,M030218,-9.5,-14.23988,29.14431,27.8995,4,21.32679,0.9609283,0.05405406,4.849692,0.6336696,7.653346,6DC,M030218_117_4
128,M030218,-8,-14.3632,30.3792,26.686,2,4.937574,0.9597532,0.01380729,6.388678,1.316107,4.854223,6DC,M030218_128_2
128,M030218,-8,-14.3632,30.3792,26.686,3,1.772291,0.9991187,0.001762632,18.66199,5.135702,3.633776,6DC,M030218_128_3
128,M030218,-8,-14.3632,30.3792,26.686,4,2.465597,0.9964747,0.007931845,12.15441,2.289514,5.308729,6DC,M030218_128_4
128,M030218,-8,-14.3632,30.3792,26.686,6,2.374382,0.9964747,0.0005875441,20.05298,2.261867,8.865675,6DC,M030218_128_6
130,M030218,-12.875,-11.58,27.26412,25.996,2,0.7455848,0.9991187,0.001175088,23.9094,5.461923,4.377468,6DC,M030218_130_2
134,M030218,-8.25,-6.66385,33.56136,28.2425,2,1.144953,0.987074,0.003231492,13.74908,2.253481,6.101263,6DR,M030218_134_2
134,M030218,-8.25,-6.66385,33.56136,28.2425,3,0.9576519,0.9371328,0.009106933,7.101858,1.761174,4.032455,6DR,M030218_134_3
138,M030218,-7.875,-15.9648,29.8894,25.498,2,20.38694,0.9547591,0.1956522,6.584914,1.426026,4.617669,6DC,M030218_138_2
142,M030218,-8.625,-10.47882,32.3417,24.943,2,35.22427,0.9336075,0.02908343,5.799881,1.369135,4.236164,6DC,M030218_142_2
150,M030218,-8.875,-13.3463,31.18138,23.715,2,2.76572,0.9797297,0.04582844,6.558871,1.68316,3.89676,6DC,M030218_150_2
156,M030218,-7.25,-5.42239,35.06456,25.18,2,11.23391,0.9676851,0.143067,6.07886,1.315427,4.621205,6DC,M030218_156_2
002,M030518,-5.75,-15.5392,25.99056,45.865,2,1.016237,0.9941245,0.07755582,13.22281,3.211385,4.117477,12r,M030518_002_2
004,M030518,-6.875,-13.54684,26.64076,45.925,2,2.464564,0.9905993,0.06698003,8.017081,1.548625,5.176901,12r,M030518_004_2
005,M030518,-7.875,-12.05832,26.7144,45.865,2,11.47731,0.9591657,0.05728555,6.924816,1.689616,4.098455,11ml,M030518_005_2
007,M030518,-7.5,-9.97884,28.3912,45.97,2,3.922181,0.9779671,0.1136898,7.384866,1.552158,4.757807,46d,M030518_007_2
010,M030518,-7.75,-16.96932,24.73848,44.525,2,2.009448,0.9970623,0.02438308,11.07204,1.421097,7.791192,12r,M030518_010_2
018,M030518,-7,-17.85288,26.06626,43.121,2,1.082439,0.9785547,0.0146886,9.78961,1.951486,5.016489,12l,M030518_018_2
018,M030518,-7,-17.85288,26.06626,43.121,3,0.3063886,0.9785547,0,15.93129,1.586837,10.03965,12l,M030518_018_3
029,M030518,-11.5,-15.63125,24.56118,41.8205,2,1.709356,0.9876616,0.02408931,11.47764,2.098696,5.468941,12o,M030518_029_2
029,M030518,-11.5,-15.63125,24.56118,41.8205,4,8.709884,0.9359577,0.01968273,4.778295,1.045568,4.570045,12o,M030518_029_4
039,M030518,-10,-14.51981,26.96503,40.638,2,2.75927,0.9386017,0.03613396,7.817747,2.800006,2.792047,46v,M030518_039_2
039,M030518,-10,-14.51981,26.96503,40.638,3,1.99555,0.9386017,0.01498237,12.86632,3.334691,3.858325,46v,M030518_039_3
043,M030518,-9,-8.5886,30.3774,40.61,2,0.7710516,0.9944183,0.002643948,11.27112,2.841175,3.967065,8B,M030518_043_2
049,M030518,-11.125,-14.70038,26.06019,39.295,2,6.191281,0.9841363,0.2341363,9.564525,2.258657,4.234608,46v,M030518_049_2
050,M030518,-10.5,-12.76229,27.56029,39.3725,2,8.28783,0.9867803,0.002350176,7.015656,1.66611,4.210801,46df,M030518_050_2
050,M030518,-10.5,-12.76229,27.56029,39.3725,3,1.462836,0.9776734,0.00293772,17.80929,2.082621,8.551385,46df,M030518_050_3
060,M030518,-11.25,-13.12652,27.19504,37.936,2,5.267543,0.9424207,0.07461809,6.422248,1.634399,3.929424,46df,M030518_060_2
060,M030518,-11.25,-13.12652,27.19504,37.936,3,10.77941,0.9424207,0.0766745,8.925935,1.568196,5.691848,46df,M030518_060_3
060,M030518,-11.25,-13.12652,27.19504,37.936,4,5.319755,0.9670975,0.01850764,13.47075,2.09794,6.42094,46df,M030518_060_4
061,M030518,-11.5,-11.78105,27.47994,37.9335,2,4.995892,0.9888366,0.02467685,10.27475,2.155388,4.767006,46df,M030518_061_2
067,M030518,-8,-19.8565,25.585,36.613,2,2.878361,0.9779671,0.02614571,8.659433,2.563812,3.377561,8A,M030518_067_2
071,M030518,-13,-13.21672,25.6721,36.26498,2,1.181065,0.9756169,0.009988249,22.73411,3.703789,6.138068,46d,M030518_071_2
071,M030518,-13,-13.21672,25.6721,36.26498,3,3.327141,0.9756169,0.04876616,11.9784,2.184988,5.482136,46d,M030518_071_3
076,M030518,-8.5,-6.41386,32.59674,34.9375,2,0.8877798,0.9967685,0.002643948,13.63197,3.640275,3.744765,6DR,M030518_076_2
077,M030518,-7.125,-21.32496,25.3608,35.285,2,6.628626,0.9964747,0.009988249,11.76951,1.820238,6.465917,8A,M030518_077_2
079,M030518,-11.25,-18.43944,24.23804,35.31,2,0.3402312,0.9932432,0.003231492,11.38539,4.972617,2.289618,46v,M030518_079_2
085,M030518,-7.625,-8.73624,33.30792,34.75,2,3.662235,0.9791422,0.05141011,9.089612,1.701488,5.342154,6DR,M030518_085_2
085,M030518,-7.625,-8.73624,33.30792,34.75,3,0.928811,0.9867803,0.0005875441,10.08683,1.775653,5.680631,6DR,M030518_085_3
093,M030518,-10.625,-15.61772,27.33208,33.583,2,3.665805,0.9952996,0.01145711,10.62876,2.808259,3.784822,46d,M030518_093_2
095,M030518,-11.5,-12.28964,28.26634,33.471,2,4.418455,0.9967685,0.00293772,23.77684,4.056471,5.861459,8A,M030518_095_2
095,M030518,-11.5,-12.28964,28.26634,33.471,3,2.617846,0.9756169,0.01145711,5.666315,1.43395,3.951542,8A,M030518_095_3
096,M030518,-7.25,-10.5615,33.12416,33.281,2,4.987452,0.9814923,0.01968273,9.276294,1.918932,4.834092,6DR,M030518_096_2
105,M030518,-11.375,-13.95884,27.06888,29.04,2,4.185591,0.9888366,0.05346651,7.796352,1.597487,4.880384,6DR,M030518_105_2
113,M030518,-7.75,-3.719,34.11175,30.8545,1,13.94005,0.9544653,0.009106933,8.868716,1.250207,7.093801,6DR,M030518_113_1
113,M030518,-7.75,-3.719,34.11175,30.8545,2,7.168417,0.9544653,0.08578143,6.523223,1.133248,5.756217,6DR,M030518_113_2
117,M030518,-9.5,-14.23988,29.14431,27.8995,1,16.81013,0.9691539,0.04876616,8.083729,1.60896,5.024195,6DC,M030518_117_1
118,M030518,-9.25,-12.82396,30.28902,27.962,2,2.871983,0.9582844,0.009694478,8.10463,2.903861,2.790984,6DC,M030518_118_2
124,M030518,-9.5,-5.09547,32.37698,29.5755,2,0.7070016,0.9838426,0.001175088,5.128871,4.324537,1.185993,6DR,M030518_124_2
128,M030518,-8,-14.3632,30.3792,26.686,2,14.20496,0.9964747,0.004700352,12.43279,1.738262,7.152424,6DC,M030518_128_2
138,M030518,-7.875,-15.9648,29.8894,25.498,2,14.18292,0.9814923,0.02878966,8.410254,1.59814,5.262526,6DC,M030518_138_2
140,M030518,-8.25,-13.2268,31.4346,25.248,1,24.7337,0.9785547,0.00293772,7.226315,1.393733,5.184865,6DC,M030518_140_1
142,M030518,-8.625,-10.47882,32.3417,24.943,1,32.09729,0.9256757,0.02350176,5.889667,1.880628,3.131755,6DC,M030518_142_1
149,M030518,-8,-14.81838,31.49066,23.865,2,3.724121,0.9653349,0.02408931,6.162834,2.159782,2.853452,6DC,M030518_149_2
149,M030518,-8,-14.81838,31.49066,23.865,3,3.421381,0.9653349,0.01175088,11.4666,3.197341,3.586292,6DC,M030518_149_3
150,M030518,-8.875,-13.3463,31.18138,23.715,2,3.660715,0.9894242,0.02555817,7.793277,4.634132,1.681712,6DC,M030518_150_2
153,M030518,-7.5,-9.22515,34.12961,23.615,1,24.40078,0.974148,0.007050529,5.531959,0.9902495,5.58643,6DC,M030518_153_1
153,M030518,-7.5,-9.22515,34.12961,23.615,2,34.71865,0.9791422,0.039953,7.868181,1.361616,5.778562,6DC,M030518_153_2
004,M030618,-6.875,-13.54684,26.64076,45.925,2,1.394094,1,0.003231492,10.48916,2.255214,4.651068,12r,M030618_004_2
005,M030618,-7.875,-12.05832,26.7144,45.865,1,6.469165,0.9585782,0.05229142,9.133907,1.375982,6.638103,11ml,M030618_005_1
007,M030618,-7.5,-9.97884,28.3912,45.97,2,0.3725868,0.9982374,0.00146886,14.53818,1.464306,9.92838,46d,M030618_007_2
011,M030618,-6.875,-15.96754,26.51046,44.495,2,0.7395635,0.9932432,0.01527615,9.878699,3.092551,3.194353,46v,M030618_011_2
011,M030618,-6.875,-15.96754,26.51046,44.495,3,0.5587308,0.9994125,0.0005875441,15.77703,2.385952,6.612468,46v,M030618_011_3
012,M030618,-8.625,-14.92614,25.64724,44.465,2,0.9705939,0.9967685,0.01028202,13.28818,1.763871,7.533535,12r,M030618_012_2
014,M030618,-8.25,-11.13992,28.07266,44.63,2,0.7393536,0.9958872,0.001175088,13.44696,1.8167,7.401859,46v,M030618_014_2
014,M030618,-8.25,-11.13992,28.07266,44.63,3,2.158751,0.9908931,0.01762632,8.044043,1.918051,4.193863,46v,M030618_014_3
016,M030618,-8.75,-8.89706,28.54599,44.5805,2,0.5322401,0.9603408,0.1348414,10.36423,2.418707,4.285028,46df,M030618_016_2
016,M030618,-8.75,-8.89706,28.54599,44.5805,3,0.7969184,0.9603408,0.04788484,8.980783,1.360718,6.600035,46df,M030618_016_3
017,M030618,-7.75,-18.952,24.03174,42.911,2,0.6299431,0.9900118,0.005287896,11.77647,2.072084,5.683394,12l,M030618_017_2
018,M030618,-7,-17.85288,26.06626,43.121,2,0.5111757,0.9982374,0.002056404,15.27952,1.686989,9.057277,12l,M030618_018_2
019,M030618,-9.375,-16.68921,25.01614,43.0685,2,1.949766,0.9905993,0.007638073,11.66786,2.569791,4.54039,12m,M030618_019_2
022,M030618,-10.25,-12.56907,26.61446,43.2185,2,0.5387146,0.9941245,0.005287896,15.46769,1.837934,8.415803,46v,M030618_022_2
033,M030618,-9.25,-9.93732,29.20068,41.923,2,2.666648,0.9820799,0.01204465,7.000256,1.356673,5.159868,46df,M030618_033_2
043,M030618,-9,-8.5886,30.3774,40.61,2,0.9965776,0.9512339,0.005581669,12.13377,1.614686,7.514632,8B,M030618_043_2
043,M030618,-9,-8.5886,30.3774,40.61,3,0.5811738,0.9512339,0.02027027,9.767697,2.43172,4.016785,8B,M030618_043_3
055,M030618,-6.75,-20.88384,25.21216,38.029,2,0.8241927,0.977246,0.0005875441,28.06175,2.80849,9.991755,46v,M030618_055_2
060,M030618,-11.25,-13.12652,27.19504,37.936,2,0.9043185,0.9988249,0.001175088,17.66859,1.805629,9.785285,46df,M030618_060_2
067,M030618,-8,-19.8565,25.585,36.613,2,1.384934,0.9900118,0.04905993,10.03003,1.908009,5.256804,8A,M030618_067_2
068,M030618,-11.25,-18.28227,23.98033,36.578,2,10.93509,0.9524089,0.01233843,8.800224,1.923951,4.574037,46v,M030618_068_2
068,M030618,-11.25,-18.28227,23.98033,36.578,3,3.494848,0.9544653,0.009694478,11.3253,1.466353,7.723442,46v,M030618_068_3
076,M030618,-8.5,-6.41386,32.59674,34.9375,2,2.019957,1,0.0005875441,14.70133,1.537635,9.561003,6DR,M030618_076_2
090,M030618,-8.375,-20.60136,25.48616,33.997,2,3.628683,0.9753231,0.01175088,6.309045,1.68754,3.738605,8A,M030618_090_2
093,M030618,-10.625,-15.61772,27.33208,33.583,2,4.111357,0.9991187,0.005581669,14.48923,1.438007,10.07591,46d,M030618_093_2
095,M030618,-11.5,-12.28964,28.26634,33.471,2,1.52108,0.9932432,0.002350176,15.70847,2.019829,7.777126,8A,M030618_095_2
095,M030618,-11.5,-12.28964,28.26634,33.471,3,2.943963,0.976792,0.02144536,7.709846,1.576419,4.890734,8A,M030618_095_3
097,M030618,-10.5,-9.1579,30.33058,33.3635,2,21.25558,1,0.003819037,11.20022,1.433574,7.812793,6DR,M030618_097_2
100,M030618,-7.75,-4.64648,33.89272,32.317,2,2.70448,0.9911869,0.01204465,10.19648,3.995456,2.552019,6DR,M030618_100_2
109,M030618,-10.625,-10.11827,29.84595,32.0405,2,8.374578,0.9864865,0.02555817,7.164193,1.26493,5.663707,8B,M030618_109_2
117,M030618,-9.5,-14.23988,29.14431,27.8995,2,4.674842,0.9750293,0.006169213,6.588126,1.329811,4.954182,6DC,M030618_117_2
118,M030618,-9.25,-12.82396,30.28902,27.962,2,23.70832,0.9679788,0.03349001,5.928321,1.061959,5.582439,6DC,M030618_118_2
118,M030618,-9.25,-12.82396,30.28902,27.962,3,2.047723,0.9814923,0.05141011,8.685472,2.113047,4.110401,6DC,M030618_118_3
128,M030618,-8,-14.3632,30.3792,26.686,2,3.545501,0.9762045,0.01850764,11.85583,1.412997,8.390559,6DC,M030618_128_2
128,M030618,-8,-14.3632,30.3792,26.686,4,9.362853,0.9762045,0.006169213,10.67364,1.593851,6.696758,6DC,M030618_128_4
135,M030618,-8.125,-5.40718,34.10962,27.822,2,0.4823499,0.9950058,0.005287896,15.11023,7.670391,1.969942,6DR,M030618_135_2
136,M030618,-8.625,-4.3626,33.82044,27.827,2,7.65742,0.9638661,0.08137485,6.725211,1.437284,4.67911,6DR,M030618_136_2
140,M030618,-8.25,-13.2268,31.4346,25.248,2,26.02533,0.9976498,0.004112808,12.89869,1.356849,9.506357,6DC,M030618_140_2
140,M030618,-8.25,-13.2268,31.4346,25.248,3,23.44403,0.9582844,0.01321974,5.154669,0.9695067,5.316795,6DC,M030618_140_3
142,M030618,-8.625,-10.47882,32.3417,24.943,1,19.61826,0.9973561,0.009694478,9.743064,1.005781,9.687066,6DC,M030618_142_1
142,M030618,-8.625,-10.47882,32.3417,24.943,2,20.13353,0.8915981,0.1139835,4.572122,1.154547,3.9601,6DC,M030618_142_2
149,M030618,-8,-14.81838,31.49066,23.865,1,2.412211,0.9759107,0.1448296,7.38749,3.334682,2.215351,6DC,M030618_149_1
149,M030618,-8,-14.81838,31.49066,23.865,3,1.683329,0.9817861,0.01233843,12.33511,3.664769,3.365864,6DC,M030618_149_3
150,M030618,-8.875,-13.3463,31.18138,23.715,1,7.666224,0.9647474,0.0440658,5.786804,1.243138,4.654997,6DC,M030618_150_1
150,M030618,-8.875,-13.3463,31.18138,23.715,2,1.489408,0.9908931,0.02467685,7.131467,1.518836,4.695351,6DC,M030618_150_2
152,M030618,-8,-10.6434,33.1554,23.765,2,31.07249,0.9550529,0.0893067,7.043262,1.072921,6.564565,6DC,M030618_152_2
152,M030618,-8,-10.6434,33.1554,23.765,3,15.45941,0.9550529,0.008813161,5.660697,1.097564,5.15751,6DC,M030618_152_3
153,M030618,-7.5,-9.22515,34.12961,23.615,1,22.59487,0.9109871,0.05376028,4.581917,1.111962,4.120569,6DC,M030618_153_1
153,M030618,-7.5,-9.22515,34.12961,23.615,3,41.82178,0.9709166,0.1101645,6.936354,1.421192,4.880659,6DC,M030618_153_3
002,M030718,-5.75,-15.5392,25.99056,45.865,2,0.2353877,0.9764982,0.003525264,19.8359,1.847792,10.73492,12r,M030718_002_2
002,M030718,-5.75,-15.5392,25.99056,45.865,3,0.5635166,0.9653349,0.004994125,15.28329,1.763697,8.665484,12r,M030718_002_3
002,M030718,-5.75,-15.5392,25.99056,45.865,4,0.7080726,0.9653349,0.001175088,14.40697,1.93996,7.426425,12r,M030718_002_4
003,M030718,-6.75,-14.58305,25.8466,45.8725,2,2.013259,0.9494712,0.01057579,10.34594,1.824127,5.671721,12r,M030718_003_2
003,M030718,-6.75,-14.58305,25.8466,45.8725,3,3.185159,0.9494712,0.001175088,10.60714,1.637714,6.476799,12r,M030718_003_3
005,M030718,-7.875,-12.05832,26.7144,45.865,1,5.903679,0.989718,0.06227967,9.205258,1.418987,6.487203,11ml,M030718_005_1
007,M030718,-7.5,-9.97884,28.3912,45.97,2,1.436814,0.9926557,0.02967098,10.55207,1.79293,5.885375,46d,M030718_007_2
012,M030718,-8.75,-14.92916,25.49756,44.455,2,0.2453027,0.9955934,0.02115159,13.0789,2.310044,5.661755,12r,M030718_012_2
014,M030718,-8.25,-11.13992,28.07266,44.63,2,5.481368,0.9594595,0.0126322,8.055735,1.388616,5.80127,46v,M030718_014_2
016,M030718,-8.875,-8.90172,28.33238,44.573,2,0.3444739,1,0.008813161,13.34232,2.486553,5.365787,46df,M030718_016_2
017,M030718,-7.75,-18.952,24.03174,42.911,2,2.26714,0.9861927,0.01233843,5.90614,1.306725,4.519803,12l,M030718_017_2
017,M030718,-7.75,-18.952,24.03174,42.911,3,1.753575,0.9891304,0.002350176,13.06098,1.566607,8.337113,12l,M030718_017_3
018,M030718,-7,-17.85288,26.06626,43.121,2,3.084761,0.9938308,0.04641598,8.804876,1.562229,5.636098,12l,M030718_018_2
019,M030718,-9.5,-16.6923,24.8812,43.061,2,9.31429,0.9726792,0.03877791,6.530667,1.375807,4.746791,12m,M030718_019_2
025,M030718,-8.25,-8.58725,30.0286,43.3025,1,18.83889,0.9259694,0.1316099,6.299736,1.783427,3.532377,46df,M030718_025_1
025,M030718,-8.25,-8.58725,30.0286,43.3025,3,1.161821,0.9850176,0.01057579,12.45691,1.528947,8.147379,46df,M030718_025_3
025,M030718,-8.25,-8.58725,30.0286,43.3025,4,0.8626378,0.9923619,0.006756757,12.78192,1.404448,9.101025,46df,M030718_025_4
025,M030718,-8.25,-8.58725,30.0286,43.3025,5,0.2234105,0.9653349,0.007638073,19.0376,1.913467,9.949267,46df,M030718_025_5
029,M030718,-11.8125,-15.64275,24.17122,41.8055,2,6.181548,0.9756169,0.005287896,8.539783,2.079693,4.106272,12o,M030718_029_2
033,M030718,-9.25,-9.93732,29.20068,41.923,2,3.639658,0.9941245,0.0008813161,8.807095,1.296727,6.79179,46df,M030718_033_2
042,M030718,-9.125,-9.85287,29.93203,40.7025,2,2.233532,0.9447709,0.006462985,9.196854,8.150197,1.128421,46df,M030718_042_2
043,M030718,-9,-8.5886,30.3774,40.61,2,1.144825,0.9753231,0.004112808,11.52497,7.650771,1.50638,8B,M030718_043_2
044,M030718,-7.625,-7.15023,32.13553,40.6275,2,4.421147,0.9421269,0.04905993,6.295825,5.05162,1.246298,8B,M030718_044_2
050,M030718,-10.5,-12.76229,27.56029,39.3725,1,6.429314,0.9521152,0.02996475,8.854253,1.286977,6.879882,46df,M030718_050_1
051,M030718,-11.25,-11.41198,27.62828,39.3825,2,0.5397617,0.9879553,0.004700352,12.56264,7.306151,1.71946,46df,M030718_051_2
055,M030718,-6.75,-20.88384,25.21216,38.029,2,0.7468781,0.9988249,0.005287896,11.37848,2.189168,5.197625,46v,M030718_055_2
055,M030718,-6.75,-20.88384,25.21216,38.029,3,1.671041,0.9988249,0.01938896,16.83845,1.679218,10.02756,46v,M030718_055_3
060,M030718,-11.25,-13.12652,27.19504,37.936,2,3.224283,0.9753231,0.0660987,7.241132,1.226943,5.901765,46df,M030718_060_2
060,M030718,-11.25,-13.12652,27.19504,37.936,4,0.4476408,0.9994125,0.001175088,17.88802,1.867824,9.576927,46df,M030718_060_4
061,M030718,-11.5,-11.78105,27.47994,37.9335,2,0.9436586,0.9797297,0.01645123,9.041016,1.356152,6.666668,46df,M030718_061_2
061,M030718,-11.5,-11.78105,27.47994,37.9335,4,0.3816143,0.9575204,0.01821387,12.37743,3.2337,3.827636,46df,M030718_061_4
075,M030718,-9.625,-7.70625,31.19915,36.056,2,0.5723512,0.9952996,0.001175088,11.61277,1.520588,7.637027,6DR,M030718_075_2
075,M030718,-9.625,-7.70625,31.19915,36.056,4,0.4497693,0.9988249,0,19.0931,2.317357,8.239172,6DR,M030718_075_4
076,M030718,-8.5,-6.41386,32.59674,34.9375,1,2.767702,0.9538778,0.02320799,7.969629,2.838576,2.807615,6DR,M030718_076_1
077,M030718,-7.125,-21.32496,25.3608,35.285,1,15.01834,0.939483,0.04142186,3.986631,1.025906,3.885962,8A,M030718_077_1
078,M030718,-7.375,-19.9466,26.56784,35.3,2,5.204387,0.9747356,0.02908343,7.983202,1.506324,5.29979,8A,M030718_078_2
080,M030718,-8.75,-16.73036,27.98036,35.35,2,2.172859,0.9976498,0.002643948,14.32305,2.089001,6.856411,46d,M030718_080_2
093,M030718,-10.625,-15.61772,27.33208,33.583,2,6.072906,0.9891304,0.004112808,11.31572,2.254619,5.018905,46d,M030718_093_2
095,M030718,-11.5,-12.28964,28.26634,33.471,2,0.3472407,0.9976498,0.002643948,15.10884,2.878092,5.249604,8A,M030718_095_2
096,M030718,-7.25,-10.5615,33.12416,33.281,1,5.56088,0.9388954,0.02144536,4.049205,2.470542,1.638994,6DR,M030718_096_1
097,M030718,-10.5,-9.1579,30.33058,33.3635,2,2.559244,0.9891304,0.01968273,8.955027,1.190467,7.522284,6DR,M030718_097_2
097,M030718,-10.5,-9.1579,30.33058,33.3635,3,8.898981,1,0.0005875441,12.58272,1.628876,7.724788,6DR,M030718_097_3
113,M030718,-7.75,-3.719,34.11175,30.8545,2,0.09806582,1,0.002197802,13.36132,1.670055,8.000529,6DR,M030718_113_2
114,M030718,-8,-20.8105,26.16225,30.9795,2,0.2679875,0.9899381,0.004406581,17.71391,2.300261,7.700828,8A,M030718_114_2
115,M030718,-12.625,-16.71143,24.09952,27.477,1,3.017921,0.996181,0.0146886,4.56377,1.594507,2.862183,6DC,M030718_115_1
124,M030718,-9.5,-5.09547,32.37698,29.5755,1,1.652702,0.9720917,0.004112808,11.77477,3.557727,3.309634,6DR,M030718_124_1
128,M030718,-8,-14.3632,30.3792,26.686,1,5.264593,0.9958872,0.0005875441,12.33201,1.242685,9.923684,6DC,M030718_128_1
128,M030718,-8,-14.3632,30.3792,26.686,2,10.61417,0.9823737,0.001762632,6.788707,1.353997,5.013828,6DC,M030718_128_2
130,M030718,-13,-11.58,27.26412,25.996,2,1.956458,0.9856052,0.001175088,5.770809,1.353514,4.263575,6DC,M030718_130_2
135,M030718,-8.125,-5.40718,34.10962,27.822,2,2.092438,0.9900118,0.02585194,9.180584,1.695071,5.416048,6DR,M030718_135_2
139,M030718,-9.25,-14.57414,29.68185,25.1405,1,5.450012,0.9841363,0.0546416,7.61394,2.336455,3.258757,6DC,M030718_139_1
140,M030718,-8.25,-13.2268,31.4346,25.248,1,26.05641,0.9982374,0.005581669,13.0008,1.250034,10.40035,6DC,M030718_140_1
140,M030718,-8.25,-13.2268,31.4346,25.248,6,21.00109,0.9950058,0.01586369,7.409145,0.8341419,8.882357,6DC,M030718_140_6
142,M030718,-8.625,-10.47882,32.3417,24.943,1,0.1797318,0.9853165,0.04083431,14.16389,2.59345,5.46141,6DC,M030718_142_1
142,M030718,-8.625,-10.47882,32.3417,24.943,2,18.67623,0.9762045,0.04318449,6.838053,0.9663317,7.0763,6DC,M030718_142_2
150,M030718,-8.875,-13.3463,31.18138,23.715,2,1.218575,1,0.005581669,11.50132,1.613737,7.127132,6DC,M030718_150_2
152,M030718,-8,-10.6434,33.1554,23.765,1,24.0694,0.9850176,0.05405406,7.742898,1.027106,7.538556,6DC,M030718_152_1
156,M030718,-7.25,-5.42239,35.06456,25.18,2,0.4168865,0.9973561,0.02585194,9.402676,2.126712,4.421227,6DC,M030718_156_2
002,M030818,-5.75,-15.5392,25.99056,45.865,2,0.1508907,0.9336075,0.007638073,20.09572,1.94695,10.32164,12r,M030818_002_2
002,M030818,-5.75,-15.5392,25.99056,45.865,3,0.167154,0.9336075,0.001762632,18.53858,1.58233,11.716,12r,M030818_002_3
003,M030818,-6.75,-14.58305,25.8466,45.8725,2,9.385737,0.943302,0.01527615,6.540744,1.459997,4.47997,12r,M030818_003_2
003,M030818,-6.75,-14.58305,25.8466,45.8725,4,1.335341,0.9985312,0.001175088,14.92857,1.786353,8.35701,12r,M030818_003_4
004,M030818,-6.875,-13.54684,26.64076,45.925,2,3.767262,0.9820799,0.07050529,8.66562,1.98561,4.364211,12r,M030818_004_2
005,M030818,-7.875,-12.05832,26.7144,45.865,2,5.564451,0.985899,0.06874266,8.805,1.378902,6.385517,11ml,M030818_005_2
007,M030818,-7.5,-9.97884,28.3912,45.97,2,3.494999,0.9717979,0.04230317,7.847379,1.83761,4.270427,46d,M030818_007_2
011,M030818,-6.875,-15.96754,26.51046,44.495,2,0.9637193,0.9979436,0.008519389,12.91074,1.745141,7.39811,46v,M030818_011_2
014,M030818,-8.5,-11.1374,27.91945,44.6225,2,0.739135,0.9450646,0.007638073,12.34685,1.74796,7.063575,46v,M030818_014_2
014,M030818,-8.5,-11.1374,27.91945,44.6225,3,0.4741771,0.9450646,0.001175088,10.93394,1.401207,7.80323,46v,M030818_014_3
016,M030818,-9,-8.90172,28.33238,44.573,2,0.2339818,0.9844301,0.004406581,9.338724,1.779379,5.248304,46df,M030818_016_2
016,M030818,-9,-8.90172,28.33238,44.573,3,1.41702,0.9844301,0.1457109,9.234609,1.334179,6.921566,46df,M030818_016_3
017,M030818,-7.75,-18.952,24.03174,42.911,2,1.965415,0.9811986,0.02555817,6.422678,1.684822,3.812081,12l,M030818_017_2
017,M030818,-7.75,-18.952,24.03174,42.911,3,1.149401,0.9950058,0.001175088,13.95083,1.617223,8.626411,12l,M030818_017_3
018,M030818,-7,-17.85288,26.06626,43.121,2,1.39198,0.9591657,0.005287896,13.8167,1.860519,7.426263,12l,M030818_018_2
018,M030818,-7,-17.85288,26.06626,43.121,3,2.597222,0.9591657,0.02350176,9.608226,1.876087,5.121419,12l,M030818_018_3
022,M030818,-10.25,-12.56907,26.61446,43.2185,2,0.005739818,1,0,21.26313,4.657094,4.56575,46v,M030818_022_2
022,M030818,-10.25,-12.56907,26.61446,43.2185,3,0.220523,0.9994125,0.01116334,11.3923,1.582341,7.199652,46v,M030818_022_3
023,M030818,-9.625,-11.2506,27.7376,43.286,2,2.66949,0.970329,0.02614571,8.442232,1.608606,5.248165,46v,M030818_023_2
023,M030818,-9.625,-11.2506,27.7376,43.286,5,2.647849,0.985899,0.0146886,12.84193,2.315954,5.544986,46v,M030818_023_5
028,M030818,-9.9375,-16.8644,25.13856,41.775,2,3.835878,0.9800235,0.0766745,5.852024,1.337786,4.37441,45,M030818_028_2
032,M030818,-10.75,-11.29006,27.21728,41.993,1,12.2898,0.970329,0.04318449,8.113356,1.779584,4.559131,46v,M030818_032_1
033,M030818,-9.25,-9.93732,29.20068,41.923,1,20.81533,0.9518214,0.01674501,6.2906,1.354098,4.645603,46df,M030818_033_1
033,M030818,-9.25,-9.93732,29.20068,41.923,2,5.23444,0.9982374,0.00146886,13.7514,1.589278,8.652614,46df,M030818_033_2
035,M030818,-8,-20.20959,24.00108,40.483,2,2.316992,0.9712104,0.01880141,10.30438,1.619098,6.364269,45,M030818_035_2
044,M030818,-7.625,-7.15023,32.13553,40.6275,2,0.5451958,0.9978541,0.01615746,11.46924,1.784602,6.426775,8B,M030818_044_2
050,M030818,-10.5,-12.76229,27.56029,39.3725,2,0.9207133,0.9944183,0.0146886,10.63264,1.489599,7.13792,46df,M030818_050_2
051,M030818,-11.25,-11.41198,27.62828,39.3825,2,0.4627977,0.9967685,0.008519389,11.39657,1.603174,7.108753,46df,M030818_051_2
055,M030818,-6.75,-20.88384,25.21216,38.029,2,1.644002,1,0.004700352,15.50222,1.438299,10.77816,46v,M030818_055_2
066,M030818,-6.5,-21.01544,25.53636,36.623,2,2.031216,0.9820799,0.01556992,8.858035,1.474218,6.008633,8A,M030818_066_2
069,M030818,-11.375,-16.4032,24.97679,36.6705,2,2.634099,0.9574031,0.01938896,11.06945,1.573455,7.035119,46v,M030818_069_2
069,M030818,-11.375,-16.4032,24.97679,36.6705,3,1.040268,0.9574031,0.005581669,9.800163,1.419439,6.904249,46v,M030818_069_3
075,M030818,-9.625,-7.70625,31.19915,36.056,2,0.7092982,0.9979436,0.007638073,11.26267,1.433885,7.854656,6DR,M030818_075_2
078,M030818,-7.375,-19.9466,26.56784,35.3,2,2.828553,0.9947121,0.01116334,11.14088,1.567295,7.108347,8A,M030818_078_2
080,M030818,-8.75,-16.73036,27.98036,35.35,2,1.152807,0.9894242,0.01733255,11.3023,1.952596,5.788343,46d,M030818_080_2
083,M030818,-11.625,-11.81337,28.13437,34.815,2,1.960326,0.976792,0.1104583,7.246371,1.545433,4.688895,8A,M030818_083_2
085,M030818,-7.625,-8.73624,33.30792,34.75,2,1.831772,0.993537,0.02350176,9.184467,1.622814,5.659594,6DR,M030818_085_2
093,M030818,-10.625,-15.61772,27.33208,33.583,2,5.443706,0.9988249,0.0199765,10.27218,1.246708,8.23945,46d,M030818_093_2
100,M030818,-7.75,-4.64648,33.89272,32.317,2,9.185055,0.9756169,0.03378378,6.594521,1.332918,4.947432,6DR,M030818_100_2
109,M030818,-10.625,-10.11827,29.84595,32.0405,2,6.125072,0.9092245,0.1583431,6.300507,1.176353,5.355965,8B,M030818_109_2
118,M030818,-9.25,-12.82396,30.28902,27.962,2,0.7633611,0.9949238,0.007638073,12.98266,2.555825,5.079635,6DC,M030818_118_2
124,M030818,-9.5,-5.09547,32.37698,29.5755,2,0.5281609,0.9976498,0.01116334,10.4974,1.818286,5.77324,6DR,M030818_124_2
128,M030818,-8,-14.3632,30.3792,26.686,2,2.90753,0.9941245,0.002643948,14.40288,1.4435,9.977745,6DC,M030818_128_2
128,M030818,-8,-14.3632,30.3792,26.686,3,7.750177,0.9641598,0.02232667,7.623195,1.400046,5.444962,6DC,M030818_128_3
128,M030818,-8,-14.3632,30.3792,26.686,4,10.26251,0.9762045,0,11.38841,1.820064,6.25715,6DC,M030818_128_4
129,M030818,-13.625,-12.9252,25.56974,25.881,2,1.804068,1,0.0005875441,17.32485,1.75917,9.84831,6DC,M030818_129_2
135,M030818,-8.25,-5.42561,33.80149,27.8245,1,7.556408,0.9903055,0.006169213,10.69755,2.334723,4.581936,6DR,M030818_135_1
135,M030818,-8.25,-5.42561,33.80149,27.8245,3,20.42355,0.9042303,0.09811986,3.948057,1.059054,3.727909,6DR,M030818_135_3
136,M030818,-8.625,-4.3626,33.82044,27.827,2,7.463736,0.9715041,0.06903642,6.691329,1.522961,4.393632,6DR,M030818_136_2
140,M030818,-8.25,-13.2268,31.4346,25.248,1,29.69033,0.9973561,0.006756757,12.42391,1.239977,10.01947,6DC,M030818_140_1
140,M030818,-8.25,-13.2268,31.4346,25.248,2,19.99187,0.9941245,0.007344301,7.42778,0.8643664,8.593323,6DC,M030818_140_2
142,M030818,-8.625,-10.47882,32.3417,24.943,1,16.13404,1,0.009106933,12.90863,1.006694,12.82279,6DC,M030818_142_1
144,M030818,-8,-7.51144,33.52482,26.5041,2,1.202918,0.996181,0.007931845,12.34051,2.024328,6.096102,6DC,M030818_144_2
150,M030818,-8.875,-13.3463,31.18138,23.715,2,0.2494898,0.9997062,0.009400705,12.77133,1.608632,7.939249,6DC,M030818_150_2
002,M030918,-5.75,-15.5392,25.99056,45.865,2,0.8346305,0.9594595,0.001175088,9.65832,1.634698,5.90832,12r,M030918_002_2
002,M030918,-5.75,-15.5392,25.99056,45.865,3,0.8370175,0.9171563,0.003525264,12.43252,1.725639,7.20459,12r,M030918_002_3
002,M030918,-5.75,-15.5392,25.99056,45.865,5,2.31434,0.9888366,0.00293772,12.07723,1.352013,8.932781,12r,M030918_002_5
003,M030918,-6.75,-14.58305,25.8466,45.8725,2,10.36462,0.9482961,0.009400705,6.431792,1.458351,4.410316,12r,M030918_003_2
003,M030918,-6.75,-14.58305,25.8466,45.8725,3,2.210502,0.9482961,0.00146886,8.715324,1.551701,5.616628,12r,M030918_003_3
003,M030918,-6.75,-14.58305,25.8466,45.8725,4,1.750743,0.9947121,0.0008813161,14.72195,1.765913,8.336734,12r,M030918_003_4
004,M030918,-6.875,-13.54684,26.64076,45.925,2,1.061065,0.9982374,0.01968273,13.65325,1.763468,7.742273,12r,M030918_004_2
005,M030918,-8,-12.05429,26.5748,45.8575,2,2.239245,0.9905993,0.004700352,10.9671,1.929742,5.683195,11ml,M030918_005_2
007,M030918,-7.625,-9.98036,28.2138,45.9625,1,1.039587,0.9973561,0.002350176,13.93455,2.557859,5.447739,46d,M030918_007_1
007,M030918,-7.625,-9.98036,28.2138,45.9625,3,5.152856,0.9753231,0.02291422,8.267605,1.641103,5.037834,46d,M030918_007_3
011,M030918,-6.875,-15.96754,26.51046,44.495,2,1.754206,0.9885429,0.01674501,4.653883,1.075961,4.325328,46v,M030918_011_2
011,M030918,-6.875,-15.96754,26.51046,44.495,3,2.871331,0.9744418,0.02673326,9.015208,1.542236,5.845544,46v,M030918_011_3
014,M030918,-8.5,-11.1374,27.91945,44.6225,2,1.765715,0.9917744,0.008519389,9.89221,1.863875,5.307334,46v,M030918_014_2
016,M030918,-9.125,-8.90638,28.11877,44.5655,2,0.2163478,0.9997062,0.003231492,13.10908,2.1021,6.236183,46df,M030918_016_2
017,M030918,-7.75,-18.952,24.03174,42.911,2,2.134316,0.9750293,0.01909518,6.80925,1.342764,5.071072,12l,M030918_017_2
017,M030918,-7.75,-18.952,24.03174,42.911,3,1.091156,0.9950058,0.003231492,15.57207,1.712508,9.09314,12l,M030918_017_3
018,M030918,-7,-17.85288,26.06626,43.121,2,1.989932,0.9553466,0.0987074,6.695585,1.649382,4.05945,12l,M030918_018_2
018,M030918,-7,-17.85288,26.06626,43.121,3,0.9738728,0.9553466,0.01175088,9.970984,1.639546,6.081551,12l,M030918_018_3
023,M030918,-9.75,-11.2506,27.7376,43.286,2,11.62843,0.9659224,0.157168,6.665511,1.624219,4.103826,46v,M030918_023_2
025,M030918,-8.25,-8.58725,30.0286,43.3025,2,2.488948,0.9764982,0.01380729,7.777998,1.400305,5.554503,46df,M030918_025_2
032,M030918,-10.75,-11.29006,27.21728,41.993,1,11.37908,0.9571093,0.0525852,6.07031,1.585854,3.827785,46v,M030918_032_1
032,M030918,-10.75,-11.29006,27.21728,41.993,3,3.133884,0.96651,0.004406581,11.3791,1.198272,9.496255,46v,M030918_032_3
032,M030918,-10.75,-11.29006,27.21728,41.993,4,1.038542,0.96651,0.004994125,13.79671,1.477625,9.337086,46v,M030918_032_4
033,M030918,-9.25,-9.93732,29.20068,41.923,2,16.78276,0.9039366,0.01821387,5.873353,1.233578,4.761235,46df,M030918_033_2
033,M030918,-9.25,-9.93732,29.20068,41.923,3,4.766993,0.9644536,0.001762632,12.24009,1.532246,7.988336,46df,M030918_033_3
035,M030918,-8,-20.20959,24.00108,40.483,1,32.56352,0.974148,0.2987662,4.304716,1.573639,2.735516,45,M030918_035_1
035,M030918,-8,-20.20959,24.00108,40.483,2,0.9535578,0.9327262,0.002350176,11.49251,1.639932,7.007921,45,M030918_035_2
035,M030918,-8,-20.20959,24.00108,40.483,3,1.845666,0.9327262,0.02497062,9.372946,2.408419,3.891742,45,M030918_035_3
036,M030918,-8.375,-18.74306,25.18874,40.5405,2,1.700009,0.9976498,0.01086957,12.0156,1.398507,8.591733,45,M030918_036_2
036,M030918,-8.375,-18.74306,25.18874,40.5405,3,10.59839,0.953584,0.02820211,4.673664,1.155622,4.044283,45,M030918_036_3
042,M030918,-9.125,-9.85287,29.93203,40.7025,2,0.3402217,0.9929495,0.001762632,14.28515,1.78065,8.022433,46df,M030918_042_2
045,M030918,-6.5,-20.76815,25.23766,39.2525,2,1.99449,0.9856052,0.02996475,10.3371,1.407001,7.346907,46v,M030918_045_2
049,M030918,-11.25,-14.70038,26.06019,39.295,1,21.57114,0.9183314,0.06815511,3.732619,0.9329267,4.000978,46v,M030918_049_1
049,M030918,-11.25,-14.70038,26.06019,39.295,3,34.68815,0.9574031,0.1665687,6.466911,1.45058,4.458154,46v,M030918_049_3
050,M030918,-10.5,-12.76229,27.56029,39.3725,1,0.4912606,0.9709166,0.001175088,19.13011,2.195583,8.712998,46df,M030918_050_1
050,M030918,-10.5,-12.76229,27.56029,39.3725,5,2.313988,0.9861927,0.0326087,7.721633,1.105793,6.982892,46df,M030918_050_5
051,M030918,-11.375,-11.42132,27.39152,39.38,2,0.9986918,0.9994125,0.006756757,13.20585,1.682932,7.846931,46df,M030918_051_2
055,M030918,-6.75,-20.88384,25.21216,38.029,2,1.9135,0.9976498,0.00293772,17.77098,2.22507,7.986709,46v,M030918_055_2
060,M030918,-11.25,-13.12652,27.19504,37.936,2,0.565137,0.9985312,0.008519389,11.80956,1.405595,8.401821,46df,M030918_060_2
065,M030918,-8.75,-6.2824,32.10404,37.534,2,3.867997,0.9905993,0.02849589,10.35526,1.738554,5.956251,6DR,M030918_065_2
072,M030918,-11,-11.90085,28.59325,36.2185,2,6.099512,0.9976498,0.002350176,10.97284,1.356993,8.086144,8B,M030918_072_2
072,M030918,-11,-11.90085,28.59325,36.2185,3,2.305003,0.9879553,0.01880141,9.513972,1.575953,6.036966,8B,M030918_072_3
074,M030918,-10.625,-9.24226,29.89408,36.216,2,2.587992,0.9950058,0.02849589,7.671878,1.248226,6.146224,8B,M030918_074_2
075,M030918,-9.625,-7.70625,31.19915,36.056,2,0.4816659,0.9994125,0.007638073,10.65547,1.523861,6.992419,6DR,M030918_075_2
077,M030918,-7.125,-21.32496,25.3608,35.285,2,31.65341,0.9350764,0.08313748,5.482673,1.302501,4.209342,8A,M030918_077_2
078,M030918,-7.375,-19.9466,26.56784,35.3,2,4.561734,0.9700353,0.04612221,6.504591,1.363299,4.771215,8A,M030918_078_2
083,M030918,-11.625,-11.81337,28.13437,34.815,2,8.273807,0.9529965,0.09694477,6.034188,1.368122,4.410563,8A,M030918_083_2
093,M030918,-10.625,-15.61772,27.33208,33.583,2,9.308091,0.9973561,0.01968273,10.35057,1.125672,9.195011,46d,M030918_093_2
095,M030918,-11.5,-12.28964,28.26634,33.471,2,0.3075033,0.9955934,0.01057579,9.952525,1.574799,6.31987,8A,M030918_095_2
100,M030918,-7.75,-4.64648,33.89272,32.317,2,8.134573,0.9527027,0.04847239,6.21234,1.283692,4.83943,6DR,M030918_100_2
109,M030918,-10.625,-10.11827,29.84595,32.0405,2,18.24212,0.9712104,0.1274971,6.868124,1.321586,5.196882,8B,M030918_109_2
117,M030918,-9.5,-14.23988,29.14431,27.8995,2,1.856879,0.9988249,0.00293772,8.756382,1.3661,6.409767,6DC,M030918_117_2
118,M030918,-9.25,-12.82396,30.28902,27.962,1,33.29158,0.9256757,0.096651,4.639546,1.001942,4.630552,6DC,M030918_118_1
118,M030918,-9.25,-12.82396,30.28902,27.962,3,3.447388,0.9835488,0.1081081,7.169906,1.514653,4.733695,6DC,M030918_118_3
119,M030918,-10.625,-11.47318,29.29672,27.712,2,0.7945466,0.9994125,0.001762632,11.66059,1.484645,7.854129,6DC,M030918_119_2
125,M030918,-7.875,-3.8075,34.413,29.5905,1,11.79698,0.9515276,0.1518801,6.271164,1.751279,3.580905,6DR,M030918_125_1
128,M030918,-8,-14.3632,30.3792,26.686,2,7.686213,0.9676851,0.04318449,7.867637,1.319923,5.960681,6DC,M030918_128_2
128,M030918,-8,-14.3632,30.3792,26.686,4,3.622915,0.996181,0.01175088,13.23855,1.398733,9.464674,6DC,M030918_128_4
130,M030918,-13.125,-11.574,26.86753,25.9385,2,20.14082,0.9712104,0.0893067,6.702192,1.180227,5.67873,6DC,M030918_130_2
135,M030918,-8.25,-5.42561,33.80149,27.8245,2,2.583394,0.9908931,0.01733255,9.825621,1.946264,5.048453,6DR,M030918_135_2
136,M030918,-8.625,-4.3626,33.82044,27.827,2,0.2031155,0.9970623,0.03084606,12.36766,1.901277,6.50492,6DR,M030918_136_2
136,M030918,-8.625,-4.3626,33.82044,27.827,3,3.995225,0.9894242,0.03025852,7.458331,1.276015,5.845019,6DR,M030918_136_3
140,M030918,-8.25,-13.2268,31.4346,25.248,1,21.46431,0.9952996,0.007638073,7.75576,0.8147601,9.519071,6DC,M030918_140_1
140,M030918,-8.25,-13.2268,31.4346,25.248,2,27.15594,0.9952996,0.00146886,12.74753,1.140949,11.17274,6DC,M030918_140_2
140,M030918,-8.25,-13.2268,31.4346,25.248,4,0.3379493,0.9729093,0.004994125,17.37507,2.432541,7.142767,6DC,M030918_140_4
142,M030918,-8.625,-10.47882,32.3417,24.943,2,14.42385,1,0.0126322,13.92174,1.089844,12.77407,6DC,M030918_142_2
144,M030918,-8,-7.51144,33.52482,26.5041,2,0.5620153,0.9976498,0.001175088,11.34062,1.727937,6.563097,6DC,M030918_144_2
150,M030918,-8.875,-13.3463,31.18138,23.715,2,0.6557883,0.996181,0.01439483,10.61403,1.474554,7.198128,6DC,M030918_150_2
152,M030918,-8,-10.6434,33.1554,23.765,2,20.9306,0.9838426,0.1624559,6.914233,1.092257,6.330225,6DC,M030918_152_2
152,M030918,-8,-10.6434,33.1554,23.765,3,1.928087,0.9908931,0.002350176,7.205002,1.325558,5.43545,6DC,M030918_152_3
154,M030918,-9,-7.64236,32.77786,25.21,2,2.012629,0.9982374,0.007050529,9.741556,1.343263,7.252157,6DC,M030918_154_2
156,M030918,-7.25,-5.42239,35.06456,25.18,2,11.61185,0.9644536,0.0525852,4.962828,1.230692,4.032551,6DC,M030918_156_2
156,M030918,-7.25,-5.42239,35.06456,25.18,3,0.1935177,0.9982374,0.005875441,11.03726,1.71373,6.440487,6DC,M030918_156_3
002,M031218,-5.75,-15.5392,25.99056,45.865,2,1.162979,0.9885429,0.04289072,15.90868,2.787509,5.707132,12r,M031218_002_2
002,M031218,-5.75,-15.5392,25.99056,45.865,3,0.7442877,0.9706228,0.0005875441,10.70124,1.673264,6.39543,12r,M031218_002_3
002,M031218,-5.75,-15.5392,25.99056,45.865,4,0.4487379,0.9706228,0.06374853,10.42472,1.784516,5.841764,12r,M031218_002_4
002,M031218,-5.75,-15.5392,25.99056,45.865,5,0.9747566,0.9838426,0.006756757,16.16269,1.9464,8.303891,12r,M031218_002_5
003,M031218,-6.75,-14.58305,25.8466,45.8725,2,1.190717,0.996181,0.001175088,12.84251,1.757194,7.308535,12r,M031218_003_2
005,M031218,-8.125,-12.05026,26.4352,45.85,2,19.38226,0.9779671,0.03760282,5.526278,1.17955,4.685074,11ml,M031218_005_2
007,M031218,-7.625,-9.98036,28.2138,45.9625,2,0.3773358,0.9700353,0.04759107,10.9209,2.017732,5.412463,46d,M031218_007_2
013,M031218,-9.375,-13.84222,25.675,44.48,2,2.759807,0.9947121,0.03084606,9.777539,1.674372,5.839526,11ml,M031218_013_2
014,M031218,-8.625,-11.13488,27.76624,44.615,2,0.8615888,1,0,27.27369,2.821501,9.666376,46v,M031218_014_2
017,M031218,-7.75,-18.952,24.03174,42.911,2,1.517949,0.9903055,0.006462985,12.64137,1.556771,8.12025,12l,M031218_017_2
018,M031218,-7,-17.85288,26.06626,43.121,2,1.498345,0.9994125,0.001175088,36.96501,3.425213,10.79203,12l,M031218_018_2
018,M031218,-7,-17.85288,26.06626,43.121,3,0.5963633,0.9905993,0.01821387,11.30258,1.595618,7.083513,12l,M031218_018_3
032,M031218,-10.75,-11.29006,27.21728,41.993,2,3.754734,0.8954172,0.01175088,7.861525,1.136746,6.915812,46v,M031218_032_2
032,M031218,-10.75,-11.29006,27.21728,41.993,3,5.757328,0.9430082,0.113396,5.957917,1.476948,4.033937,46v,M031218_032_3
032,M031218,-10.75,-11.29006,27.21728,41.993,4,4.683069,0.8954172,0.08725029,9.287245,1.45474,6.384126,46v,M031218_032_4
033,M031218,-9.25,-9.93732,29.20068,41.923,2,2.210377,0.9004113,0.02408931,9.483179,1.746091,5.43109,46df,M031218_033_2
036,M031218,-8.375,-18.74306,25.18874,40.5405,2,14.63584,0.9791422,0.01674501,5.88063,1.207876,4.86857,45,M031218_036_2
042,M031218,-9.125,-9.85287,29.93203,40.7025,2,0.3428769,0.9668038,0.0008813161,14.54444,1.73013,8.406559,46df,M031218_042_2
051,M031218,-11.5,-11.43066,27.15476,39.3775,2,8.341109,0.9556404,0.06051704,7.786558,1.931339,4.03169,46df,M031218_051_2
055,M031218,-6.75,-20.88384,25.21216,38.029,2,1.180924,1,0,25.6644,2.004865,12.80106,46v,M031218_055_2
056,M031218,-10.5,-19.74755,23.0316,37.8465,2,3.229225,0.9800235,0.1371915,6.994962,2.07743,3.367122,45,M031218_056_2
060,M031218,-11.25,-13.12652,27.19504,37.936,2,1.244484,0.9976498,0.01233843,11.48643,1.409871,8.147148,46df,M031218_060_2
061,M031218,-11.625,-11.78105,27.47994,37.9335,2,0.9536492,0.9967685,0.002350176,13.75803,3.460929,3.975243,46df,M031218_061_2
064,M031218,-8.5,-7.62148,32.04876,37.474,2,1.115211,0.9879553,0.002056404,12.44176,1.662236,7.484952,8B,M031218_064_2
065,M031218,-8.75,-6.2824,32.10404,37.534,2,3.681592,1,0,15.73378,2.991251,5.259933,6DR,M031218_065_2
076,M031218,-8.75,-6.43504,32.28636,34.925,1,20.42231,0.9988249,0.01028202,12.29077,1.341673,9.160783,6DR,M031218_076_1
076,M031218,-8.75,-6.43504,32.28636,34.925,3,11.45386,0.9412456,0.03437133,5.50325,1.213549,4.53484,6DR,M031218_076_3
077,M031218,-7.125,-21.32496,25.3608,35.285,1,31.56772,0.9139248,0.06815511,5.601663,1.548813,3.616746,8A,M031218_077_1
078,M031218,-7.5,-19.9466,26.56784,35.3,2,4.502158,0.9885429,0.01733255,9.260316,1.470558,6.297144,8A,M031218_078_2
079,M031218,-11.5,-18.44845,23.98195,35.3075,2,1.662092,0.9051116,0.02790834,9.271924,1.966537,4.714849,46v,M031218_079_2
079,M031218,-11.5,-18.44845,23.98195,35.3075,3,3.132343,0.9051116,0.01645123,8.706625,1.253534,6.945662,46v,M031218_079_3
083,M031218,-11.625,-11.81337,28.13437,34.815,2,1.730782,0.9958872,0.004406581,9.323588,1.599264,5.829926,8A,M031218_083_2
085,M031218,-7.625,-8.73624,33.30792,34.75,2,1.592855,0.9847239,0.04347826,8.292801,1.679247,4.938406,6DR,M031218_085_2
093,M031218,-10.625,-15.61772,27.33208,33.583,1,12.91881,1,0.05816686,10.14506,1.106046,9.17236,46d,M031218_093_1
096,M031218,-7.25,-10.5615,33.12416,33.281,2,1.345267,0.9944954,0.02673326,10.44201,1.328753,7.858505,6DR,M031218_096_2
097,M031218,-10.625,-9.1692,30.01684,33.371,2,1.824827,0.9967685,0.005581669,13.12633,1.907718,6.880645,6DR,M031218_097_2
109,M031218,-10.625,-10.11827,29.84595,32.0405,2,16.49585,0.980611,0.119859,7.072265,1.40348,5.039091,8B,M031218_109_2
110,M031218,-9.75,-7.1587,31.48925,30.9,2,10.07384,0.9591657,0.08960047,6.879776,1.631159,4.217723,6DR,M031218_110_2
117,M031218,-9.5,-14.23988,29.14431,27.8995,1,12.99769,0.9668038,0.04582844,6.650523,1.44316,4.608306,6DC,M031218_117_1
118,M031218,-9.25,-12.82396,30.28902,27.962,2,1.435972,0.9894242,0.004700352,10.4858,3.28012,3.196774,6DC,M031218_118_2
125,M031218,-7.875,-3.8075,34.413,29.5905,2,13.09159,0.9647474,0.0126322,7.447332,2.877939,2.587731,6DR,M031218_125_2
128,M031218,-8,-14.3632,30.3792,26.686,2,33.65234,0.976792,0.039953,9.046281,1.601689,5.647964,6DC,M031218_128_2
128,M031218,-8,-14.3632,30.3792,26.686,3,5.505469,0.976792,0.04964747,11.22589,1.817176,6.177658,6DC,M031218_128_3
134,M031218,-8.375,-6.66385,33.56136,28.2425,2,2.647416,0.9268507,0.07902468,7.601435,1.58108,4.807749,6DR,M031218_134_2
134,M031218,-8.375,-6.66385,33.56136,28.2425,3,3.890055,0.9268507,0.04612221,6.282157,1.308564,4.800802,6DR,M031218_134_3
134,M031218,-8.375,-6.66385,33.56136,28.2425,4,1.057698,0.9820799,0.01615746,13.20722,1.895753,6.966742,6DR,M031218_134_4
134,M031218,-8.375,-6.66385,33.56136,28.2425,5,0.9606821,0.9929495,0.005875441,14.38583,3.631495,3.961406,6DR,M031218_134_5
136,M031218,-8.625,-4.3626,33.82044,27.827,2,2.868803,0.9891304,0.06286722,7.045963,1.412475,4.988379,6DR,M031218_136_2
136,M031218,-8.625,-4.3626,33.82044,27.827,3,1.086947,0.9941245,0.002643948,15.79904,1.991904,7.931629,6DR,M031218_136_3
136,M031218,-8.625,-4.3626,33.82044,27.827,4,0.3929588,0.9952996,0.006756757,14.11867,1.837954,7.681732,6DR,M031218_136_4
136,M031218,-8.625,-4.3626,33.82044,27.827,5,1.281377,0.9958872,0.04465335,7.269296,1.662625,4.372179,6DR,M031218_136_5
138,M031218,-7.875,-15.9648,29.8894,25.498,2,11.20161,0.9712104,0.1019389,6.345416,1.767915,3.589208,6DC,M031218_138_2
140,M031218,-8.25,-13.2268,31.4346,25.248,2,28.69373,0.9892274,0.007638073,12.58743,1.168208,10.775,6DC,M031218_140_2
140,M031218,-8.25,-13.2268,31.4346,25.248,10,21.89056,0.9955934,0.01057579,7.012452,0.7888585,8.889365,6DC,M031218_140_10
142,M031218,-8.625,-10.47882,32.3417,24.943,1,15.98074,0.9988249,0.001762632,16.30591,1.135936,14.3546,6DC,M031218_142_1
144,M031218,-8,-7.51144,33.52482,26.5041,2,20.8113,0.9582844,0.09518214,5.497571,1.156208,4.75483,6DC,M031218_144_2
144,M031218,-8,-7.51144,33.52482,26.5041,3,0.5449045,0.9970623,0.004994125,12.63481,1.829818,6.904955,6DC,M031218_144_3
146,M031218,-6.75,-5.346,35.51948,26.472,2,1.734491,0.9861927,0.0199765,9.036847,2.088442,4.327075,6DC,M031218_146_2
152,M031218,-8,-10.6434,33.1554,23.765,2,6.648122,0.9192127,0.05522914,6.806705,1.518812,4.481597,6DC,M031218_152_2
154,M031218,-9.25,-7.6442,32.4662,25.215,2,0.2865169,0.9970623,0.04700353,11.0251,1.901035,5.799524,6DC,M031218_154_2
154,M031218,-9.25,-7.6442,32.4662,25.215,3,0.2927235,0.9982374,0,18.6353,2.178786,8.553066,6DC,M031218_154_3
155,M031218,-9,-6.57131,33.12917,25.21,2,3.663186,0.9300823,0.08578143,7.50563,1.569153,4.783237,6DC,M031218_155_2
155,M031218,-9,-6.57131,33.12917,25.21,3,2.079719,0.9300823,0.003819037,10.38667,1.689186,6.14892,6DC,M031218_155_3
156,M031218,-7.375,-5.43532,34.75228,25.185,2,20.58643,0.9691539,0.1183901,7.001337,1.544127,4.534173,6DC,M031218_156_2
156,M031218,-7.375,-5.43532,34.75228,25.185,3,0.2273158,0.9976498,0.004994125,13.11751,2.558884,5.126261,6DC,M031218_156_3
157,M031218,-5.875,-4.17134,36.53631,24.9575,2,16.46472,0.9441833,0.05640423,5.986352,1.124134,5.325303,6DC,M031218_157_2
157,M031218,-5.875,-4.17134,36.53631,24.9575,3,3.238615,0.9853114,0.0126322,8.468116,1.137328,7.445624,6DC,M031218_157_3
157,M031218,-5.875,-4.17134,36.53631,24.9575,4,9.832913,0.9853114,0.01439483,11.61721,1.263469,9.194692,6DC,M031218_157_4
002,M031318,-5.75,-15.5392,25.99056,45.865,2,0.3301673,0.970329,0,20.5491,1.816307,11.31367,12r,M031318_002_2
002,M031318,-5.75,-15.5392,25.99056,45.865,3,0.7085225,0.970329,0,25.19122,2.351399,10.71329,12r,M031318_002_3
004,M031318,-7,-13.54292,26.49788,45.9175,2,1.327579,0.9970623,0.01410106,11.5985,1.801516,6.43819,12r,M031318_004_2
006,M031318,-10.75,-10.72066,24.63408,45.7825,1,2.398689,0.9847239,0.05376028,8.977476,1.68233,5.336334,11ml,M031318_006_1
007,M031318,-7.625,-9.98036,28.2138,45.9625,2,5.219756,0.9759107,0.03084606,8.537213,1.584134,5.389198,46d,M031318_007_2
010,M031318,-7.75,-16.96932,24.73848,44.525,2,7.942719,0.9764982,0.03113984,8.90032,1.501761,5.92659,12r,M031318_010_2
011,M031318,-6.875,-15.96754,26.51046,44.495,2,0.6997204,1,0.002056404,17.97934,1.954197,9.200375,46v,M031318_011_2
012,M031318,-9.25,-14.94124,24.89884,44.415,2,6.944676,0.956228,0.07931845,6.272954,1.628567,3.851825,12r,M031318_012_2
012,M031318,-9.25,-14.94124,24.89884,44.415,3,2.878076,0.956228,0.03025852,10.43374,1.522084,6.854906,12r,M031318_012_3
014,M031318,-8.75,-11.13236,27.61303,44.6075,2,2.022193,0.9309636,0.009400705,9.361691,1.442366,6.490509,46v,M031318_014_2
016,M031318,-9.375,-8.91104,27.90516,44.558,2,6.581943,0.9668038,0.1671563,6.648185,1.818315,3.656234,46df,M031318_016_2
017,M031318,-7.75,-18.952,24.03174,42.911,2,1.264305,0.9245006,0.006756757,10.19638,1.741647,5.854447,12l,M031318_017_2
018,M031318,-7,-17.85288,26.06626,43.121,2,2.206576,0.996181,0.02262045,9.808552,1.723662,5.690532,12l,M031318_018_2
018,M031318,-7,-17.85288,26.06626,43.121,3,1.282655,0.9988249,0.0005875441,16.63904,1.653625,10.06216,12l,M031318_018_3
023,M031318,-10,-11.27098,27.25648,43.271,2,1.682017,0.9967685,0.06903642,14.6044,2.114183,6.907822,46v,M031318_023_2
024,M031318,-8.5,-9.86824,29.3765,43.356,1,14.1994,0.9579906,0.03877791,6.35069,1.806057,3.516329,46df,M031318_024_1
025,M031318,-8.25,-8.58725,30.0286,43.3025,2,2.696726,0.9982374,0.009988249,11.85944,1.582301,7.495058,46df,M031318_025_2
032,M031318,-10.75,-11.29006,27.21728,41.993,2,3.21398,0.9967685,0.006756757,11.02544,1.803274,6.114124,46v,M031318_032_2
033,M031318,-9.25,-9.93732,29.20068,41.923,2,19.61032,0.9594595,0.02849589,7.382137,1.228611,6.008525,46df,M031318_033_2
033,M031318,-9.25,-9.93732,29.20068,41.923,3,4.160626,0.9888366,0.006756757,13.25419,1.504242,8.811211,46df,M031318_033_3
036,M031318,-8.5,-18.74306,25.18874,40.5405,2,8.463017,0.9403643,0.03672151,6.954421,1.606185,4.329775,45,M031318_036_2
036,M031318,-8.5,-18.74306,25.18874,40.5405,3,6.073969,0.9553466,0.01909518,7.944479,1.670837,4.75479,45,M031318_036_3
036,M031318,-8.5,-18.74306,25.18874,40.5405,4,1.768802,0.9973561,0.002643948,16.00178,1.844039,8.677568,45,M031318_036_4
039,M031318,-10.375,-14.53643,26.57209,40.628,2,2.620452,0.9529965,0.006169213,9.160731,1.838584,4.982493,46v,M031318_039_2
039,M031318,-10.375,-14.53643,26.57209,40.628,4,1.031256,0.9529965,0.01380729,9.72191,1.409139,6.899186,46v,M031318_039_4
042,M031318,-9.125,-9.85287,29.93203,40.7025,2,1.59602,0.9700353,0.01233843,10.31154,4.142782,2.489038,46df,M031318_042_2
051,M031318,-11.5,-11.43066,27.15476,39.3775,2,0.9245033,0.9967685,0.01145711,11.46493,1.467338,7.813418,46df,M031318_051_2
055,M031318,-6.75,-20.88384,25.21216,38.029,2,1.209935,0.9848427,0.002056404,14.96529,1.764982,8.479001,46v,M031318_055_2
061,M031318,-11.625,-11.78105,27.47994,37.9335,2,0.3903788,1,0.001762632,19.64844,2.041891,9.622669,46df,M031318_061_2
065,M031318,-8.75,-6.2824,32.10404,37.534,2,11.74951,0.9336075,0.01527615,3.904565,1.647749,2.369636,6DR,M031318_065_2
065,M031318,-8.75,-6.2824,32.10404,37.534,3,2.110775,0.9491774,0.05170388,12.74696,2.537792,5.022855,6DR,M031318_065_3
065,M031318,-8.75,-6.2824,32.10404,37.534,4,2.706196,0.9491774,0.006756757,18.096,2.162834,8.366802,6DR,M031318_065_4
077,M031318,-7.125,-21.32496,25.3608,35.285,1,30.79863,0.9353701,0.1648061,5.646632,1.321326,4.273458,8A,M031318_077_1
078,M031318,-7.5625,-19.9466,26.56784,35.3,2,3.802434,0.9876616,0.03055229,7.837069,1.645087,4.763923,8A,M031318_078_2
093,M031318,-10.625,-15.61772,27.33208,33.583,2,13.70937,0.9932432,0.07579318,7.291872,1.090643,6.685844,46d,M031318_093_2
094,M031318,-11.75,-13.88733,27.33354,33.4735,2,43.37801,0.972973,0.0893067,5.811549,1.231521,4.718999,46d,M031318_094_2
096,M031318,-7.25,-10.5615,33.12416,33.281,1,3.099231,0.976792,0.07520564,7.434795,1.450671,5.125072,6DR,M031318_096_1
097,M031318,-10.75,-9.1692,30.01684,33.371,2,3.226607,0.989718,0.009106933,7.128455,1.031911,6.90801,6DR,M031318_097_2
097,M031318,-10.75,-9.1692,30.01684,33.371,3,1.031086,0.9932432,0.00293772,20.54841,1.725175,11.91091,6DR,M031318_097_3
097,M031318,-10.75,-9.1692,30.01684,33.371,4,4.60186,0.9932432,0.003231492,14.77765,1.762989,8.382156,6DR,M031318_097_4
097,M031318,-10.75,-9.1692,30.01684,33.371,5,0.4050273,0.9717979,0.00293772,9.423506,2.193237,4.296621,6DR,M031318_097_5
109,M031318,-10.625,-10.11827,29.84595,32.0405,1,9.407336,0.9030553,0.02878966,7.652827,1.209583,6.326833,8B,M031318_109_1
110,M031318,-9.75,-7.1587,31.48925,30.9,2,7.778967,0.9462397,0.07138661,7.0839,1.477167,4.795599,6DR,M031318_110_2
113,M031318,-7.75,-3.719,34.11175,30.8545,1,18.55328,0.9532902,0.1639248,6.18518,1.307253,4.731433,6DR,M031318_113_1
117,M031318,-9.5,-14.23988,29.14431,27.8995,2,14.03443,0.9847239,0.02056404,9.183078,1.143676,8.029438,6DC,M031318_117_2
123,M031318,-9.625,-6.1616,32.2338,29.582,2,14.18787,0.9994125,0.007344301,6.699946,1.614046,4.151027,6DR,M031318_123_2
125,M031318,-7.875,-3.8075,34.413,29.5905,1,3.077807,0.9641598,0.03290247,4.023206,2.014128,1.997493,6DR,M031318_125_1
125,M031318,-7.875,-3.8075,34.413,29.5905,3,12.03706,0.9641598,0.003525264,6.570364,2.062421,3.185753,6DR,M031318_125_3
128,M031318,-8,-14.3632,30.3792,26.686,2,6.411775,0.989718,0.08989424,8.240539,1.248362,6.601082,6DC,M031318_128_2
128,M031318,-8,-14.3632,30.3792,26.686,3,28.57102,0.9571093,0.004406581,9.202336,1.400273,6.571815,6DC,M031318_128_3
134,M031318,-8.375,-6.66385,33.56136,28.2425,2,3.55849,0.9762045,0.04817861,7.487179,1.907006,3.926143,6DR,M031318_134_2
136,M031318,-8.625,-4.3626,33.82044,27.827,2,0.3127184,0.993537,0.0220329,14.03725,3.62473,3.872634,6DR,M031318_136_2
136,M031318,-8.625,-4.3626,33.82044,27.827,3,4.29866,0.985899,0.05229142,7.357949,1.307979,5.625433,6DR,M031318_136_3
136,M031318,-8.625,-4.3626,33.82044,27.827,4,1.272654,0.993537,0.007344301,15.59058,1.677722,9.292708,6DR,M031318_136_4
138,M031318,-7.875,-15.9648,29.8894,25.498,2,11.79827,0.974148,0.05581669,6.981156,2.219908,3.144795,6DC,M031318_138_2
140,M031318,-8.25,-13.2268,31.4346,25.248,1,22.7824,0.9929495,0.03760282,6.867369,0.8194543,8.380418,6DC,M031318_140_1
140,M031318,-8.25,-13.2268,31.4346,25.248,2,27.80158,0.9955934,0.00146886,13.15187,1.295272,10.15375,6DC,M031318_140_2
142,M031318,-8.625,-10.47882,32.3417,24.943,1,16.56218,0.9979436,0.002350176,15.76198,1.198291,13.15372,6DC,M031318_142_1
144,M031318,-8,-7.51144,33.52482,26.5041,2,0.7613025,0.9991187,0.004994125,16.32553,3.202716,5.097402,6DC,M031318_144_2
147,M031318,-6.875,-4.2085,35.50357,26.4745,2,3.453976,0.9891304,0.06433608,11.06822,2.012145,5.500705,6DC,M031318_147_2
147,M031318,-6.875,-4.2085,35.50357,26.4745,3,1.849129,0.9803173,0.0126322,8.608618,1.468651,5.861582,6DC,M031318_147_3
149,M031318,-8.375,-14.8044,31.0828,23.815,1,28.00967,0.9958872,0.03407755,8.830406,1.144535,7.715278,6DC,M031318_149_1
149,M031318,-8.375,-14.8044,31.0828,23.815,3,2.997426,0.956228,0.01145711,5.837155,2.309855,2.527065,6DC,M031318_149_3
154,M031318,-9.25,-7.6442,32.4662,25.215,2,1.940984,0.9465335,0.02232667,10.70075,4.838874,2.211414,6DC,M031318_154_2
156,M031318,-7.5,-5.43532,34.75228,25.185,2,0.6976495,0.9418331,0.01204465,15.03219,4.818615,3.119607,6DC,M031318_156_2
156,M031318,-7.5,-5.43532,34.75228,25.185,3,0.5973023,0.9418331,0.004994125,19.37966,7.357796,2.633894,6DC,M031318_156_3
156,M031318,-7.5,-5.43532,34.75228,25.185,4,1.468235,0.9811986,0.006462985,13.47854,1.83642,7.339571,6DC,M031318_156_4
002,M032618,-5.75,-15.5392,25.99056,45.865,3,1.850663,0.980611,0.001175088,15.44488,1.746646,8.842591,12r,M032618_002_3
002,M032618,-5.75,-15.5392,25.99056,45.865,4,0.7790774,0.9388954,0.004406581,11.55458,1.489455,7.757589,12r,M032618_002_4
002,M032618,-5.75,-15.5392,25.99056,45.865,6,0.275302,1,0.0005875441,34.05788,2.71629,12.53838,12r,M032618_002_6
006,M032618,-11.125,-10.7116,24.1548,45.76,3,10.5877,0.9477086,0.05640423,7.870336,1.696663,4.638716,11ml,M032618_006_3
011,M032618,-6.875,-15.96754,26.51046,44.495,2,3.96935,0.9973561,0.00293772,12.47133,1.363463,9.146806,46v,M032618_011_2
013,M032618,-9.9375,-13.85834,25.169,44.45,3,0.3273935,0.9822264,0.006169213,8.874053,2.056649,4.314811,11ml,M032618_013_3
014,M032618,-9,-11.12732,27.30661,44.5925,2,1.522489,0.985899,0.003525264,11.57178,1.789072,6.468033,46v,M032618_014_2
017,M032618,-7.75,-18.952,24.03174,42.911,1,3.709609,0.9391892,0.009988249,10.02513,1.605261,6.245174,12l,M032618_017_1
017,M032618,-7.75,-18.952,24.03174,42.911,2,0.5958396,0.8187426,0.009400705,12.65995,1.399679,9.044895,12l,M032618_017_2
018,M032618,-7,-17.85288,26.06626,43.121,2,0.7654544,0.9950058,0.03819036,13.10439,1.896888,6.908363,12l,M032618_018_2
019,M032618,-10.375,-16.71393,23.93662,43.0085,3,2.23323,0.9803173,0.05816686,7.532226,1.619092,4.652131,12m,M032618_019_3
025,M032618,-8.25,-8.58725,30.0286,43.3025,2,1.459367,0.9982374,0.0126322,13.85125,1.710165,8.099366,46df,M032618_025_2
026,M032618,-9.25,-19.319,23.07391,41.6475,2,5.386937,0.9791422,0.02438308,10.32202,1.981006,5.210495,12l,M032618_026_2
032,M032618,-11.125,-11.30284,26.82092,41.983,1,3.638329,0.993537,0.004700352,10.87136,2.52395,4.30728,46v,M032618_032_1
032,M032618,-11.125,-11.30284,26.82092,41.983,2,9.66543,0.9732667,0.01028202,6.310856,1.093811,5.769605,46v,M032618_032_2
032,M032618,-11.125,-11.30284,26.82092,41.983,3,0.2086258,0.9861927,0.001175088,7.287885,1.165012,6.255633,46v,M032618_032_3
032,M032618,-11.125,-11.30284,26.82092,41.983,7,1.452119,0.9944183,0,17.72385,1.842349,9.620248,46v,M032618_032_7
035,M032618,-8,-20.20959,24.00108,40.483,2,4.063212,0.9726792,0.005875441,8.822559,1.661492,5.310023,45,M032618_035_2
037,M032618,-11.5,-17.46802,23.69076,40.488,2,5.886038,0.9841363,0.02173913,7.785952,2.163834,3.598221,12o,M032618_037_2
039,M032618,-10.75,-14.55305,26.17915,40.618,2,1.056924,0.9988249,0.003819037,12.19422,1.492131,8.172351,46v,M032618_039_2
042,M032618,-9.125,-9.85287,29.93203,40.7025,2,0.1728662,1,0,17.47467,1.93136,9.047855,46df,M032618_042_2
051,M032618,-11.75,-11.44,26.918,39.375,1,46.46549,0.9823737,0.02614571,5.518885,1.06007,5.206153,46v,M032618_051_1
051,M032618,-11.75,-11.44,26.918,39.375,6,10.07692,0.9850176,0.04817861,9.987919,1.304009,7.659391,46v,M032618_051_6
051,M032618,-11.75,-11.44,26.918,39.375,8,0.4338771,0.9876616,0.008225617,13.74154,2.064738,6.655342,46v,M032618_051_8
054,M032618,-14.75,-7.76547,25.52732,39.145,3,11.62799,0.9823737,0.01615746,5.470397,1.913534,2.858793,46v,M032618_054_3
054,M032618,-14.75,-7.76547,25.52732,39.145,6,0.8428671,0.936839,0.002350176,13.91855,1.733792,8.027806,46v,M032618_054_6
060,M032618,-11.375,-13.13684,26.88568,37.9335,1,13.00863,0.9700353,0.01733255,6.976747,1.652867,4.220997,46df,M032618_060_1
064,M032618,-8.625,-7.62148,32.04876,37.474,2,1.758048,0.9553466,0.01821387,10.16269,2.063256,4.925559,8B,M032618_064_2
066,M032618,-6.625,-21.02392,25.30648,36.618,1,13.88176,0.936839,0.0420094,6.504864,1.375227,4.73003,8A,M032618_066_1
067,M032618,-8.125,-19.86815,25.3191,36.608,3,6.393141,0.9468272,0.02115159,8.139357,1.432329,5.682602,8A,M032618_067_3
067,M032618,-8.125,-19.86815,25.3191,36.608,4,2.945052,0.9468272,0.03290247,8.720201,1.877092,4.64559,8A,M032618_067_4
068,M032618,-11.9375,-18.30769,23.37651,36.568,2,1.669825,0.9920682,0.123678,7.925892,2.118863,3.740634,46v,M032618_068_2
068,M032618,-11.9375,-18.30769,23.37651,36.568,3,0.3383351,0.993537,0.007344301,15.36589,2.5244,6.086946,46v,M032618_068_3
074,M032618,-10.75,-9.25815,29.5837,36.2185,2,0.928048,0.9932432,0.03907168,10.25567,2.002314,5.121908,8B,M032618_074_2
075,M032618,-9.75,-7.7232,30.92584,36.061,2,0.4837224,0.9957082,0.02497062,12.2149,1.798481,6.791788,6DR,M032618_075_2
080,M032618,-8.9375,-16.74323,27.67023,35.3475,2,0.4017844,0.9932432,0.00293772,14.17815,1.871762,7.574766,46d,M032618_080_2
085,M032618,-7.75,-8.74525,32.9965,34.755,2,7.684576,0.9700353,0.0326087,7.85107,1.794014,4.376259,6DR,M032618_085_2
088,M032618,-12.375,-5.18147,28.89963,33.5175,2,0.5571107,0.9941245,0.009982384,6.273797,1.985241,3.160218,24c,M032618_088_2
088,M032618,-12.375,-5.18147,28.89963,33.5175,4,3.248695,0.9917744,0.01321974,6.201136,1.675155,3.701828,24c,M032618_088_4
090,M032618,-8.5,-20.61559,25.22804,33.9945,2,1.905233,0.9973561,0.006756757,11.16724,1.435174,7.781109,8A,M032618_090_2
095,M032618,-12.125,-12.30848,27.71988,33.476,2,2.077693,0.9976498,0.01909518,11.09167,1.371381,8.087958,8A,M032618_095_2
096,M032618,-7.5,-10.57375,32.80194,33.2885,2,2.622174,0.9835488,0.007931845,7.399115,1.268725,5.831932,6DR,M032618_096_2
097,M032618,-10.75,-9.1692,30.01684,33.371,2,4.443995,0.9753231,0.07990599,6.666477,1.532598,4.349789,6DR,M032618_097_2
100,M032618,-7.75,-4.64648,33.89272,32.317,2,1.127878,0.9994125,0.001175088,18.249,2.537092,7.192883,6DR,M032618_100_2
101,M032618,-7.125,-21.68744,25.69912,32.674,2,3.04118,0.976792,0.03290247,7.076344,1.997127,3.543263,46v,M032618_101_2
105,M032618,-11.5,-13.95884,27.06888,29.04,2,0.8632346,0.9976498,0.006462985,9.887499,1.45349,6.802592,6DR,M032618_105_2
106,M032618,-11.5,-12.52236,27.881,29.04,2,3.590039,0.93302,0.1013514,6.714206,1.328245,5.054944,6DR,M032618_106_2
110,M032618,-9.75,-7.1587,31.48925,30.9,2,4.585804,1,0.001762632,14.53022,1.420843,10.22647,6DR,M032618_110_2
113,M032618,-7.875,-3.719,34.11175,30.8545,2,5.659831,0.9221504,0.02614571,6.954911,1.259501,5.521956,6DR,M032618_113_2
113,M032618,-7.875,-3.719,34.11175,30.8545,3,2.742996,0.9817861,0.01968273,8.76972,1.48332,5.912223,6DR,M032618_113_3
113,M032618,-7.875,-3.719,34.11175,30.8545,4,8.328485,0.9221504,0.0146886,8.686291,1.28324,6.769032,6DR,M032618_113_4
116,M032618,-10,-15.43875,27.5835,27.837,4,2.214802,0.9744418,0.003231492,16.47157,2.030159,8.113438,6DC,M032618_116_4
117,M032618,-9.5,-14.23988,29.14431,27.8995,2,15.28647,0.9941245,0.003231492,7.71711,1.34178,5.751399,6DC,M032618_117_2
117,M032618,-9.5,-14.23988,29.14431,27.8995,3,0.931156,0.9938308,0.01556992,8.997849,1.48783,6.047633,6DC,M032618_117_3
117,M032618,-9.5,-14.23988,29.14431,27.8995,4,13.15703,0.9682726,0.0346651,6.2962,1.092035,5.765567,6DC,M032618_117_4
118,M032618,-9.5,-12.81364,29.88193,27.8995,2,4.839694,0.9829612,0.07138661,6.94513,1.876677,3.70076,6DC,M032618_118_2
118,M032618,-9.5,-12.81364,29.88193,27.8995,3,2.243091,0.9879553,0.01733255,10.9166,1.427303,7.648414,6DC,M032618_118_3
125,M032618,-7.875,-3.8075,34.413,29.5905,1,5.068364,0.9976498,0.0199765,12.6937,1.421015,8.932839,6DR,M032618_125_1
128,M032618,-8,-14.3632,30.3792,26.686,1,13.77757,0.9941245,0.006169213,10.26128,1.297427,7.908947,6DC,M032618_128_1
133,M032618,-8.125,-7.57672,33.5436,28.324,2,0.4018087,0.9994125,0.001762632,14.66534,2.550054,5.750991,6DR,M032618_133_2
135,M032618,-8.25,-5.42561,33.80149,27.8245,2,0.6268029,0.9459459,0.0005875441,12.59966,1.505348,8.36993,6DR,M032618_135_2
136,M032618,-8.625,-4.3626,33.82044,27.827,2,2.717997,0.9803173,0.02291422,8.570717,1.29021,6.642884,6DR,M032618_136_2
136,M032618,-8.625,-4.3626,33.82044,27.827,3,1.05015,0.9803173,0.05728555,10.70824,1.4651,7.308879,6DR,M032618_136_3
138,M032618,-7.875,-15.9648,29.8894,25.498,3,5.278325,0.970329,0.01028202,7.500936,1.509588,4.968863,6DC,M032618_138_3
140,M032618,-8.25,-13.2268,31.4346,25.248,2,4.957406,0.9856052,0.1774383,7.947839,1.57979,5.030945,6DC,M032618_140_2
142,M032618,-8.625,-10.47882,32.3417,24.943,1,6.194943,0.9970623,0.008225617,11.19319,1.291872,8.664316,6DC,M032618_142_1
144,M032618,-8,-7.51144,33.52482,26.5041,2,1.111823,0.9738543,0.009106933,10.63151,1.573362,6.757193,6DC,M032618_144_2
144,M032618,-8,-7.51144,33.52482,26.5041,3,0.4138403,0.9738543,0.002350176,14.95469,1.651462,9.055421,6DC,M032618_144_3
146,M032618,-6.75,-5.346,35.51948,26.472,2,11.59402,0.9958872,0.06551117,6.255155,1.417871,4.411654,6DC,M032618_146_2
146,M032618,-6.75,-5.346,35.51948,26.472,4,0.3064017,0.9804655,0.007638073,13.0213,1.678553,7.75746,6DC,M032618_146_4
147,M032618,-6.875,-4.2085,35.50357,26.4745,1,5.328037,0.9747356,0.01086957,9.43259,1.201548,7.850366,6DC,M032618_147_1
147,M032618,-6.875,-4.2085,35.50357,26.4745,2,11.42319,0.9365453,0.0693302,5.486313,1.248189,4.395417,6DC,M032618_147_2
147,M032618,-6.875,-4.2085,35.50357,26.4745,4,3.074605,0.9747356,0.01792009,6.489268,1.350453,4.805252,6DC,M032618_147_4
147,M032618,-6.875,-4.2085,35.50357,26.4745,6,7.434792,0.9894242,0.01439483,12.11637,1.380685,8.775621,6DC,M032618_147_6
152,M032618,-8.0625,-10.6434,33.1554,23.765,2,14.17708,0.9756169,0.01586369,8.117946,1.1355,7.149223,6DC,M032618_152_2
153,M032618,-7.5,-9.22515,34.12961,23.615,2,8.685807,0.9941245,0.01938896,8.023148,1.272151,6.306759,6DC,M032618_153_2
002,M032718,-5.75,-15.5392,25.99056,45.865,2,1.903154,0.9893578,0.01175088,14.2641,1.901555,7.501286,12r,M032718_002_2
005,M032718,-8.75,-12.03011,25.7372,45.8125,2,1.828486,0.9994125,0.007931845,14.00559,2.68641,5.213497,11ml,M032718_005_2
006,M032718,-11.125,-10.7116,24.1548,45.76,2,6.532455,0.9685664,0.05199765,8.295434,1.372683,6.043228,11ml,M032718_006_2
006,M032718,-11.125,-10.7116,24.1548,45.76,3,2.37518,0.9756169,0.01145711,9.187671,1.324842,6.93492,11ml,M032718_006_3
010,M032718,-7.75,-16.96932,24.73848,44.525,2,14.14844,0.9412456,0.1204465,6.989028,1.544629,4.524729,12r,M032718_010_2
010,M032718,-7.75,-16.96932,24.73848,44.525,3,0.8767611,0.9723854,0.0146886,11.60706,2.222017,5.22366,12r,M032718_010_3
011,M032718,-6.875,-15.96754,26.51046,44.495,2,1.570989,1,0,19.46211,2.046533,9.509795,46v,M032718_011_2
017,M032718,-7.75,-18.952,24.03174,42.911,2,2.607435,0.9591657,0.001762632,11.20183,1.729366,6.47742,12l,M032718_017_2
019,M032718,-10.5,-16.71702,23.80168,43.001,2,1.15839,0.996181,0.01703878,7.710193,2.26769,3.40002,12m,M032718_019_2
024,M032718,-8.75,-9.88712,29.011,43.346,2,0.4483953,0.9782609,0.009400705,10.77116,1.371715,7.852329,46df,M032718_024_2
024,M032718,-8.75,-9.88712,29.011,43.346,3,0.2071983,0.9782609,0.00293772,11.71744,1.731213,6.768341,46df,M032718_024_3
026,M032718,-9.25,-19.319,23.07391,41.6475,2,6.785622,0.9785547,0.01292597,10.4263,2.23051,4.6744,12l,M032718_026_2
032,M032718,-11.25,-11.30923,26.62274,41.978,2,2.185321,0.9967685,0.04024677,10.57355,1.336409,7.911912,46v,M032718_032_2
032,M032718,-11.25,-11.30923,26.62274,41.978,3,1.691719,0.9967685,0.001762632,14.89344,1.710888,8.705094,46v,M032718_032_3
032,M032718,-11.25,-11.30923,26.62274,41.978,4,5.872862,0.9735605,0.01116334,6.076875,1.558211,3.899905,46v,M032718_032_4
035,M032718,-8,-20.20959,24.00108,40.483,2,4.201699,0.9782609,0.01439483,8.153142,1.570406,5.191743,45,M032718_035_2
039,M032718,-10.75,-14.55305,26.17915,40.618,1,5.245762,0.9820799,0.03172738,7.148495,1.519809,4.703547,46v,M032718_039_1
039,M032718,-10.75,-14.55305,26.17915,40.618,3,0.3517732,1,0.002350176,15.9822,1.57759,10.13077,46v,M032718_039_3
042,M032718,-9.125,-9.85287,29.93203,40.7025,2,0.3027363,1,0,18.42979,3.479883,5.296096,46df,M032718_042_2
051,M032718,-11.75,-11.44,26.918,39.375,2,11.70922,0.9603408,0.004700352,7.046066,0.8827879,7.981606,46v,M032718_051_2
051,M032718,-11.75,-11.44,26.918,39.375,3,9.965424,0.9929495,0.03113984,10.77135,1.217372,8.848037,46v,M032718_051_3
060,M032718,-11.375,-13.13684,26.88568,37.9335,2,12.02902,0.9612221,0.02232667,7.495536,1.437114,5.215687,46df,M032718_060_2
064,M032718,-8.625,-7.62148,32.04876,37.474,2,1.555177,0.9882491,0.009106933,10.31248,1.650598,6.247719,8B,M032718_064_2
065,M032718,-8.75,-6.2824,32.10404,37.534,2,3.683772,0.9873678,0.02408931,9.081259,1.460962,6.215944,6DR,M032718_065_2
066,M032718,-6.625,-21.02392,25.30648,36.618,2,9.382836,0.9747356,0.0293772,7.102218,1.289189,5.509058,8A,M032718_066_2
067,M032718,-8.125,-19.86815,25.3191,36.608,2,6.468294,0.920094,0.05376028,9.231462,1.547963,5.96362,8A,M032718_067_2
067,M032718,-8.125,-19.86815,25.3191,36.608,3,6.315905,0.920094,0.0146886,7.666872,1.272297,6.026009,8A,M032718_067_3
075,M032718,-9.875,-7.7232,30.92584,36.061,2,1.55641,0.9923619,0.03113984,9.909121,2.499361,3.964662,6DR,M032718_075_2
076,M032718,-8.75,-6.43504,32.28636,34.925,2,0.2973761,0.9994125,0.004406581,14.78598,1.642236,9.003565,6DR,M032718_076_2
080,M032718,-8.9375,-16.74323,27.67023,35.3475,2,1.641696,0.9609283,0.04524089,8.734074,1.694164,5.155388,46d,M032718_080_2
085,M032718,-7.75,-8.74525,32.9965,34.755,2,6.059983,0.9779671,0.05141011,7.22189,1.711513,4.219594,6DR,M032718_085_2
085,M032718,-7.75,-8.74525,32.9965,34.755,3,4.354414,0.9914806,0.003525264,7.102569,1.26058,5.634368,6DR,M032718_085_3
090,M032718,-8.5,-20.61559,25.22804,33.9945,2,1.232392,0.9964747,0.05229142,9.310448,1.326857,7.01692,8A,M032718_090_2
093,M032718,-10.875,-15.6318,27.0212,33.5855,2,4.471565,0.9976498,0.04494712,8.267638,1.557862,5.307043,46d,M032718_093_2
100,M032718,-7.75,-4.64648,33.89272,32.317,2,1.876054,0.996181,0.01321974,13.16254,1.346216,9.777432,6DR,M032718_100_2
100,M032718,-7.75,-4.64648,33.89272,32.317,3,1.638866,0.996181,0.003819037,20.56558,1.867621,11.01165,6DR,M032718_100_3
100,M032718,-7.75,-4.64648,33.89272,32.317,4,0.1999712,1,0.002643948,30.56344,2.434274,12.55546,6DR,M032718_100_4
104,M032718,-12.5,-15.25015,25.06956,28.915,2,6.726811,0.9811986,0.04817861,7.412152,1.209633,6.127607,6DR,M032718_104_2
105,M032718,-11.5,-13.95884,27.06888,29.04,2,2.83746,0.9926557,0.004406581,10.17825,1.257129,8.096422,6DR,M032718_105_2
106,M032718,-11.5,-12.52236,27.881,29.04,1,15.7863,0.9576969,0.09958872,6.1493,1.397303,4.400834,6DR,M032718_106_1
109,M032718,-10.625,-10.11827,29.84595,32.0405,2,18.2768,0.9518214,0.09430082,6.655023,1.172039,5.678156,8B,M032718_109_2
110,M032718,-9.75,-7.1587,31.48925,30.9,2,2.766342,0.9988249,0.004994125,17.00527,1.590116,10.69436,6DR,M032718_110_2
113,M032718,-7.875,-3.719,34.11175,30.8545,2,8.976209,0.9991187,0.005875441,10.41741,1.18166,8.815913,6DR,M032718_113_2
117,M032718,-9.5,-14.23988,29.14431,27.8995,2,4.759947,0.9547591,0.04435958,5.155911,1.108786,4.650051,6DC,M032718_117_2
117,M032718,-9.5,-14.23988,29.14431,27.8995,3,14.84551,0.9750293,0.05816686,6.861432,1.121889,6.115964,6DC,M032718_117_3
117,M032718,-9.5,-14.23988,29.14431,27.8995,4,5.235153,0.9926557,0.00146886,9.575281,1.460403,6.556602,6DC,M032718_117_4
117,M032718,-9.5,-14.23988,29.14431,27.8995,5,2.107902,0.9905993,0.03143361,8.28078,1.533438,5.400138,6DC,M032718_117_5
123,M032718,-9.625,-6.1616,32.2338,29.582,2,38.65722,0.9662162,0.1013514,6.170717,1.726702,3.573702,6DR,M032718_123_2
125,M032718,-7.875,-3.8075,34.413,29.5905,1,12.44878,1,0.00146886,14.43008,1.32105,10.92319,6DR,M032718_125_1
128,M032718,-8,-14.3632,30.3792,26.686,2,11.77372,0.9809048,0.03789659,7.452382,1.267751,5.878427,6DC,M032718_128_2
130,M032718,-13.125,-11.574,26.86753,25.9385,2,21.90484,0.9603408,0.1618684,7.33728,1.247394,5.882086,6DC,M032718_130_2
135,M032718,-8.25,-5.42561,33.80149,27.8245,2,2.263497,0.9712104,0.007050529,12.74501,1.692224,7.531518,6DR,M032718_135_2
135,M032718,-8.25,-5.42561,33.80149,27.8245,3,0.7950753,0.9712104,0.004112808,16.08556,1.698958,9.467893,6DR,M032718_135_3
136,M032718,-8.625,-4.3626,33.82044,27.827,2,2.303366,0.9635723,0.02056404,10.07881,1.57911,6.382594,6DR,M032718_136_2
136,M032718,-8.625,-4.3626,33.82044,27.827,3,4.34427,0.9635723,0.01351351,10.13203,1.526661,6.636723,6DR,M032718_136_3
140,M032718,-8.25,-13.2268,31.4346,25.248,2,5.10803,0.9905993,0.04817861,9.22425,1.549533,5.952922,6DC,M032718_140_2
142,M032718,-8.625,-10.47882,32.3417,24.943,2,8.152046,0.9994125,0.001175088,10.79191,1.223863,8.817908,6DC,M032718_142_2
146,M032718,-6.75,-5.346,35.51948,26.472,2,1.088762,0.9952996,0.006462985,14.61433,2.137403,6.837426,6DC,M032718_146_2
147,M032718,-6.875,-4.2085,35.50357,26.4745,2,5.657583,0.9518214,0.08431257,5.9336,1.116788,5.313094,6DC,M032718_147_2
147,M032718,-6.875,-4.2085,35.50357,26.4745,3,6.267444,0.9644536,0.01292597,7.440594,1.247933,5.962333,6DC,M032718_147_3
147,M032718,-6.875,-4.2085,35.50357,26.4745,5,6.014669,0.9867803,0.009400705,12.7851,1.453711,8.794803,6DC,M032718_147_5
147,M032718,-6.875,-4.2085,35.50357,26.4745,6,5.056191,0.9644536,0.02585194,7.559855,1.22026,6.195281,6DC,M032718_147_6
149,M032718,-9.125,-14.77644,30.26708,23.715,2,7.958704,0.976792,0.1683314,6.565313,1.227442,5.348776,6DC,M032718_149_2
152,M032718,-8.0625,-10.6434,33.1554,23.765,2,14.5033,0.9908931,0.01968273,7.940953,1.143019,6.947351,6DC,M032718_152_2
153,M032718,-7.5,-9.22515,34.12961,23.615,2,8.577689,0.9982374,0.003819037,9.825243,1.282978,7.658156,6DC,M032718_153_2
002,M032818,-5.75,-15.5392,25.99056,45.865,2,1.187409,0.9662162,0.03172738,10.86061,1.604,6.770951,12r,M032818_002_2
002,M032818,-5.75,-15.5392,25.99056,45.865,4,1.616567,0.9662162,0.001175088,14.27745,1.575884,9.059959,12r,M032818_002_4
002,M032818,-5.75,-15.5392,25.99056,45.865,5,1.073678,0.9673913,0.001175088,16.94956,1.837758,9.222953,12r,M032818_002_5
006,M032818,-11.125,-10.7116,24.1548,45.76,2,2.54366,0.9738543,0.01703878,8.249519,1.563893,5.274988,11ml,M032818_006_2
006,M032818,-11.125,-10.7116,24.1548,45.76,3,5.629574,0.9823737,0.03848414,11.01457,1.341085,8.213182,11ml,M032818_006_3
010,M032818,-7.75,-16.96932,24.73848,44.525,2,15.9968,0.9500588,0.04612221,6.803277,1.493258,4.555996,12r,M032818_010_2
010,M032818,-7.75,-16.96932,24.73848,44.525,3,1.736307,0.9753231,0.003525264,10.10516,1.921763,5.258273,12r,M032818_010_3
011,M032818,-6.875,-15.96754,26.51046,44.495,2,3.95771,0.970329,0.04524089,6.954322,1.462374,4.755502,46v,M032818_011_2
011,M032818,-6.875,-15.96754,26.51046,44.495,3,2.790243,1,0,24.72876,1.987488,12.44222,46v,M032818_011_3
012,M032818,-9.375,-14.94124,24.89884,44.415,2,0.7720256,0.9994125,0,14.81075,1.756939,8.429864,12r,M032818_012_2
014,M032818,-9.125,-11.12732,27.30661,44.5925,3,4.701553,0.9576969,0.02027027,8.359223,1.847212,4.525318,46v,M032818_014_3
014,M032818,-9.125,-11.12732,27.30661,44.5925,4,0.8661238,0.9967685,0.003231492,13.9623,1.482192,9.420033,46v,M032818_014_4
017,M032818,-7.75,-18.952,24.03174,42.911,2,3.291423,0.9538778,0.009400705,9.455294,1.555939,6.076903,12l,M032818_017_2
017,M032818,-7.75,-18.952,24.03174,42.911,3,0.9237057,0.9538778,0.01175088,13.01639,1.629115,7.989852,12l,M032818_017_3
019,M032818,-10.5,-16.71702,23.80168,43.001,2,3.091136,0.972973,0.06903642,6.1841,2.082521,2.969525,12m,M032818_019_2
023,M032818,-10.375,-11.28117,27.01592,43.2635,1,10.94244,0.9753231,0.04083431,9.167858,1.580436,5.80084,46v,M032818_023_1
023,M032818,-10.375,-11.28117,27.01592,43.2635,2,1.439671,0.9753231,0.1216216,7.232151,1.425465,5.073539,46v,M032818_023_2
024,M032818,-8.75,-9.88712,29.011,43.346,3,0.4806143,0.9932432,0.01321974,10.03032,2.302181,4.356877,46df,M032818_024_3
026,M032818,-9.25,-19.319,23.07391,41.6475,2,3.621269,0.9720917,0.01204465,11.18807,1.825323,6.129363,12l,M032818_026_2
033,M032818,-9.5,-9.94785,28.9909,41.918,2,1.584931,0.9941245,0.04670975,7.923765,1.720951,4.604295,46df,M032818_033_2
033,M032818,-9.5,-9.94785,28.9909,41.918,3,0.4158635,0.9952996,0.001762632,13.00628,1.724358,7.542679,46df,M032818_033_3
033,M032818,-9.5,-9.94785,28.9909,41.918,4,0.3647705,1,0,25.84724,2.420872,10.67683,46df,M032818_033_4
039,M032818,-10.75,-14.55305,26.17915,40.618,2,3.387561,0.9891304,0.02027027,8.376967,1.494442,5.605414,46v,M032818_039_2
039,M032818,-10.75,-14.55305,26.17915,40.618,3,0.3355096,0.9964747,0,16.47014,1.729564,9.522716,46v,M032818_039_3
042,M032818,-9.125,-9.85287,29.93203,40.7025,2,0.926385,0.9932432,0.005581669,8.431384,1.545092,5.456882,46df,M032818_042_2
042,M032818,-9.125,-9.85287,29.93203,40.7025,3,0.1181071,1,0,35.82655,3.062541,11.69831,46df,M032818_042_3
042,M032818,-9.125,-9.85287,29.93203,40.7025,4,0.7684122,0.9997062,0.002643948,16.00733,1.763747,9.075751,46df,M032818_042_4
051,M032818,-11.75,-11.44,26.918,39.375,1,27.09089,0.9694477,0.109577,6.069592,1.154495,5.257359,46v,M032818_051_1
051,M032818,-11.75,-11.44,26.918,39.375,3,6.469371,0.9976498,0.02027027,13.03782,1.294012,10.0755,46v,M032818_051_3
064,M032818,-8.625,-7.62148,32.04876,37.474,3,4.549039,0.9603408,0.05611046,6.458777,1.712472,3.771611,8B,M032818_064_3
064,M032818,-8.625,-7.62148,32.04876,37.474,4,1.035486,0.987074,0.009400705,11.36395,1.68238,6.754689,8B,M032818_064_4
065,M032818,-8.75,-6.2824,32.10404,37.534,2,1.745251,0.993537,0.0840188,9.113105,1.504375,6.057736,6DR,M032818_065_2
066,M032818,-6.625,-21.02392,25.30648,36.618,1,8.618425,0.976792,0.07168037,6.845074,1.410459,4.853082,8A,M032818_066_1
068,M032818,-12.0625,-18.3204,23.0746,36.563,2,2.056328,0.9847239,0.01938896,10.92267,4.014739,2.720642,46v,M032818_068_2
068,M032818,-12.0625,-18.3204,23.0746,36.563,3,24.47507,0.9500588,0.04582844,4.847526,1.431191,3.387057,46v,M032818_068_3
072,M032818,-11.3125,-11.91356,28.2818,36.221,2,1.98234,0.9994125,0.01792009,9.810915,1.446459,6.782713,8B,M032818_072_2
074,M032818,-10.75,-9.25815,29.5837,36.2185,2,1.150098,0.9876616,0.02497062,10.78263,2.192438,4.918102,8B,M032818_074_2
075,M032818,-10,-7.74015,30.65253,36.066,2,0.4416192,0.9365453,0.01233843,14.13411,2.016008,7.01094,6DR,M032818_075_2
075,M032818,-10,-7.74015,30.65253,36.066,3,0.2335764,0.9365453,0.006462985,14.74443,1.79721,8.204066,6DR,M032818_075_3
076,M032818,-8.75,-6.43504,32.28636,34.925,2,4.436046,0.9585782,0.03407755,8.949622,1.21742,7.3513,6DR,M032818_076_2
076,M032818,-8.75,-6.43504,32.28636,34.925,3,1.810793,0.9585782,0.03613396,9.407001,1.534773,6.129248,6DR,M032818_076_3
076,M032818,-8.75,-6.43504,32.28636,34.925,4,0.4040684,0.9947121,0.004112808,21.5277,2.015758,10.6797,6DR,M032818_076_4
083,M032818,-12,-11.82238,27.82038,34.82,2,1.37644,0.9847239,0.06139835,8.575693,1.591352,5.388937,8A,M032818_083_2
090,M032818,-8.5,-20.61559,25.22804,33.9945,2,1.674591,0.9887238,0.03407755,8.140776,1.249199,6.516798,8A,M032818_090_2
100,M032818,-7.75,-4.64648,33.89272,32.317,2,1.109792,0.985899,0.01175088,7.194613,1.180525,6.094418,6DR,M032818_100_2
100,M032818,-7.75,-4.64648,33.89272,32.317,3,0.1227913,0.9905993,0,15.54453,1.736417,8.952069,6DR,M032818_100_3
104,M032818,-12.5,-15.25015,25.06956,28.915,1,5.350178,0.9926557,0.02232667,8.337891,1.204989,6.919475,6DR,M032818_104_1
105,M032818,-11.5,-13.95884,27.06888,29.04,3,0.5861464,0.9941245,0.005581669,10.44311,1.30195,8.021128,6DR,M032818_105_3
110,M032818,-9.75,-7.1587,31.48925,30.9,2,2.356232,0.9982374,0.005581669,17.0664,1.531444,11.144,6DR,M032818_110_2
110,M032818,-9.75,-7.1587,31.48925,30.9,3,8.948328,0.9591657,0.05141011,6.758754,1.375163,4.914874,6DR,M032818_110_3
113,M032818,-7.875,-3.719,34.11175,30.8545,2,1.078541,0.9879553,0.007931845,8.41283,1.219657,6.897704,6DR,M032818_113_2
113,M032818,-7.875,-3.719,34.11175,30.8545,5,7.455572,0.9879553,0.03143361,9.801105,1.152249,8.506063,6DR,M032818_113_5
117,M032818,-9.5,-14.23988,29.14431,27.8995,2,14.27967,0.972973,0.06169213,6.472839,1.100128,5.883715,6DC,M032818_117_2
117,M032818,-9.5,-14.23988,29.14431,27.8995,3,1.372797,0.9873678,0.02232667,7.756308,1.521655,5.097284,6DC,M032818_117_3
117,M032818,-9.5,-14.23988,29.14431,27.8995,4,3.034519,0.9926557,0.001762632,10.1864,1.488323,6.844217,6DC,M032818_117_4
118,M032818,-9.5,-12.81364,29.88193,27.8995,2,4.644871,0.9973561,0.004406581,16.42223,1.762268,9.318803,6DC,M032818_118_2
118,M032818,-9.5,-12.81364,29.88193,27.8995,3,1.060392,0.9938308,0.009400705,12.86526,1.828307,7.036706,6DC,M032818_118_3
119,M032818,-12,-11.45347,28.08388,27.5245,1,7.437035,0.9967685,0.01145711,11.11864,1.325549,8.387956,6DC,M032818_119_1
123,M032818,-9.625,-6.1616,32.2338,29.582,1,38.24764,0.9723854,0.08695652,6.209909,1.720919,3.608485,6DR,M032818_123_1
124,M032818,-10.625,-5.13558,31.44872,29.568,2,6.666605,0.9850176,0.009694478,4.714002,1.411981,3.338572,6DR,M032818_124_2
125,M032818,-7.875,-3.8075,34.413,29.5905,2,0.2839637,0.9955934,0.01233843,9.060253,1.951281,4.643232,6DR,M032818_125_2
125,M032818,-7.875,-3.8075,34.413,29.5905,3,7.033152,0.9955934,0.002056404,15.15791,1.438703,10.53582,6DR,M032818_125_3
128,M032818,-8,-14.3632,30.3792,26.686,2,4.061174,0.9685664,0.03113984,11.22182,1.346465,8.334285,6DC,M032818_128_2
128,M032818,-8,-14.3632,30.3792,26.686,3,12.42257,0.960047,0.1486486,7.267597,1.162741,6.250399,6DC,M032818_128_3
130,M032818,-13.125,-11.574,26.86753,25.9385,1,14.53307,0.9747356,0.02967098,8.72952,1.126024,7.752514,6DC,M032818_130_1
133,M032818,-8.25,-7.58244,33.2327,28.3215,2,2.016389,0.976792,0.02027027,7.763189,1.510676,5.138885,6DR,M032818_133_2
135,M032818,-8.25,-5.42561,33.80149,27.8245,2,3.079068,0.9853114,0.00293772,10.72326,1.571913,6.821793,6DR,M032818_135_2
136,M032818,-8.625,-4.3626,33.82044,27.827,1,6.356925,0.9709166,0.03202115,6.931694,1.228401,5.64286,6DR,M032818_136_1
136,M032818,-8.625,-4.3626,33.82044,27.827,4,3.90824,0.9867803,0.001175088,14.83312,1.507588,9.838978,6DR,M032818_136_4
136,M032818,-8.625,-4.3626,33.82044,27.827,5,2.163156,0.9500588,0.008519389,8.16608,1.499949,5.444237,6DR,M032818_136_5
136,M032818,-8.625,-4.3626,33.82044,27.827,6,0.8060082,0.9500588,0.01938896,10.01851,1.506278,6.651172,6DR,M032818_136_6
142,M032818,-8.625,-10.47882,32.3417,24.943,1,6.460754,0.9964747,0.01674501,9.664741,1.210019,7.987265,6DC,M032818_142_1
144,M032818,-8,-7.51144,33.52482,26.5041,2,0.3198549,0.9970623,0,16.0941,1.749433,9.199607,6DC,M032818_144_2
146,M032818,-6.75,-5.346,35.51948,26.472,2,0.5401193,0.9527027,0.01351351,10.18582,2.109775,4.827919,6DC,M032818_146_2
146,M032818,-6.75,-5.346,35.51948,26.472,3,0.4576348,0.9527027,0.0005875441,14.95806,2.100482,7.121247,6DC,M032818_146_3
147,M032818,-6.875,-4.2085,35.50357,26.4745,2,6.418042,0.9447709,0.05699177,5.256447,1.121858,4.685483,6DC,M032818_147_2
147,M032818,-6.875,-4.2085,35.50357,26.4745,6,4.970428,0.9782609,0.01674501,8.426376,1.199567,7.024515,6DC,M032818_147_6
147,M032818,-6.875,-4.2085,35.50357,26.4745,7,0.244178,0.9853114,0.0273208,8.503944,1.639527,5.186828,6DC,M032818_147_7
147,M032818,-6.875,-4.2085,35.50357,26.4745,8,8.957754,0.9782609,0.00146886,11.17495,1.389088,8.044811,6DC,M032818_147_8
152,M032818,-8.0625,-10.6434,33.1554,23.765,2,13.6676,0.9726792,0.01321974,7.708258,1.171863,6.577779,6DC,M032818_152_2
153,M032818,-7.5,-9.22515,34.12961,23.615,2,9.83777,0.9955934,0.006169213,8.664537,1.237418,7.00211,6DC,M032818_153_2
154,M032818,-10.125,-7.64788,31.84288,25.225,2,3.818926,0.9920682,0.007638073,4.471518,1.134488,3.941442,6DC,M032818_154_2
002,M033018,-5.75,-15.5392,25.99056,45.865,2,1.426119,0.9726792,0.00146886,12.83322,1.845747,6.952859,12r,M033018_002_2
002,M033018,-5.75,-15.5392,25.99056,45.865,3,0.3656586,0.9944183,0.002643948,24.28769,2.703615,8.983413,12r,M033018_002_3
002,M033018,-5.75,-15.5392,25.99056,45.865,5,1.391132,0.9565217,0.03143361,13.19262,2.073304,6.363092,12r,M033018_002_5
003,M033018,-6.75,-14.58305,25.8466,45.8725,2,2.077844,0.9670975,0.0005875441,12.01789,1.855892,6.475535,12r,M033018_003_2
003,M033018,-6.75,-14.58305,25.8466,45.8725,3,1.258972,0.9670975,0.02438308,8.0091,1.887093,4.244146,12r,M033018_003_3
004,M033018,-7.75,-13.52332,25.78348,45.88,2,1.798204,0.9920682,0.01880141,7.847854,2.750825,2.852909,12r,M033018_004_2
006,M033018,-11.125,-10.7116,24.1548,45.76,2,2.757344,0.939483,0.04347826,10.79814,1.977077,5.461666,11ml,M033018_006_2
006,M033018,-11.125,-10.7116,24.1548,45.76,3,1.85216,0.939483,0.004112808,13.26425,1.756802,7.550224,11ml,M033018_006_3
011,M033018,-6.875,-15.96754,26.51046,44.495,2,7.603964,0.9850176,0.03525265,7.801456,2.184225,3.571727,46v,M033018_011_2
011,M033018,-6.875,-15.96754,26.51046,44.495,3,1.65202,0.9297885,0.004406581,13.63614,1.746612,7.807197,46v,M033018_011_3
012,M033018,-9.375,-14.94124,24.89884,44.415,3,0.334779,0.9983179,0.004112808,14.85775,1.392439,10.67031,12r,M033018_012_3
017,M033018,-7.75,-18.952,24.03174,42.911,3,2.102466,0.9938308,0.002643948,13.40718,2.537548,5.283518,12l,M033018_017_3
018,M033018,-7,-17.85288,26.06626,43.121,2,1.656409,0.9676851,0.004994125,10.82045,1.735043,6.23642,12l,M033018_018_2
018,M033018,-7,-17.85288,26.06626,43.121,4,0.5784387,0.9676851,0.009400705,14.24044,1.933467,7.365237,12l,M033018_018_4
023,M033018,-10.375,-11.28117,27.01592,43.2635,3,5.841525,0.9952996,0.0640423,10.77988,1.300376,8.289816,46v,M033018_023_3
024,M033018,-8.75,-9.88712,29.011,43.346,2,1.338732,0.9988249,0.008813161,13.34967,1.524329,8.757735,46df,M033018_024_2
026,M033018,-9.25,-19.319,23.07391,41.6475,2,0.9026177,0.9753231,0.01028202,6.685692,1.878772,3.558544,12l,M033018_026_2
026,M033018,-9.25,-19.319,23.07391,41.6475,4,5.009659,0.9800235,0.006462985,11.64247,1.917125,6.072878,12l,M033018_026_4
028,M033018,-10.3125,-16.8708,24.76012,41.76,2,0.4699909,0.9912109,0.003231492,4.674749,1.543065,3.029521,45,M033018_028_2
042,M033018,-9.125,-9.85287,29.93203,40.7025,2,1.336546,0.9670975,0.004406581,10.2013,1.326676,7.689368,46df,M033018_042_2
042,M033018,-9.125,-9.85287,29.93203,40.7025,3,1.488065,0.9682726,0.002350176,7.32644,1.55899,4.699479,46df,M033018_042_3
042,M033018,-9.125,-9.85287,29.93203,40.7025,4,0.7635292,0.96651,0.003231492,13.46316,1.664394,8.088926,46df,M033018_042_4
044,M033018,-8,-7.18197,31.61867,40.6225,2,4.878416,0.9773796,0.02849589,9.308538,1.40171,6.640843,8B,M033018_044_2
045,M033018,-6.5,-20.76815,25.23766,39.2525,3,1.45831,0.9926557,0.01527615,12.44136,2.483094,5.010425,46v,M033018_045_3
050,M033018,-10.625,-12.76229,27.56029,39.3725,3,0.3929758,0.9900118,0.0293772,9.257958,2.044055,4.529212,46df,M033018_050_3
053,M033018,-11,-8.85804,28.83064,39.145,2,13.86471,0.9900118,0.05023502,9.124917,1.311741,6.95634,46df,M033018_053_2
053,M033018,-11,-8.85804,28.83064,39.145,3,11.85344,0.9383079,0.1189777,4.959987,1.261456,3.931953,46df,M033018_053_3
060,M033018,-11.375,-13.13684,26.88568,37.9335,2,5.601305,0.9715041,0.008225617,10.03511,1.486573,6.750499,46df,M033018_060_2
060,M033018,-11.375,-13.13684,26.88568,37.9335,3,13.21721,0.9715041,0.03730905,8.302302,2.062246,4.025855,46df,M033018_060_3
065,M033018,-8.75,-6.2824,32.10404,37.534,1,22.01542,0.9641598,0.02379553,6.646521,1.275505,5.210893,6DR,M033018_065_1
065,M033018,-8.75,-6.2824,32.10404,37.534,3,2.916518,0.9641598,0.08049354,8.408489,1.466343,5.734326,6DR,M033018_065_3
067,M033018,-8.125,-19.86815,25.3191,36.608,2,3.807937,0.9612221,0.03231492,9.549014,1.634477,5.842246,8A,M033018_067_2
067,M033018,-8.125,-19.86815,25.3191,36.608,3,3.373427,0.9612221,0.02555817,12.13459,1.741162,6.969247,8A,M033018_067_3
072,M033018,-11.3125,-11.91356,28.2818,36.221,3,0.4644689,0.9923619,0.002643948,10.90054,1.555689,7.006887,8B,M033018_072_3
083,M033018,-12,-11.82238,27.82038,34.82,2,2.480019,0.9947121,0.05552291,9.844306,1.750899,5.622429,8A,M033018_083_2
095,M033018,-12.375,-12.3179,27.44665,33.4785,2,0.666362,0.9930864,0.006462985,10.45851,1.473683,7.096848,8A,M033018_095_2
096,M033018,-7.5,-10.57375,32.80194,33.2885,1,2.747386,0.9647474,0.04994125,7.461383,2.128505,3.505456,6DR,M033018_096_1
096,M033018,-7.5,-10.57375,32.80194,33.2885,3,13.61294,0.9242068,0.1151586,5.532977,1.409411,3.925737,6DR,M033018_096_3
097,M033018,-10.75,-9.1692,30.01684,33.371,2,3.38269,0.9759107,0.0472973,6.406716,1.500726,4.269079,6DR,M033018_097_2
097,M033018,-10.75,-9.1692,30.01684,33.371,3,11.78108,0.9970588,0,14.39847,1.662724,8.659567,6DR,M033018_097_3
097,M033018,-10.75,-9.1692,30.01684,33.371,4,2.795178,0.9770858,0.005287896,3.484771,1.724074,2.021243,6DR,M033018_097_4
099,M033018,-10.75,-6.09028,30.86484,32.242,3,1.226566,0.9837884,0.01175088,13.19727,2.178416,6.058192,6DR,M033018_099_3
100,M033018,-7.75,-4.64648,33.89272,32.317,3,0.737886,0.9838426,0.001762632,6.963377,1.17994,5.901468,6DR,M033018_100_3
105,M033018,-11.5,-13.95884,27.06888,29.04,2,3.177095,0.9923619,0.0546416,7.689206,1.88308,4.083313,6DR,M033018_105_2
106,M033018,-11.5,-12.52236,27.881,29.04,2,14.47227,0.9650411,0.03554641,5.653888,1.086583,5.203362,6DR,M033018_106_2
106,M033018,-11.5,-12.52236,27.881,29.04,3,17.74025,0.9650411,0.06874266,6.618919,1.646288,4.020512,6DR,M033018_106_3
110,M033018,-9.75,-7.1587,31.48925,30.9,1,7.051453,0.9571093,0.02643948,7.493473,1.405766,5.330527,6DR,M033018_110_1
113,M033018,-7.875,-3.719,34.11175,30.8545,1,18.40308,0.9462397,0.08901293,6.357101,1.377682,4.614346,6DR,M033018_113_1
113,M033018,-7.875,-3.719,34.11175,30.8545,3,15.96935,0.9462397,0.03760282,8.018188,1.573008,5.097359,6DR,M033018_113_3
117,M033018,-9.5,-14.23988,29.14431,27.8995,1,15.21111,0.9629847,0.08754407,7.29406,1.361826,5.356087,6DC,M033018_117_1
117,M033018,-9.5,-14.23988,29.14431,27.8995,2,28.97505,0.9112809,0.08666275,4.282574,1.060891,4.036772,6DC,M033018_117_2
118,M033018,-9.5,-12.81364,29.88193,27.8995,2,8.526884,0.9917744,0.03231492,10.91859,1.696576,6.43566,6DC,M033018_118_2
118,M033018,-9.5,-12.81364,29.88193,27.8995,3,1.654866,0.9944183,0.003525264,25.18684,2.6357,9.556032,6DC,M033018_118_3
123,M033018,-9.625,-6.1616,32.2338,29.582,2,10.11595,0.9412456,0.02173913,8.290881,1.346359,6.158001,6DR,M033018_123_2
125,M033018,-7.875,-3.8075,34.413,29.5905,2,2.576705,0.9982374,0.008813161,12.41226,1.515111,8.192307,6DR,M033018_125_2
128,M033018,-8,-14.3632,30.3792,26.686,1,11.0437,0.972973,0.07755582,7.529076,1.267341,5.940845,6DC,M033018_128_1
130,M033018,-13.125,-11.574,26.86753,25.9385,3,17.96577,0.9732667,0.02085781,8.247521,1.231019,6.699753,6DC,M033018_130_3
133,M033018,-8.25,-7.58244,33.2327,28.3215,2,2.832185,0.9811986,0.04612221,7.321415,1.912112,3.828967,6DR,M033018_133_2
135,M033018,-8.25,-5.42561,33.80149,27.8245,2,2.179932,0.9582844,0.004112808,13.99887,1.87018,7.485309,6DR,M033018_135_2
135,M033018,-8.25,-5.42561,33.80149,27.8245,4,3.043572,0.9582844,0.01116334,8.739752,1.871776,4.669229,6DR,M033018_135_4
136,M033018,-8.625,-4.3626,33.82044,27.827,2,3.701996,0.9844301,0.03084606,11.52278,1.441008,7.996334,6DR,M033018_136_2
136,M033018,-8.625,-4.3626,33.82044,27.827,3,7.705999,0.9629847,0.04700353,6.167354,1.254306,4.916944,6DR,M033018_136_3
136,M033018,-8.625,-4.3626,33.82044,27.827,5,2.823894,0.9844301,0.03613396,8.552046,1.929653,4.431909,6DR,M033018_136_5
142,M033018,-8.625,-10.47882,32.3417,24.943,2,20.76292,0.9274383,0.1460047,6.116749,1.455633,4.202125,6DC,M033018_142_2
144,M033018,-8,-7.51144,33.52482,26.5041,3,0.3054466,0.9518214,0.007344301,15.65062,2.321839,6.740615,6DC,M033018_144_3
146,M033018,-6.75,-5.346,35.51948,26.472,2,8.510426,0.9556404,0.1122209,6.242949,1.373371,4.545712,6DC,M033018_146_2
146,M033018,-6.75,-5.346,35.51948,26.472,3,1.59049,0.9682726,0.05199765,9.883007,2.079268,4.753119,6DC,M033018_146_3
146,M033018,-6.75,-5.346,35.51948,26.472,4,0.4428001,0.9994125,0.003525264,30.9783,3.180621,9.7397,6DC,M033018_146_4
147,M033018,-6.875,-4.2085,35.50357,26.4745,1,4.200449,1,0.008519389,20.83796,2.154714,9.670874,6DC,M033018_147_1
147,M033018,-6.875,-4.2085,35.50357,26.4745,4,3.479886,0.9571093,0.02291422,6.473358,1.299107,4.982928,6DC,M033018_147_4
153,M033018,-7.5,-9.22515,34.12961,23.615,2,8.843068,0.9594595,0.04700353,6.8487,1.460138,4.690447,6DC,M033018_153_2
157,M033018,-5.875,-4.17134,36.53631,24.9575,2,5.863261,0.987074,0.04171563,8.893648,1.416221,6.279846,6DC,M033018_157_2
002,M040218,-5.75,-15.5392,25.99056,45.865,2,0.9728426,0.9929495,0.003525264,14.45605,2.140324,6.75414,12r,M040218_002_2
006,M040218,-11.125,-10.7116,24.1548,45.76,2,0.7552454,0.9944183,0.02115159,10.98425,1.636693,6.711245,11ml,M040218_006_2
010,M040218,-7.75,-16.96932,24.73848,44.525,1,9.378569,0.9803173,0.01057579,12.06243,1.96351,6.143301,12r,M040218_010_1
010,M040218,-7.75,-16.96932,24.73848,44.525,3,7.365026,0.9256757,0.1280846,5.788888,1.389156,4.167199,12r,M040218_010_3
010,M040218,-7.75,-16.96932,24.73848,44.525,5,1.105026,0.9803173,0.02467685,8.467805,1.707877,4.958089,12r,M040218_010_5
011,M040218,-6.875,-15.96754,26.51046,44.495,2,0.6643533,0.9189189,0.02027027,9.534508,1.932802,4.932998,46v,M040218_011_2
011,M040218,-6.875,-15.96754,26.51046,44.495,3,0.7176677,0.9189189,0.006756757,11.48595,1.582802,7.256721,46v,M040218_011_3
012,M040218,-9.375,-14.94124,24.89884,44.415,2,3.786668,0.9861927,0.03877791,8.327533,1.892652,4.399929,12r,M040218_012_2
017,M040218,-7.75,-18.952,24.03174,42.911,2,1.170417,0.9609283,0.01938896,12.08063,1.326602,9.106443,12l,M040218_017_2
017,M040218,-7.75,-18.952,24.03174,42.911,3,0.7823283,0.9609283,0.01057579,15.68512,1.592415,9.849893,12l,M040218_017_3
023,M040218,-10.375,-11.28117,27.01592,43.2635,1,15.42603,0.983255,0.04435958,7.993598,1.426386,5.60409,46v,M040218_023_1
024,M040218,-8.75,-9.88712,29.011,43.346,2,1.941877,0.9861927,0.01233843,8.702807,1.610395,5.404145,46df,M040218_024_2
026,M040218,-9.25,-19.319,23.07391,41.6475,2,6.03264,0.9670975,0.01204465,8.931345,1.536196,5.813934,12l,M040218_026_2
026,M040218,-9.25,-19.319,23.07391,41.6475,3,1.534136,0.9788484,0.01850764,10.73372,1.766572,6.076014,12l,M040218_026_3
032,M040218,-11.25,-11.30923,26.62274,41.978,1,1.397416,0.9985312,0.0008813161,11.34719,1.821578,6.229318,46v,M040218_032_1
036,M040218,-8.5,-18.74306,25.18874,40.5405,1,23.10989,1,0.00293772,11.07476,1.117002,9.914721,45,M040218_036_1
039,M040218,-10.75,-14.55305,26.17915,40.618,2,0.9290043,0.9988249,0.0126322,10.10624,1.442816,7.004521,46v,M040218_039_2
042,M040218,-9.125,-9.85287,29.93203,40.7025,2,0.8007138,0.9932432,0.001175088,23.74826,2.561044,9.272882,46df,M040218_042_2
042,M040218,-9.125,-9.85287,29.93203,40.7025,3,0.1285449,0.9932432,0.006756757,17.34641,1.773477,9.781015,46df,M040218_042_3
044,M040218,-8,-7.18197,31.61867,40.6225,2,4.296707,0.9885429,0.07491187,10.67913,1.899711,5.621451,8B,M040218_044_2
045,M040218,-6.5,-20.76815,25.23766,39.2525,2,15.77791,0.9609283,0.02761457,5.006879,1.136744,4.40458,46v,M040218_045_2
045,M040218,-6.5,-20.76815,25.23766,39.2525,3,1.381905,0.993537,0.002643948,14.95267,1.922004,7.779728,46v,M040218_045_3
050,M040218,-10.625,-12.76229,27.56029,39.3725,2,4.311403,0.9900118,0.03525265,8.282219,1.44687,5.724232,46df,M040218_050_2
053,M040218,-11,-8.85804,28.83064,39.145,2,19.60101,0.9574031,0.2241481,5.951527,1.356777,4.386518,46df,M040218_053_2
061,M040218,-11.75,-11.7927,27.16956,37.931,2,8.456292,0.9559342,0.04435958,6.364049,1.285784,4.949546,46df,M040218_061_2
061,M040218,-11.75,-11.7927,27.16956,37.931,3,7.529461,0.9973561,0.002056404,13.12648,1.290435,10.17214,46df,M040218_061_3
064,M040218,-8.625,-7.62148,32.04876,37.474,1,0.3418931,0.9938308,0.008519389,13.06832,1.692508,7.721272,8B,M040218_064_1
065,M040218,-8.75,-6.2824,32.10404,37.534,1,16.39105,0.9932432,0.002350176,10.6437,1.128741,9.429708,6DR,M040218_065_1
065,M040218,-8.75,-6.2824,32.10404,37.534,4,3.144682,0.9932432,0,14.76033,1.593678,9.261801,6DR,M040218_065_4
067,M040218,-8.125,-19.86815,25.3191,36.608,1,8.638286,0.9762045,0.003231492,11.80233,1.12358,10.50421,8A,M040218_067_1
067,M040218,-8.125,-19.86815,25.3191,36.608,2,15.31585,0.987074,0.005875441,7.974114,0.9177824,8.688459,8A,M040218_067_2
067,M040218,-8.125,-19.86815,25.3191,36.608,3,6.253113,0.9438896,0.02115159,4.778904,0.9429359,5.068111,8A,M040218_067_3
074,M040218,-10.75,-9.25815,29.5837,36.2185,2,10.32563,0.9923619,0.02348796,8.762611,1.272262,6.887424,8B,M040218_074_2
075,M040218,-10,-7.74015,30.65253,36.066,2,11.56589,0.9756169,0.01410106,8.431005,1.471849,5.728174,6DR,M040218_075_2
076,M040218,-8.75,-6.43504,32.28636,34.925,2,1.946157,0.9926557,0.06286722,8.093333,1.284241,6.302034,6DR,M040218_076_2
077,M040218,-7.25,-21.33344,25.1002,35.28,2,27.80393,0.9253819,0.0787309,4.624244,1.084084,4.265576,8A,M040218_077_2
078,M040218,-7.5625,-19.9466,26.56784,35.3,2,8.614941,0.9576969,0.1283784,6.223534,1.499972,4.149101,8A,M040218_078_2
079,M040218,-11.625,-18.44845,23.98195,35.3075,2,3.207465,0.9964747,0.09782609,7.737155,1.725821,4.483174,46v,M040218_079_2
085,M040218,-7.75,-8.74525,32.9965,34.755,2,3.807339,0.9544653,0.00293772,8.02884,1.55062,5.177826,6DR,M040218_085_2
096,M040218,-7.5,-10.57375,32.80194,33.2885,2,5.204596,0.9823737,0.02085781,11.84446,1.450818,8.16399,6DR,M040218_096_2
096,M040218,-7.5,-10.57375,32.80194,33.2885,3,5.623173,0.9685664,0.08108108,6.626599,1.436176,4.614058,6DR,M040218_096_3
106,M040218,-11.5,-12.52236,27.881,29.04,2,22.35307,0.882785,0.1066393,5.040277,1.163047,4.333684,6DR,M040218_106_2
106,M040218,-11.5,-12.52236,27.881,29.04,3,8.373616,0.9371328,0.03672151,3.708598,0.9774417,3.794188,6DR,M040218_106_3
106,M040218,-11.5,-12.52236,27.881,29.04,4,13.93115,0.9929495,0.009988249,10.92771,1.057649,10.33208,6DR,M040218_106_4
106,M040218,-11.5,-12.52236,27.881,29.04,5,1.829008,0.9629847,0.004406581,5.875529,1.242898,4.727283,6DR,M040218_106_5
109,M040218,-10.625,-10.11827,29.84595,32.0405,2,14.48031,0.983255,0.03407755,7.180308,1.339517,5.360373,8B,M040218_109_2
109,M040218,-10.625,-10.11827,29.84595,32.0405,3,5.359282,0.983255,0.01233843,7.042377,1.30522,5.395548,8B,M040218_109_3
110,M040218,-9.75,-7.1587,31.48925,30.9,1,15.31063,0.9972727,0.004700352,8.246913,1.127499,7.314342,6DR,M040218_110_1
110,M040218,-9.75,-7.1587,31.48925,30.9,3,11.29211,0.980611,0.01586369,4.486271,0.9889575,4.536364,6DR,M040218_110_3
110,M040218,-9.75,-7.1587,31.48925,30.9,4,7.65875,0.9826674,0.04905993,6.785519,1.360501,4.987515,6DR,M040218_110_4
110,M040218,-9.75,-7.1587,31.48925,30.9,5,12.01495,0.9715041,0.002350176,8.296775,1.112498,7.457791,6DR,M040218_110_5
110,M040218,-9.75,-7.1587,31.48925,30.9,10,7.148427,0.9715041,0.002056404,8.482026,1.323826,6.407205,6DR,M040218_110_10
116,M040218,-10,-15.43875,27.5835,27.837,2,0.3989693,0.9576969,0,12.38252,1.788174,6.92467,6DC,M040218_116_2
117,M040218,-9.5,-14.23988,29.14431,27.8995,1,14.12576,0.9415393,0.1119271,8.217866,1.046659,7.851519,6DC,M040218_117_1
118,M040218,-9.5,-12.81364,29.88193,27.8995,2,2.975695,0.9973561,0.0005875441,12.88645,1.424464,9.046521,6DC,M040218_118_2
123,M040218,-9.625,-6.1616,32.2338,29.582,1,10.93056,0.9582844,0.1812573,6.002551,1.370253,4.380614,6DR,M040218_123_1
125,M040218,-7.875,-3.8075,34.413,29.5905,1,14.50348,0.9327262,0.02878966,5.572539,1.333793,4.177964,6DR,M040218_125_1
125,M040218,-7.875,-3.8075,34.413,29.5905,3,3.061847,0.9982374,0.0008813161,12.55888,1.586689,7.915153,6DR,M040218_125_3
128,M040218,-8,-14.3632,30.3792,26.686,2,25.37955,0.9095182,0.04054054,5.381933,1.079191,4.987006,6DC,M040218_128_2
128,M040218,-8,-14.3632,30.3792,26.686,4,7.406058,0.9230317,0.04788484,6.16091,1.03748,5.938339,6DC,M040218_128_4
133,M040218,-8.25,-7.58244,33.2327,28.3215,2,0.4562052,0.9456522,0.003819037,8.63244,2.405876,3.588065,6DR,M040218_133_2
133,M040218,-8.25,-7.58244,33.2327,28.3215,4,2.934959,0.9867803,0.01762632,11.45058,1.399077,8.184385,6DR,M040218_133_4
134,M040218,-8.375,-6.66385,33.56136,28.2425,2,1.250004,0.9958872,0.0005875441,15.13407,1.71519,8.823554,6DR,M040218_134_2
135,M040218,-8.25,-5.42561,33.80149,27.8245,2,2.15665,0.9955934,0,11.42666,1.622501,7.042618,6DR,M040218_135_2
135,M040218,-8.25,-5.42561,33.80149,27.8245,3,0.5303931,0.9952996,0.004406581,9.182772,1.479366,6.207236,6DR,M040218_135_3
135,M040218,-8.25,-5.42561,33.80149,27.8245,4,1.210182,0.996181,0,20.67734,2.145897,9.635756,6DR,M040218_135_4
135,M040218,-8.25,-5.42561,33.80149,27.8245,5,1.435628,1,0.0005875441,34.8049,2.958007,11.76633,6DR,M040218_135_5
138,M040218,-7.875,-15.9648,29.8894,25.498,2,3.676172,0.9850176,0.1051704,7.659604,1.430345,5.355074,6DC,M040218_138_2
140,M040218,-8.25,-13.2268,31.4346,25.248,2,13.06357,0.9556404,0.02967098,5.919888,1.130118,5.238293,6DC,M040218_140_2
142,M040218,-8.625,-10.47882,32.3417,24.943,2,1.385319,0.9844301,0.1007638,9.67485,1.70676,5.668549,6DC,M040218_142_2
144,M040218,-8,-7.51144,33.52482,26.5041,2,0.9635413,0.9944183,0.01880141,10.21254,1.377731,7.41258,6DC,M040218_144_2
144,M040218,-8,-7.51144,33.52482,26.5041,3,0.2313076,0.9988249,0,28.20874,2.577154,10.94569,6DC,M040218_144_3
146,M040218,-6.75,-5.346,35.51948,26.472,1,18.81503,0.983255,0.03084606,9.287907,1.186636,7.827092,6DC,M040218_146_1
146,M040218,-6.75,-5.346,35.51948,26.472,3,15.45293,0.943302,0.1439483,4.804065,1.186711,4.048218,6DC,M040218_146_3
147,M040218,-6.875,-4.2085,35.50357,26.4745,1,13.30549,0.976792,0.1125147,7.407519,1.252748,5.913017,6DC,M040218_147_1
147,M040218,-6.875,-4.2085,35.50357,26.4745,2,6.901409,0.9465335,0.01410106,9.916237,1.169919,8.476003,6DC,M040218_147_2
152,M040218,-8.0625,-10.6434,33.1554,23.765,1,10.69584,0.9747356,0.0008813161,13.25397,1.254155,10.56805,6DC,M040218_152_1
152,M040218,-8.0625,-10.6434,33.1554,23.765,2,7.484622,0.9747356,0.003525264,12.67931,1.113576,11.38612,6DC,M040218_152_2
152,M040218,-8.0625,-10.6434,33.1554,23.765,4,7.175221,0.9982374,0.03084606,6.510189,0.9868975,6.596621,6DC,M040218_152_4
152,M040218,-8.0625,-10.6434,33.1554,23.765,8,14.19093,0.9888366,0.009400705,5.973825,0.848122,7.043592,6DC,M040218_152_8
157,M040218,-5.875,-4.17134,36.53631,24.9575,2,4.606336,0.9712104,0.006756757,7.722082,1.335278,5.783127,6DC,M040218_157_2
157,M040218,-5.875,-4.17134,36.53631,24.9575,3,0.7929802,0.9712104,0.03554641,9.588918,1.485294,6.455904,6DC,M040218_157_3
002,M040418,-5.75,-15.5392,25.99056,45.865,2,0.2581314,0.9994125,0.0005875441,15.03432,1.92681,7.802703,12r,M040418_002_2
006,M040418,-11.125,-10.7116,24.1548,45.76,3,26.60816,0.9074618,0.1019389,4.896499,1.38986,3.523016,11ml,M040418_006_3
006,M040418,-11.125,-10.7116,24.1548,45.76,4,1.484765,0.9950058,0.006462985,12.44591,1.502088,8.285743,11ml,M040418_006_4
010,M040418,-7.75,-16.96932,24.73848,44.525,1,5.79578,0.9809048,0.00293772,12.7137,1.351102,9.409877,12r,M040418_010_1
010,M040418,-7.75,-16.96932,24.73848,44.525,3,0.6039826,0.9809048,0.007344301,10.83397,1.387866,7.806205,12r,M040418_010_3
010,M040418,-7.75,-16.96932,24.73848,44.525,4,2.752828,0.9873678,0.001175088,14.84449,1.626664,9.125726,12r,M040418_010_4
010,M040418,-7.75,-16.96932,24.73848,44.525,5,1.304362,0.9873678,0.004700352,11.28456,1.580387,7.140382,12r,M040418_010_5
011,M040418,-6.875,-15.96754,26.51046,44.495,1,15.6137,0.9015864,0.1186839,6.264516,1.730851,3.619328,46v,M040418_011_1
011,M040418,-6.875,-15.96754,26.51046,44.495,3,0.8127632,0.9952996,0.002643948,14.27264,1.575449,9.059415,46v,M040418_011_3
012,M040418,-9.375,-14.94124,24.89884,44.415,2,26.41243,0.9245006,0.07961222,4.006856,0.9593205,4.176765,12r,M040418_012_2
012,M040418,-9.375,-14.94124,24.89884,44.415,3,2.04246,0.9723854,0.03907168,8.55708,1.427802,5.993184,12r,M040418_012_3
012,M040418,-9.375,-14.94124,24.89884,44.415,4,2.261308,0.9844301,0.004112808,14.10082,1.555439,9.065497,12r,M040418_012_4
012,M040418,-9.375,-14.94124,24.89884,44.415,5,0.8068302,0.9723854,0.008813161,10.44098,1.702953,6.131105,12r,M040418_012_5
013,M040418,-10.1875,-13.8664,24.916,44.435,2,3.026448,0.9932432,0.006756757,4.93659,1.290103,3.826507,11ml,M040418_013_2
014,M040418,-9.125,-11.12732,27.30661,44.5925,2,5.026621,0.9779671,0.003231492,8.41302,2.286267,3.679807,46v,M040418_014_2
016,M040418,-9.875,-8.92036,27.47794,44.543,2,9.164446,0.9964747,0.004406581,8.606864,1.271162,6.770863,46v,M040418_016_2
017,M040418,-7.75,-18.952,24.03174,42.911,2,0.8758531,0.949765,0.003525264,13.70786,1.369753,10.00754,12l,M040418_017_2
018,M040418,-7,-17.85288,26.06626,43.121,1,27.90001,0.9224442,0.07079906,6.406573,2.006961,3.192176,12l,M040418_018_1
022,M040418,-11.625,-12.61365,25.3517,43.1735,2,0.3899131,0.9950058,0.002350176,11.40466,1.861305,6.127238,11ml,M040418_022_2
023,M040418,-10.375,-11.28117,27.01592,43.2635,1,12.02006,0.9947121,0.006169213,9.352135,1.349351,6.930839,46v,M040418_023_1
025,M040418,-8.25,-8.58725,30.0286,43.3025,2,3.271205,0.9967685,0.007344301,12.16032,1.512301,8.04094,46df,M040418_025_2
026,M040418,-9.25,-19.319,23.07391,41.6475,2,0.7111021,0.9952996,0.03730905,11.97104,1.911454,6.262794,12l,M040418_026_2
032,M040418,-11.375,-11.30923,26.62274,41.978,2,3.010759,0.9973561,0.004700352,12.01566,2.295351,5.23478,46v,M040418_032_2
036,M040418,-8.5,-18.74306,25.18874,40.5405,2,1.582861,0.9712104,0.008519389,11.34663,16.56265,0.685073,45,M040418_036_2
036,M040418,-8.5,-18.74306,25.18874,40.5405,3,18.63007,0.9239131,0.04465335,5.065213,5.445172,0.9302209,45,M040418_036_3
042,M040418,-9.125,-9.85287,29.93203,40.7025,2,1.057451,0.9950058,0.004406581,12.06309,13.17383,0.9156853,46df,M040418_042_2
045,M040418,-6.5,-20.76815,25.23766,39.2525,2,2.144511,0.9976498,0.01145711,13.55397,2.330218,5.816611,46v,M040418_045_2
050,M040418,-10.625,-12.76229,27.56029,39.3725,1,5.177185,0.9958872,0.0273208,10.02247,1.277889,7.842986,46df,M040418_050_1
053,M040418,-11,-8.85804,28.83064,39.145,3,0.3493667,0.9976498,0.005287896,12.17348,1.742407,6.986588,46df,M040418_053_3
061,M040418,-11.75,-11.7927,27.16956,37.931,1,36.84865,0.9856052,0.1742068,5.020413,1.495883,3.356154,46df,M040418_061_1
061,M040418,-11.75,-11.7927,27.16956,37.931,2,12.18421,0.9856052,0.02027027,8.810545,1.445113,6.096787,46df,M040418_061_2
064,M040418,-8.625,-7.62148,32.04876,37.474,3,0.7041879,0.9952996,0.003231492,12.74722,1.662194,7.668911,8B,M040418_064_3
065,M040418,-8.75,-6.2824,32.10404,37.534,2,16.68377,0.9903055,0.05816686,7.618176,1.008116,7.556845,6DR,M040418_065_2
065,M040418,-8.75,-6.2824,32.10404,37.534,3,6.306347,0.993537,0.004406581,13.61845,1.479992,9.201703,6DR,M040418_065_3
067,M040418,-8.125,-19.86815,25.3191,36.608,1,15.69208,0.9518214,0.007638073,7.942476,1.190353,6.672369,8A,M040418_067_1
067,M040418,-8.125,-19.86815,25.3191,36.608,3,8.39469,0.9518214,0.007050529,10.57379,1.376517,7.681551,8A,M040418_067_3
074,M040418,-10.75,-9.25815,29.5837,36.2185,2,10.46809,0.9750293,0.01586369,6.687262,1.107355,6.038952,8B,M040418_074_2
074,M040418,-10.75,-9.25815,29.5837,36.2185,3,6.999809,0.9876616,0.004406581,11.14857,1.249148,8.924938,8B,M040418_074_3
074,M040418,-10.75,-9.25815,29.5837,36.2185,4,4.052174,0.9888366,0.0005875441,11.75077,1.497404,7.847432,8B,M040418_074_4
075,M040418,-10,-7.74015,30.65253,36.066,2,8.975944,0.9764982,0.01351351,8.409483,1.262213,6.662489,6DR,M040418_075_2
077,M040418,-7.25,-21.33344,25.1002,35.28,1,36.48307,0.9315511,0.07696828,4.724777,1.041282,4.537461,8A,M040418_077_1
078,M040418,-7.5625,-19.9466,26.56784,35.3,2,12.00193,0.9747356,0.1145711,7.342057,1.306712,5.618726,8A,M040418_078_2
083,M040418,-12,-11.82238,27.82038,34.82,2,0.5115215,0.9976498,0.006756757,12.61077,1.609993,7.832812,8A,M040418_083_2
097,M040418,-10.75,-9.1692,30.01684,33.371,1,24.51082,1,0.002350176,18.01426,1.876209,9.601416,6DR,M040418_097_1
097,M040418,-10.75,-9.1692,30.01684,33.371,2,1.234763,1,0.03025852,3.477421,1.031234,3.372098,6DR,M040418_097_2
108,M040418,-12.625,-9.88749,27.70152,28.665,2,6.050332,0.9585782,0.1013514,5.40167,1.803219,2.995571,6DR,M040418_108_2
109,M040418,-10.625,-10.11827,29.84595,32.0405,1,19.59356,0.9556404,0.08254994,5.836071,1.140113,5.118854,8B,M040418_109_1
109,M040418,-10.625,-10.11827,29.84595,32.0405,3,12.38476,0.9900118,0.008519389,10.97664,1.182662,9.281298,8B,M040418_109_3
110,M040418,-9.75,-7.1587,31.48925,30.9,2,9.180024,0.9638661,0.02614571,6.144764,1.171856,5.243617,6DR,M040418_110_2
112,M040418,-14.5,-5.18155,27.31865,30.85,2,7.715641,0.9817861,0.1254407,8.463764,1.12035,7.554572,24c,M040418_112_2
116,M040418,-10,-15.43875,27.5835,27.837,2,0.6082041,0.9908931,0.01116334,10.97621,1.61698,6.788092,6DC,M040418_116_2
116,M040418,-10,-15.43875,27.5835,27.837,3,0.3500215,0.9908931,0.001175088,17.50993,1.569085,11.15933,6DC,M040418_116_3
117,M040418,-9.5,-14.23988,29.14431,27.8995,1,12.21799,0.9970623,0.006169213,10.95642,1.020851,10.73264,6DC,M040418_117_1
117,M040418,-9.5,-14.23988,29.14431,27.8995,5,14.85682,0.9958872,0.03495887,8.188716,0.8435372,9.707593,6DC,M040418_117_5
128,M040418,-8,-14.3632,30.3792,26.686,2,16.48072,0.9450646,0.01321974,6.577796,1.131335,5.814187,6DC,M040418_128_2
128,M040418,-8,-14.3632,30.3792,26.686,3,2.341753,0.9809048,0.03701528,9.569317,1.519434,6.297947,6DC,M040418_128_3
133,M040418,-8.25,-7.58244,33.2327,28.3215,2,1.324342,0.9876616,0.004994125,8.286271,3.580689,2.314156,6DR,M040418_133_2
135,M040418,-8.25,-5.42561,33.80149,27.8245,1,1.982779,0.9967685,0.00146886,14.92183,1.649868,9.044259,6DR,M040418_135_1
135,M040418,-8.25,-5.42561,33.80149,27.8245,3,1.1878,0.9991187,0.001175088,31.49798,2.648279,11.89375,6DR,M040418_135_3
135,M040418,-8.25,-5.42561,33.80149,27.8245,4,1.483445,0.9967685,0,22.29643,2.190289,10.17968,6DR,M040418_135_4
138,M040418,-7.875,-15.9648,29.8894,25.498,2,4.900932,0.9726792,0.06257344,6.895088,1.337974,5.153379,6DC,M040418_138_2
139,M040418,-9.875,-14.5445,28.89175,25.0355,1,3.502794,0.996181,0.007638073,7.582979,1.698632,4.464168,6DC,M040418_139_1
144,M040418,-8,-7.51144,33.52482,26.5041,2,1.265729,0.9970623,0.003525264,13.33185,1.713898,7.77867,6DC,M040418_144_2
146,M040418,-6.75,-5.346,35.51948,26.472,1,13.69024,0.976792,0.04054054,6.199142,1.137326,5.450631,6DC,M040418_146_1
146,M040418,-6.75,-5.346,35.51948,26.472,3,17.94826,0.9982374,0.003819037,11.56456,1.232065,9.386322,6DC,M040418_146_3
147,M040418,-6.875,-4.2085,35.50357,26.4745,1,5.549196,0.9820799,0.005875441,15.57439,1.432421,10.87277,6DC,M040418_147_1
147,M040418,-6.875,-4.2085,35.50357,26.4745,4,2.230873,0.980611,0.004994125,8.728474,1.40228,6.224486,6DC,M040418_147_4
147,M040418,-6.875,-4.2085,35.50357,26.4745,5,4.914187,0.980611,0.01116334,11.60415,1.228219,9.447947,6DC,M040418_147_5
152,M040418,-8.0625,-10.6434,33.1554,23.765,1,14.74504,0.9958872,0.005581669,6.334684,0.8680032,7.297996,6DC,M040418_152_1
152,M040418,-8.0625,-10.6434,33.1554,23.765,3,2.022453,0.9515276,0.1092832,6.24081,1.058127,5.897978,6DC,M040418_152_3
152,M040418,-8.0625,-10.6434,33.1554,23.765,5,11.14279,0.9905993,0.005287896,5.172071,0.9644337,5.362805,6DC,M040418_152_5
152,M040418,-8.0625,-10.6434,33.1554,23.765,8,6.983872,1,0.004112808,23.34511,1.961396,11.90229,6DC,M040418_152_8
153,M040418,-7.625,-9.22515,34.12961,23.615,2,13.49924,0.9911869,0.02173913,6.982286,1.155369,6.043341,6DC,M040418_153_2
153,M040418,-7.625,-9.22515,34.12961,23.615,3,2.0532,0.9908931,0.07549942,7.24658,1.730498,4.187569,6DC,M040418_153_3
157,M040418,-5.875,-4.17134,36.53631,24.9575,2,19.65041,0.9447709,0.09694477,5.555079,1.516568,3.662928,6DC,M040418_157_2
157,M040418,-5.875,-4.17134,36.53631,24.9575,3,15.11798,0.9800235,0.02144536,6.092058,1.189867,5.119947,6DC,M040418_157_3
002,M041018,-5.75,-15.5392,25.99056,45.865,2,0.5710976,0.989718,0.03113984,7.09166,2.319788,3.05703,12r,M041018_002_2
002,M041018,-5.75,-15.5392,25.99056,45.865,3,3.201194,0.9979436,0.006462985,9.401274,3.069067,3.063235,12r,M041018_002_3
005,M041018,-9.3125,-12.01399,25.1788,45.7825,1,4.80427,0.9814923,0.04759107,8.505491,1.971052,4.315204,11ml,M041018_005_1
006,M041018,-11.125,-10.7116,24.1548,45.76,2,0.4462207,0.9844301,0.003231492,13.68393,3.092726,4.424554,11ml,M041018_006_2
006,M041018,-11.125,-10.7116,24.1548,45.76,3,3.653409,0.9844301,0.001175088,13.79528,1.585984,8.698247,11ml,M041018_006_3
007,M041018,-8.875,-9.991,26.972,45.91,2,1.423862,0.9800235,0.01703878,10.76536,1.759662,6.117857,46v,M041018_007_2
010,M041018,-7.75,-16.96932,24.73848,44.525,2,1.610654,0.9964747,0.003819037,15.32323,1.519971,10.08127,12r,M041018_010_2
012,M041018,-9.375,-14.94124,24.89884,44.415,2,1.085609,0.9838426,0.1016451,8.867397,1.548855,5.725132,12r,M041018_012_2
012,M041018,-9.375,-14.94124,24.89884,44.415,4,0.7117496,0.980611,0.006462985,11.27488,1.666324,6.766317,12r,M041018_012_4
013,M041018,-10.4375,-13.87446,24.663,44.42,1,1.10644,0.987074,0.0546416,7.391354,2.122954,3.481637,11ml,M041018_013_1
013,M041018,-10.4375,-13.87446,24.663,44.42,3,2.645668,0.9873678,0.01527615,11.58359,1.625732,7.125151,11ml,M041018_013_3
014,M041018,-9.125,-11.12732,27.30661,44.5925,2,0.5936668,0.9979436,0.000293772,14.89599,1.774243,8.395685,46v,M041018_014_2
017,M041018,-7.75,-18.952,24.03174,42.911,2,4.299601,0.9653349,0.01703878,7.575521,1.545273,4.902383,12l,M041018_017_2
017,M041018,-7.75,-18.952,24.03174,42.911,3,0.7754477,0.9826674,0.01321974,12.49336,1.94347,6.428379,12l,M041018_017_3
018,M041018,-7,-17.85288,26.06626,43.121,2,2.938668,0.9803173,0.06081081,9.152883,1.698929,5.387444,12l,M041018_018_2
019,M041018,-10.5,-16.71702,23.80168,43.001,2,18.1657,0.980611,0.05728555,5.949043,1.084284,5.486609,12m,M041018_019_2
025,M041018,-8.25,-8.58725,30.0286,43.3025,2,8.939658,0.9991187,0.001762632,9.613066,1.358578,7.075828,46df,M041018_025_2
032,M041018,-11.5,-11.31562,26.42456,41.973,2,7.098382,0.9938308,0.01880141,8.380676,2.112134,3.967872,46v,M041018_032_2
036,M041018,-8.5,-18.74306,25.18874,40.5405,2,22.03461,0.9988249,0.007050529,9.596202,1.276905,7.515207,45,M041018_036_2
053,M041018,-11,-8.85804,28.83064,39.145,2,4.119372,0.9720917,0.05199765,6.699116,1.564899,4.280862,46df,M041018_053_2
060,M041018,-11.375,-13.13684,26.88568,37.9335,2,3.229122,0.9747356,0.009106933,8.600962,1.639657,5.245586,46df,M041018_060_2
065,M041018,-8.75,-6.2824,32.10404,37.534,1,21.43308,0.9450646,0.01028202,7.492264,1.142014,6.56057,6DR,M041018_065_1
065,M041018,-8.75,-6.2824,32.10404,37.534,2,8.833907,0.9450646,0.02673326,7.904165,1.408767,5.610695,6DR,M041018_065_2
067,M041018,-8.125,-19.86815,25.3191,36.608,1,15.34042,0.9932432,0.009988249,10.58172,1.122843,9.424042,8A,M041018_067_1
067,M041018,-8.125,-19.86815,25.3191,36.608,2,8.636831,0.9262632,0.03172738,5.372711,1.281254,4.193322,8A,M041018_067_2
069,M041018,-12.625,-16.4456,23.73947,36.6605,2,2.366091,0.9941245,0.003525264,9.162068,1.179837,7.765539,46v,M041018_069_2
072,M041018,-11.3125,-11.91356,28.2818,36.221,2,3.589211,0.9750293,0.0126322,6.377074,1.283396,4.968906,8B,M041018_072_2
072,M041018,-11.3125,-11.91356,28.2818,36.221,4,0.4935587,0.9973415,0.002643948,15.38934,1.50409,10.23167,8B,M041018_072_4
072,M041018,-11.3125,-11.91356,28.2818,36.221,5,0.1562891,0.9973415,0.0007595898,21.9736,1.72086,12.76896,8B,M041018_072_5
074,M041018,-10.75,-9.25815,29.5837,36.2185,2,7.639858,0.9994125,0.002643948,15.48106,1.538719,10.06101,8B,M041018_074_2
075,M041018,-10,-7.74015,30.65253,36.066,2,7.802557,0.9553466,0.04289072,6.659728,1.534314,4.340524,6DR,M041018_075_2
075,M041018,-10,-7.74015,30.65253,36.066,3,8.660619,0.9553466,0.04318449,6.147163,1.141599,5.384696,6DR,M041018_075_3
077,M041018,-7.25,-21.33344,25.1002,35.28,2,9.210884,0.9632785,0.04435958,6.147727,1.316948,4.66816,8A,M041018_077_2
080,M041018,-8.9375,-16.74323,27.67023,35.3475,2,13.11569,0.9612221,0.04582844,5.03,1.15701,4.347412,46d,M041018_080_2
080,M041018,-8.9375,-16.74323,27.67023,35.3475,3,6.074368,0.9891304,0.001762632,8.798499,1.424378,6.177083,46d,M041018_080_3
083,M041018,-12,-11.82238,27.82038,34.82,2,0.5781528,0.9856052,0.002350176,8.956689,1.431634,6.256269,8A,M041018_083_2
083,M041018,-12,-11.82238,27.82038,34.82,3,0.3266301,0.9856052,0.003525264,12.29817,1.440521,8.537302,8A,M041018_083_3
085,M041018,-7.75,-8.74525,32.9965,34.755,2,0.5654759,0.9851209,0.03525265,10.91292,1.627348,6.705953,6DR,M041018_085_2
085,M041018,-7.75,-8.74525,32.9965,34.755,3,6.728441,0.9873678,0.01086957,8.556513,1.248337,6.854329,6DR,M041018_085_3
095,M041018,-12.5,-12.32732,27.17342,33.481,2,0.407068,0.9950058,0.006462985,8.577289,1.573046,5.452661,8A,M041018_095_2
096,M041018,-7.5,-10.57375,32.80194,33.2885,1,14.26816,0.9480023,0.02643948,8.482046,1.159053,7.318082,6DR,M041018_096_1
096,M041018,-7.5,-10.57375,32.80194,33.2885,3,16.47606,0.9480023,0.01028202,8.091983,1.079562,7.495617,6DR,M041018_096_3
106,M041018,-11.5,-12.52236,27.881,29.04,1,19.53156,0.9065805,0.01439483,7.980291,1.062101,7.513681,6DR,M041018_106_1
106,M041018,-11.5,-12.52236,27.881,29.04,3,14.54863,0.9065805,0.01321974,10.32918,1.341535,7.699525,6DR,M041018_106_3
108,M041018,-12.75,-9.88749,27.70152,28.665,2,8.128631,0.9873678,0.06991775,6.951178,1.077334,6.452205,6DR,M041018_108_2
108,M041018,-12.75,-9.88749,27.70152,28.665,3,4.957158,0.9709166,0.06756756,6.541233,1.441746,4.537024,6DR,M041018_108_3
113,M041018,-7.875,-3.719,34.11175,30.8545,2,33.46387,0.9844301,0.02350176,6.634466,1.512895,4.385278,6DR,M041018_113_2
116,M041018,-10.125,-15.43875,27.5835,27.837,2,0.6335095,1,0,20.01661,2.096751,9.546489,6DC,M041018_116_2
117,M041018,-9.5,-14.23988,29.14431,27.8995,3,2.343035,0.9994125,0,22.58487,2.026905,11.14254,6DC,M041018_117_3
118,M041018,-9.5,-12.81364,29.88193,27.8995,2,2.310179,0.9985312,0,13.44287,1.659097,8.10252,6DC,M041018_118_2
119,M041018,-12.25,-11.4469,27.6796,27.462,2,0.2985185,1,0.02320799,11.23596,1.728858,6.499063,6DC,M041018_119_2
125,M041018,-7.875,-3.8075,34.413,29.5905,2,14.98892,0.9629847,0.233255,5.324311,1.542585,3.451552,6DR,M041018_125_2
128,M041018,-8,-14.3632,30.3792,26.686,2,3.301446,0.9820799,0.009106933,9.593286,1.325454,7.237737,6DC,M041018_128_2
128,M041018,-8,-14.3632,30.3792,26.686,3,9.697163,0.9579906,0.09341951,6.662525,1.478837,4.505246,6DC,M041018_128_3
129,M041018,-15,-12.8946,24.37457,25.7085,2,6.287079,0.9691539,0.01527615,8.235814,1.375324,5.98827,6DC,M041018_129_2
134,M041018,-8.5,-6.66385,33.56136,28.2425,2,11.7784,0.9618096,0.04641598,6.762253,1.557442,4.341898,6DR,M041018_134_2
135,M041018,-8.25,-5.42561,33.80149,27.8245,2,3.967825,0.9932432,0.002350176,15.00949,1.921093,7.812995,6DR,M041018_135_2
135,M041018,-8.25,-5.42561,33.80149,27.8245,3,1.321868,0.9900118,0.03936545,8.299486,1.562065,5.313152,6DR,M041018_135_3
135,M041018,-8.25,-5.42561,33.80149,27.8245,4,1.021856,1,0,27.64608,2.468508,11.19951,6DR,M041018_135_4
140,M041018,-8.25,-13.2268,31.4346,25.248,2,0.1770037,0.9992953,0.00422833,18.28758,1.775858,10.29788,6DC,M041018_140_2
144,M041018,-8,-7.51144,33.52482,26.5041,2,0.9916357,0.9923619,0.009106933,8.615308,1.905203,4.521991,6DC,M041018_144_2
146,M041018,-6.75,-5.346,35.51948,26.472,2,15.95161,0.9929495,0.02173913,9.085804,1.187443,7.651567,6DC,M041018_146_2
147,M041018,-6.875,-4.2085,35.50357,26.4745,2,6.086403,0.9597532,0.02379553,10.39064,1.106942,9.386799,6DC,M041018_147_2
147,M041018,-6.875,-4.2085,35.50357,26.4745,3,4.300181,0.9597532,0.06022327,8.867507,1.11217,7.973156,6DC,M041018_147_3
153,M041018,-7.75,-9.22515,34.12961,23.615,2,1.15886,0.9941245,0.002643948,12.49324,1.729043,7.225523,6DC,M041018_153_2
157,M041018,-5.875,-4.17134,36.53631,24.9575,2,9.710313,0.9970623,0.01116334,8.851768,1.35405,6.537255,6DC,M041018_157_2
002,M041118,-5.75,-15.5392,25.99056,45.865,1,0.647164,0.9905993,0.0008813161,6.89387,1.323924,5.207151,12r,M041118_002_1
003,M041118,-6.75,-14.58305,25.8466,45.8725,2,2.542645,0.9914806,0.02967098,9.944397,1.946357,5.109236,12r,M041118_003_2
005,M041118,-9.375,-12.01399,25.1788,45.7825,1,2.449698,0.9532902,0.03055229,9.205406,1.397492,6.587092,11ml,M041118_005_1
005,M041118,-9.375,-12.01399,25.1788,45.7825,2,2.013683,0.9565217,0.007931845,6.446373,1.124722,5.731524,11ml,M041118_005_2
005,M041118,-9.375,-12.01399,25.1788,45.7825,4,1.891217,0.9532902,0.007638073,12.86122,1.617206,7.952739,11ml,M041118_005_4
006,M041118,-11.125,-10.7116,24.1548,45.76,2,4.545078,0.9829612,0.006169213,10.29411,1.670528,6.162188,11ml,M041118_006_2
007,M041118,-8.9375,-9.991,26.972,45.91,1,4.224587,0.9723854,0.06169213,8.482566,1.673821,5.067787,46v,M041118_007_1
010,M041118,-7.75,-16.96932,24.73848,44.525,2,1.550799,1,0.001762632,16.76744,1.646562,10.1833,12r,M041118_010_2
012,M041118,-9.375,-14.94124,24.89884,44.415,1,1.02827,0.9732667,0.01821387,10.8416,1.499296,7.231123,12r,M041118_012_1
012,M041118,-9.375,-14.94124,24.89884,44.415,3,3.568434,0.9732667,0.0619859,7.23986,1.789814,4.045034,12r,M041118_012_3
012,M041118,-9.375,-14.94124,24.89884,44.415,4,0.831191,0.993537,0.006169213,12.09973,1.651855,7.324937,12r,M041118_012_4
014,M041118,-9.125,-11.12732,27.30661,44.5925,3,5.439837,0.9538778,0.04524089,7.823518,1.757161,4.452363,46v,M041118_014_3
017,M041118,-7.75,-18.952,24.03174,42.911,2,1.036316,0.9879553,0.02144536,13.19104,1.582714,8.334445,12l,M041118_017_2
019,M041118,-10.5,-16.71702,23.80168,43.001,3,15.73349,0.9973561,0.02585194,8.351992,1.133079,7.37106,12m,M041118_019_3
023,M041118,-10.5625,-11.29136,26.77536,43.256,1,7.261916,0.9894242,0.1151586,6.84397,1.928532,3.548798,46v,M041118_023_1
023,M041118,-10.5625,-11.29136,26.77536,43.256,2,0.2913818,0.9594595,0.00293772,12.21122,1.58067,7.725345,46v,M041118_023_2
023,M041118,-10.5625,-11.29136,26.77536,43.256,3,0.5539446,0.9594595,0,17.54775,2.259901,7.764831,46v,M041118_023_3
024,M041118,-8.8125,-9.88712,29.011,43.346,2,0.8962013,0.9982374,0.01175088,8.696319,2.039538,4.263866,46df,M041118_024_2
025,M041118,-8.25,-8.58725,30.0286,43.3025,2,8.494659,0.995984,0.001762632,10.33154,1.249785,8.266653,46df,M041118_025_2
026,M041118,-9.25,-19.319,23.07391,41.6475,2,1.109396,0.9947121,0.02115159,11.55783,1.548014,7.46623,12l,M041118_026_2
028,M041118,-10.6875,-16.8772,24.38168,41.745,2,1.685844,0.976792,0.04112808,6.848918,1.460573,4.689198,45,M041118_028_2
032,M041118,-11.5,-11.31562,26.42456,41.973,2,2.535917,0.9952996,0.01145711,8.871444,1.633261,5.431736,46v,M041118_032_2
035,M041118,-8.125,-20.21458,23.80796,40.473,3,1.143932,0.9797297,0.03319624,6.796699,1.434187,4.739059,45,M041118_035_3
036,M041118,-8.5,-18.74306,25.18874,40.5405,2,21.6194,0.9985312,0.003231492,9.128907,1.038574,8.789845,45,M041118_036_2
039,M041118,-10.75,-14.55305,26.17915,40.618,2,1.457071,0.9976498,0.05493537,10.9306,1.254868,8.710552,46v,M041118_039_2
042,M041118,-9.125,-9.85287,29.93203,40.7025,2,0.6767168,0.9976498,0.01380729,8.973197,1.258533,7.129887,46df,M041118_042_2
044,M041118,-8,-7.18197,31.61867,40.6225,2,0.2495192,0.9985312,0.002350176,17.85041,1.806453,9.88147,8B,M041118_044_2
045,M041118,-6.5,-20.76815,25.23766,39.2525,2,1.040633,0.9976498,0.01938896,14.14128,1.746914,8.095008,46v,M041118_045_2
050,M041118,-10.75,-12.76908,27.35408,39.37,2,2.453822,0.9929495,0.01145711,15.98103,1.640256,9.743007,46df,M041118_050_2
050,M041118,-10.75,-12.76908,27.35408,39.37,3,2.624876,0.9867803,0.03525265,7.903791,1.847096,4.279036,46df,M041118_050_3
051,M041118,-11.875,-11.44,26.918,39.375,3,4.829069,0.9803173,0.01938896,6.830114,1.849215,3.693521,46v,M041118_051_3
061,M041118,-11.875,-11.7927,27.16956,37.931,2,12.59143,0.9650411,0.02262045,6.054865,1.229077,4.92635,46df,M041118_061_2
065,M041118,-8.75,-6.2824,32.10404,37.534,2,7.915252,0.9447709,0.008519389,9.248891,1.285733,7.193478,6DR,M041118_065_2
065,M041118,-8.75,-6.2824,32.10404,37.534,3,10.68956,0.9447709,0.02320799,8.200776,1.377317,5.954169,6DR,M041118_065_3
065,M041118,-8.75,-6.2824,32.10404,37.534,4,17.48644,0.9106933,0.0220329,4.200124,0.9795069,4.287998,6DR,M041118_065_4
067,M041118,-8.125,-19.86815,25.3191,36.608,2,6.275548,0.9623972,0.0525852,6.041566,1.477729,4.088413,8A,M041118_067_2
067,M041118,-8.125,-19.86815,25.3191,36.608,3,12.82262,0.9785547,0.004994125,10.10885,1.298366,7.785825,8A,M041118_067_3
067,M041118,-8.125,-19.86815,25.3191,36.608,4,0.9493365,0.9623972,0.01057579,8.930834,1.729705,5.163212,8A,M041118_067_4
072,M041118,-11.3125,-11.91356,28.2818,36.221,2,0.4981346,0.9988249,0.007050529,10.80948,1.438815,7.512763,8B,M041118_072_2
074,M041118,-10.75,-9.25815,29.5837,36.2185,2,8.07647,0.9632785,0.07638073,6.265241,1.191491,5.258318,8B,M041118_074_2
074,M041118,-10.75,-9.25815,29.5837,36.2185,3,7.774929,0.9947121,0.006462985,12.46645,1.34465,9.271152,8B,M041118_074_3
075,M041118,-10,-7.74015,30.65253,36.066,2,9.544829,0.9829612,0.1368978,6.807434,1.614252,4.217083,6DR,M041118_075_2
077,M041118,-7.25,-21.33344,25.1002,35.28,2,26.81287,0.9809048,0.02291422,6.180446,1.075347,5.747396,8A,M041118_077_2
080,M041118,-8.9375,-16.74323,27.67023,35.3475,2,5.894897,0.987074,0.002056404,7.431569,1.199454,6.195793,46d,M041118_080_2
080,M041118,-8.9375,-16.74323,27.67023,35.3475,4,8.109137,0.9955934,0.005581669,9.826973,1.268341,7.747896,46d,M041118_080_4
096,M041118,-7.5,-10.57375,32.80194,33.2885,1,16.53212,0.9300823,0.02996475,8.404159,1.148412,7.318068,6DR,M041118_096_1
096,M041118,-7.5,-10.57375,32.80194,33.2885,2,17.28786,0.9300823,0.01086957,7.511967,1.043817,7.196635,6DR,M041118_096_2
097,M041118,-10.75,-9.1692,30.01684,33.371,2,18.25587,0.936839,0.09988249,6.232208,1.464777,4.254715,6DR,M041118_097_2
101,M041118,-7.125,-21.68744,25.69912,32.674,2,2.655836,0.9844301,0.02320799,6.912022,2.408069,2.870359,46v,M041118_101_2
106,M041118,-11.5,-12.52236,27.881,29.04,2,11.07767,0.9888366,0.0146886,8.694844,1.283534,6.774147,6DR,M041118_106_2
116,M041118,-10.125,-15.43875,27.5835,27.837,2,0.7736724,0.9888366,0.01439483,9.549316,1.767455,5.402862,6DC,M041118_116_2
117,M041118,-9.5,-14.23988,29.14431,27.8995,2,0.7841533,0.996181,0.02173913,9.7328,1.763199,5.519966,6DC,M041118_117_2
117,M041118,-9.5,-14.23988,29.14431,27.8995,3,1.47329,0.9964747,0.005287896,13.10457,1.945983,6.734164,6DC,M041118_117_3
128,M041118,-8,-14.3632,30.3792,26.686,1,5.906207,0.9450646,0.004994125,7.371086,1.372881,5.369062,6DC,M041118_128_1
128,M041118,-8,-14.3632,30.3792,26.686,2,45.93336,0.8857227,0.1410106,3.790771,1.074842,3.526818,6DC,M041118_128_2
128,M041118,-8,-14.3632,30.3792,26.686,3,10.79684,0.9450646,0.04582844,6.085776,1.510317,4.029469,6DC,M041118_128_3
135,M041118,-8.25,-5.42561,33.80149,27.8245,2,0.6578119,0.9882491,0.01527615,11.25591,1.778495,6.328896,6DR,M041118_135_2
135,M041118,-8.25,-5.42561,33.80149,27.8245,3,0.6449612,0.9970623,0.000293772,23.81406,2.325106,10.24214,6DR,M041118_135_3
135,M041118,-8.25,-5.42561,33.80149,27.8245,4,3.949199,0.9882491,0.002350176,16.90411,2.120726,7.970908,6DR,M041118_135_4
139,M041118,-9.875,-14.5445,28.89175,25.0355,3,0.5034075,0.9817861,0.07638073,10.56326,1.440335,7.33389,6DC,M041118_139_3
142,M041118,-8.75,-10.47882,32.3417,24.943,2,3.723682,0.9841363,0.08372503,7.327353,2.128461,3.44256,6DC,M041118_142_2
144,M041118,-8,-7.51144,33.52482,26.5041,2,0.8641107,0.993537,0.02173913,8.777184,2.107538,4.164662,6DC,M041118_144_2
146,M041118,-6.75,-5.346,35.51948,26.472,1,16.6955,0.9973561,0.01380729,10.83028,1.124319,9.632744,6DC,M041118_146_1
147,M041118,-6.875,-4.2085,35.50357,26.4745,1,5.882679,0.9979436,0.0146886,14.00101,1.196168,11.70489,6DC,M041118_147_1
149,M041118,-9.5,-14.76246,29.85922,23.665,1,4.398331,0.9864865,0.03495887,6.721581,1.978146,3.39792,6DC,M041118_149_1
152,M041118,-8.0625,-10.6434,33.1554,23.765,2,2.757457,0.9823737,0.0293772,8.477841,1.870941,4.531325,6DC,M041118_152_2
152,M041118,-8.0625,-10.6434,33.1554,23.765,3,0.2281633,0.9997062,0.00293772,15.29598,2.350961,6.506268,6DC,M041118_152_3
152,M041118,-8.0625,-10.6434,33.1554,23.765,4,2.093196,0.9823737,0.07432432,7.848659,1.636232,4.796788,6DC,M041118_152_4
153,M041118,-7.75,-9.22515,34.12961,23.615,2,0.968399,0.9873678,0.06022327,9.106834,2.816642,3.233224,6DC,M041118_153_2
153,M041118,-7.75,-9.22515,34.12961,23.615,3,0.2897349,0.9911869,0.005875441,20.40308,4.00275,5.097265,6DC,M041118_153_3
157,M041118,-5.875,-4.17134,36.53631,24.9575,1,7.726609,0.9885429,0.02056404,7.638184,1.398495,5.461717,6DC,M041118_157_1
005,M041618,-9.375,-12.01399,25.1788,45.7825,2,3.36951,1,0.0005875441,18.06911,1.590638,11.35966,11ml,M041618_005_2
007,M041618,-9.1875,-9.99404,26.6172,45.895,3,3.489042,0.9788484,0.005581669,7.869152,1.650615,4.767405,46v,M041618_007_3
011,M041618,-6.875,-15.96754,26.51046,44.495,2,4.540781,0.9947121,0.01175088,9.469183,1.542626,6.138354,46v,M041618_011_2
012,M041618,-9.375,-14.94124,24.89884,44.415,2,4.762736,0.9673913,0.05052879,8.433838,1.818421,4.638,12r,M041618_012_2
012,M041618,-9.375,-14.94124,24.89884,44.415,3,0.6711775,0.9673913,0.007931845,9.736799,2.013535,4.835673,12r,M041618_012_3
013,M041618,-10.5625,-13.87849,24.5365,44.4125,1,0.6276131,0.9300823,0.002350176,11.85945,1.628026,7.284559,11ml,M041618_013_1
013,M041618,-10.5625,-13.87849,24.5365,44.4125,3,1.023308,0.9300823,0.003819037,14.1294,1.306007,10.81878,11ml,M041618_013_3
014,M041618,-9.25,-11.1248,27.1534,44.585,2,0.9705482,0.9712104,0.0146886,16.42232,1.947931,8.430646,46v,M041618_014_2
014,M041618,-9.25,-11.1248,27.1534,44.585,3,0.4346479,0.9712104,0.01733255,10.73884,2.120718,5.063773,46v,M041618_014_3
014,M041618,-9.25,-11.1248,27.1534,44.585,5,0.3764344,0.9850176,0,17.40059,1.860877,9.350745,46v,M041618_014_5
016,M041618,-10.125,-8.92502,27.26433,44.5355,2,2.279959,0.9932432,0.009106933,11.27803,1.970791,5.722593,46v,M041618_016_2
018,M041618,-7,-17.85288,26.06626,43.121,2,5.285498,0.9744418,0.056698,9.297026,1.669027,5.570327,12l,M041618_018_2
019,M041618,-10.5,-16.71702,23.80168,43.001,1,14.5809,0.9735605,0.03936545,5.940446,1.032928,5.751077,12m,M041618_019_1
019,M041618,-10.5,-16.71702,23.80168,43.001,2,0.3485091,0.9817861,0.04964747,8.78421,1.681648,5.223574,12m,M041618_019_2
023,M041618,-10.5625,-11.29136,26.77536,43.256,2,9.666629,0.9723854,0.02173913,6.261088,1.256122,4.984458,46v,M041618_023_2
023,M041618,-10.5625,-11.29136,26.77536,43.256,3,2.182983,0.9917744,0.006462985,10.3137,1.540516,6.694964,46v,M041618_023_3
024,M041618,-9.3125,-9.91544,28.46275,43.331,2,1.151237,0.9908931,0,14.24176,1.80953,7.870419,46df,M041618_024_2
024,M041618,-9.3125,-9.91544,28.46275,43.331,3,0.3474231,0.9908931,0,11.41203,2.299333,4.963192,46df,M041618_024_3
025,M041618,-8.25,-8.58725,30.0286,43.3025,2,15.68352,0.9823737,0.03231492,4.525877,0.9852747,4.593518,46df,M041618_025_2
025,M041618,-8.25,-8.58725,30.0286,43.3025,3,4.115202,0.9979436,0.01233843,9.767081,2.482346,3.934618,46df,M041618_025_3
025,M041618,-8.25,-8.58725,30.0286,43.3025,4,2.577197,0.9988249,0.001175088,16.13434,1.750198,9.218582,46df,M041618_025_4
026,M041618,-9.25,-19.319,23.07391,41.6475,2,0.8475707,0.9920682,0.009106933,12.69762,1.642913,7.728727,12l,M041618_026_2
032,M041618,-11.875,-11.3284,26.0282,41.963,2,0.3498196,0.9955934,0.01145711,14.85362,2.076449,7.153376,46v,M041618_032_2
035,M041618,-8.25,-20.21957,23.61484,40.463,2,7.707967,0.9397767,0.0293772,5.942088,1.562626,3.80263,45,M041618_035_2
036,M041618,-8.625,-18.74804,25.00916,40.533,1,12.68825,0.9941245,0.04347826,7.549676,1.052217,7.175015,45,M041618_036_1
042,M041618,-9.125,-9.85287,29.93203,40.7025,2,1.396644,0.9923619,0.03319624,8.164755,1.806726,4.519088,46df,M041618_042_2
045,M041618,-6.5,-20.76815,25.23766,39.2525,2,0.4780446,0.9673913,0.005287896,11.36009,2.469269,4.600589,46v,M041618_045_2
045,M041618,-6.5,-20.76815,25.23766,39.2525,3,1.047571,0.9673913,0.0005875441,18.04992,2.131839,8.466833,46v,M041618_045_3
049,M041618,-12.875,-14.76146,24.42573,39.265,2,0.8472632,0.9873678,0.009988249,9.026915,2.130358,4.237277,46v,M041618_049_2
051,M041618,-12.25,-11.45868,26.44448,39.37,2,3.355297,0.9923619,0.01410106,8.726342,1.432435,6.091963,46v,M041618_051_2
053,M041618,-11.25,-8.87162,28.54042,39.145,2,3.661019,0.9869707,0.04788484,9.627542,2.208441,4.359428,46df,M041618_053_2
055,M041618,-6.875,-20.88384,25.21216,38.029,2,2.190165,0.9988249,0.02467685,9.455677,1.344671,7.031961,46v,M041618_055_2
064,M041618,-8.75,-7.62148,32.04876,37.474,2,0.1033039,0.9976294,0.00513631,15.95641,1.602081,9.959801,8B,M041618_064_2
065,M041618,-8.75,-6.2824,32.10404,37.534,1,18.07542,0.8980611,0.0693302,4.233339,0.9750706,4.341572,6DR,M041618_065_1
065,M041618,-8.75,-6.2824,32.10404,37.534,3,5.222035,0.9688601,0.004406581,10.32264,1.35131,7.638988,6DR,M041618_065_3
065,M041618,-8.75,-6.2824,32.10404,37.534,4,8.520523,0.9688601,0.02173913,10.38824,1.186067,8.758563,6DR,M041618_065_4
067,M041618,-8.125,-19.86815,25.3191,36.608,2,5.570458,0.9568155,0.05728555,7.942861,1.427629,5.563674,8A,M041618_067_2
072,M041618,-11.3125,-11.91356,28.2818,36.221,2,2.175003,0.9694477,0.01057579,8.699602,1.361529,6.389582,8B,M041618_072_2
072,M041618,-11.3125,-11.91356,28.2818,36.221,3,0.4344522,0.9694477,0.01527615,10.86523,2.11535,5.136374,8B,M041618_072_3
074,M041618,-10.75,-9.25815,29.5837,36.2185,2,4.403613,0.9967685,0.01556992,9.665035,1.312166,7.365712,8B,M041618_074_2
080,M041618,-9.0625,-16.74323,27.67023,35.3475,1,0.9053302,0.9926557,0.01821387,8.925937,2.049318,4.355565,46d,M041618_080_1
085,M041618,-7.75,-8.74525,32.9965,34.755,2,0.9764599,0.9976498,0.008813161,13.42211,1.600786,8.384697,6DR,M041618_085_2
088,M041618,-13.375,-5.23634,28.03686,33.495,1,3.846321,0.9908931,0.0493537,7.858027,1.345386,5.840724,24c,M041618_088_1
096,M041618,-7.5,-10.57375,32.80194,33.2885,1,17.64568,0.9979436,0.002056404,10.97225,1.300573,8.436472,6DR,M041618_096_1
097,M041618,-10.75,-9.1692,30.01684,33.371,1,11.90595,0.9973561,0.002056404,11.20866,1.367193,8.198305,6DR,M041618_097_1
097,M041618,-10.75,-9.1692,30.01684,33.371,3,9.672848,0.9688601,0.05787309,5.876011,1.05169,5.587208,6DR,M041618_097_3
101,M041618,-7.125,-21.68744,25.69912,32.674,1,3.872781,0.9979436,0.007050529,9.17457,1.917227,4.785334,46v,M041618_101_1
104,M041618,-12.625,-15.25015,25.06956,28.915,2,6.708475,0.985899,0.05963572,9.666057,2.143413,4.509656,6DR,M041618_104_2
106,M041618,-11.625,-12.52236,27.881,29.04,1,7.764567,0.9982374,0.005875441,15.64345,1.437302,10.8839,6DR,M041618_106_1
106,M041618,-11.625,-12.52236,27.881,29.04,3,1.391735,0.9847239,0.01292597,7.742862,1.233894,6.275146,6DR,M041618_106_3
110,M041618,-9.875,-7.1587,31.48925,30.9,2,1.926326,0.9988249,0.003819037,10.61922,1.429841,7.426852,6DR,M041618_110_2
113,M041618,-7.875,-3.719,34.11175,30.8545,2,12.08851,0.9691539,0.03055229,3.757948,0.9563535,3.929455,6DR,M041618_113_2
113,M041618,-7.875,-3.719,34.11175,30.8545,3,1.103979,0.9950058,0.01909518,11.26773,1.522495,7.400834,6DR,M041618_113_3
115,M041618,-14.75,-16.59408,22.10412,27.177,1,2.482685,0.96651,0.007931845,10.59502,1.151245,9.203098,6DC,M041618_115_1
115,M041618,-14.75,-16.59408,22.10412,27.177,3,0.1249722,0.9980475,0.00130166,22.19011,2.057453,10.78523,6DC,M041618_115_3
117,M041618,-9.5,-14.23988,29.14431,27.8995,2,1.088508,0.9482961,0.02115159,11.36829,1.814466,6.265361,6DC,M041618_117_2
118,M041618,-9.625,-12.81364,29.88193,27.8995,2,14.24027,0.9629847,0.08901293,6.680642,1.498912,4.456993,6DC,M041618_118_2
125,M041618,-8,-3.826,34.10256,29.588,1,21.37038,0.9682726,0.1448296,5.474296,1.325479,4.130052,6DR,M041618_125_1
128,M041618,-8,-14.3632,30.3792,26.686,1,16.84174,0.9723854,0.005875441,5.932877,1.105137,5.368454,6DC,M041618_128_1
128,M041618,-8,-14.3632,30.3792,26.686,2,8.106863,0.979436,0.1551116,7.461949,1.245434,5.991445,6DC,M041618_128_2
135,M041618,-8.25,-5.42561,33.80149,27.8245,1,5.277805,0.9541715,0.01909518,9.371083,1.460833,6.414889,6DR,M041618_135_1
135,M041618,-8.25,-5.42561,33.80149,27.8245,3,4.994878,0.9797297,0.04788484,6.981101,1.533863,4.55132,6DR,M041618_135_3
135,M041618,-8.25,-5.42561,33.80149,27.8245,4,1.446749,0.9541715,0.001175088,12.83715,1.779338,7.214567,6DR,M041618_135_4
136,M041618,-8.625,-4.3626,33.82044,27.827,2,6.063543,0.9788484,0.10047,7.293141,1.316515,5.539732,6DR,M041618_136_2
142,M041618,-8.75,-10.47882,32.3417,24.943,2,0.2354784,0.9988249,0.003231492,14.28689,1.681106,8.498502,6DC,M041618_142_2
146,M041618,-6.75,-5.346,35.51948,26.472,2,13.6513,0.9788484,0.009400705,5.984208,1.000824,5.97928,6DC,M041618_146_2
146,M041618,-6.75,-5.346,35.51948,26.472,3,14.42634,0.9976498,0.001762632,12.0234,1.184597,10.14978,6DC,M041618_146_3
147,M041618,-6.875,-4.2085,35.50357,26.4745,2,9.318079,0.9811986,0.0273208,12.07176,1.025899,11.76701,6DC,M041618_147_2
147,M041618,-6.875,-4.2085,35.50357,26.4745,3,14.19476,0.9638661,0.07990599,6.029666,1.197951,5.033315,6DC,M041618_147_3
147,M041618,-6.875,-4.2085,35.50357,26.4745,4,0.1855735,0.9811986,0.0220329,10.68859,1.614189,6.62165,6DC,M041618_147_4
150,M041618,-10.75,-13.29705,29.17033,23.465,2,3.993461,0.9864865,0.0146886,4.665747,1.097981,4.249388,6DC,M041618_150_2
152,M041618,-8.0625,-10.6434,33.1554,23.765,2,4.033043,0.9374266,0.01821387,8.498321,1.312199,6.476397,6DC,M041618_152_2
153,M041618,-7.75,-9.22515,34.12961,23.615,2,1.099025,0.9985312,0.01116334,9.527096,1.720065,5.538798,6DC,M041618_153_2
153,M041618,-7.75,-9.22515,34.12961,23.615,3,0.3022236,0.9994125,0.001175088,20.08447,1.915686,10.48422,6DC,M041618_153_3
157,M041618,-5.875,-4.17134,36.53631,24.9575,1,9.526639,0.9650411,0.1295535,6.286277,1.329152,4.72954,6DC,M041618_157_1
002,M041718,-5.75,-15.5392,25.99056,45.865,1,1.593886,0.9938308,0.07138661,7.392529,1.793984,4.120733,12r,M041718_002_1
004,M041718,-8.125,-13.51156,25.35484,45.8575,2,0.5358644,0.9964747,0.003231492,14.54395,2.266226,6.417697,11ml,M041718_004_2
005,M041718,-9.375,-12.01399,25.1788,45.7825,2,2.262025,0.9994125,0.07843713,16.93544,1.837423,9.216952,11ml,M041718_005_2
011,M041718,-6.875,-15.96754,26.51046,44.495,2,1.070764,0.9991187,0.002643948,12.77438,1.338715,9.54227,46v,M041718_011_2
012,M041718,-9.375,-14.94124,24.89884,44.415,2,0.6961222,0.9976498,0.02408931,11.06935,1.967003,5.627518,12r,M041718_012_2
013,M041718,-10.6875,-13.88252,24.41,44.405,2,1.781404,0.9941245,0.0005875441,10.28681,1.362225,7.551478,11ml,M041718_013_2
013,M041718,-10.6875,-13.88252,24.41,44.405,3,4.120838,0.9864865,0.04024677,9.071802,1.360747,6.666783,11ml,M041718_013_3
013,M041718,-10.6875,-13.88252,24.41,44.405,4,2.379165,0.9864865,0.04024677,13.11227,1.308736,10.01904,11ml,M041718_013_4
014,M041718,-9.25,-11.1248,27.1534,44.585,2,0.9838948,0.9715041,0.04524089,14.06662,2.052562,6.853202,46v,M041718_014_2
014,M041718,-9.25,-11.1248,27.1534,44.585,3,0.9495533,0.9715041,0.007344301,11.81181,1.759758,6.71218,46v,M041718_014_3
016,M041718,-10.125,-8.92502,27.26433,44.5355,2,1.362774,0.9991187,0.01498237,10.69753,2.119801,5.046478,46v,M041718_016_2
017,M041718,-7.75,-18.952,24.03174,42.911,2,1.603902,0.972973,0.01380729,10.35267,2.021454,5.121396,12l,M041718_017_2
018,M041718,-7,-17.85288,26.06626,43.121,2,2.356408,0.9914806,0.006169213,12.8489,1.769574,7.261014,12l,M041718_018_2
019,M041718,-10.5,-16.71702,23.80168,43.001,1,13.70793,0.9480023,0.09077556,5.113796,1.163583,4.394871,12m,M041718_019_1
023,M041718,-10.6875,-11.29136,26.77536,43.256,2,5.737609,0.9588719,0.05082256,8.013887,1.997612,4.011733,46v,M041718_023_2
023,M041718,-10.6875,-11.29136,26.77536,43.256,4,3.338875,0.9588719,0.005875441,9.042591,1.6923,5.343372,46v,M041718_023_4
024,M041718,-9.4375,-9.92488,28.28,43.326,2,0.2510851,0.9403643,0.02820211,7.499926,1.776273,4.222281,46df,M041718_024_2
024,M041718,-9.4375,-9.92488,28.28,43.326,4,0.3988041,0.9985312,0.001175088,16.63791,1.814159,9.171142,46df,M041718_024_4
025,M041718,-8.25,-8.58725,30.0286,43.3025,2,3.974969,1,0.0005875441,16.41418,1.807018,9.083571,46df,M041718_025_2
025,M041718,-8.25,-8.58725,30.0286,43.3025,3,2.080162,1,0,14.89059,1.642375,9.066503,46df,M041718_025_3
026,M041718,-9.25,-19.319,23.07391,41.6475,2,1.366246,0.9932432,0.006462985,12.80036,1.63866,7.811481,12l,M041718_026_2
035,M041718,-8.375,-20.21957,23.61484,40.463,1,6.902257,0.9973561,0,10.7154,1.360907,7.873718,45,M041718_035_1
042,M041718,-9.125,-9.85287,29.93203,40.7025,2,1.142692,0.9976498,0.004406581,11.53962,2.078834,5.551006,46df,M041718_042_2
045,M041718,-6.5,-20.76815,25.23766,39.2525,2,1.523547,0.9914806,0.006462985,10.94108,1.777502,6.155314,46v,M041718_045_2
064,M041718,-8.875,-7.63737,31.77969,37.4765,2,0.4458814,0.9992421,0.0008813161,16.95618,1.755839,9.657024,8B,M041718_064_2
065,M041718,-8.75,-6.2824,32.10404,37.534,2,4.090831,0.9180376,0,8.525673,1.234148,6.908146,6DR,M041718_065_2
065,M041718,-8.75,-6.2824,32.10404,37.534,3,7.453986,0.9180376,0.004406581,8.96423,1.456114,6.15627,6DR,M041718_065_3
067,M041718,-8.125,-19.86815,25.3191,36.608,2,2.040301,0.9650411,0.06551117,10.25985,1.337154,7.672906,8A,M041718_067_2
067,M041718,-8.125,-19.86815,25.3191,36.608,3,9.371652,0.9650411,0.03495887,6.609352,1.548148,4.269199,8A,M041718_067_3
074,M041718,-10.75,-9.25815,29.5837,36.2185,1,3.276786,0.993537,0.0146886,14.06086,1.335098,10.5317,8B,M041718_074_1
074,M041718,-10.75,-9.25815,29.5837,36.2185,2,8.526688,0.9280258,0.1151586,5.901517,1.057267,5.58186,8B,M041718_074_2
074,M041718,-10.75,-9.25815,29.5837,36.2185,4,0.4377756,0.9841363,0.02878966,7.681543,1.521904,5.047326,8B,M041718_074_4
076,M041718,-9,-6.45622,31.97598,34.9125,2,0.5380199,0.9997062,0,17.00508,1.971188,8.626815,6DR,M041718_076_2
078,M041718,-7.8125,-19.9605,26.25875,35.295,2,15.75473,0.9632785,0.1386604,6.210502,1.683706,3.68859,8A,M041718_078_2
085,M041718,-7.75,-8.74525,32.9965,34.755,2,1.075397,0.9866617,0.002056404,12.82793,1.493028,8.591891,6DR,M041718_085_2
088,M041718,-13.5,-5.25463,27.74927,33.4875,2,0.5835333,0.9952996,0.01703878,9.540052,1.814567,5.257481,24c,M041718_088_2
096,M041718,-7.5,-10.57375,32.80194,33.2885,1,17.83446,0.9994125,0.005581669,11.66317,1.277038,9.132982,6DR,M041718_096_1
097,M041718,-10.75,-9.1692,30.01684,33.371,2,7.988479,0.9809048,0.04465335,6.526775,1.139669,5.726904,6DR,M041718_097_2
097,M041718,-10.75,-9.1692,30.01684,33.371,3,15.5269,0.9894242,0.004994125,10.20688,1.297272,7.867957,6DR,M041718_097_3
099,M041718,-12.375,-6.13738,29.29614,32.2045,2,5.896342,1,0.00146886,8.22752,1.352676,6.082402,8B,M041718_099_2
100,M041718,-8.25,-4.67852,33.24828,32.302,2,12.92549,0.9823737,0.01175088,8.86808,1.543006,5.747274,6DR,M041718_100_2
104,M041718,-12.625,-15.25015,25.06956,28.915,2,3.005716,0.9876616,0.05317274,7.401547,1.865923,3.966695,6DR,M041718_104_2
106,M041718,-11.625,-12.52236,27.881,29.04,2,7.631986,0.9982374,0.006756757,14.59549,1.411366,10.34139,6DR,M041718_106_2
109,M041718,-10.75,-10.11827,29.84595,32.0405,2,0.4009463,0.9973561,0.007931845,10.53627,1.664267,6.330874,8B,M041718_109_2
113,M041718,-7.875,-3.719,34.11175,30.8545,1,10.08394,0.9791422,0.0126322,12.13668,1.224363,9.912646,6DR,M041718_113_1
113,M041718,-7.875,-3.719,34.11175,30.8545,3,4.198109,0.9791422,0.01292597,10.01274,1.187829,8.429443,6DR,M041718_113_3
115,M041718,-14.75,-16.59408,22.10412,27.177,2,2.978079,0.9253819,0.01175088,10.30304,1.564155,6.58697,6DC,M041718_115_2
124,M041718,-12.25,-5.2158,29.5922,29.553,3,2.529654,0.9574031,0.02085781,7.171638,1.575886,4.550861,24c,M041718_124_3
134,M041718,-8.875,-6.68495,32.94272,28.2375,2,0.4597352,0.9309636,0.0005875441,13.68442,1.696419,8.06665,6DR,M041718_134_2
134,M041718,-8.875,-6.68495,32.94272,28.2375,3,0.5903063,0.9309636,0.006462985,10.51537,1.40653,7.476109,6DR,M041718_134_3
136,M041718,-8.625,-4.3626,33.82044,27.827,1,7.506243,1,0.0126322,13.36901,1.467946,9.107288,6DR,M041718_136_1
136,M041718,-8.625,-4.3626,33.82044,27.827,2,13.86556,0.996181,0.006462985,8.720346,1.148451,7.593139,6DR,M041718_136_2
140,M041718,-8.75,-13.21649,31.02923,25.193,2,0.5937765,0.9970623,0.009694478,9.087865,1.748306,5.198099,6DC,M041718_140_2
142,M041718,-8.75,-10.47882,32.3417,24.943,2,2.544409,0.9967685,0.01028202,10.85602,2.757894,3.936346,6DC,M041718_142_2
146,M041718,-6.75,-5.346,35.51948,26.472,1,14.18362,0.9412456,0.02232667,5.215446,0.9350193,5.577902,6DC,M041718_146_1
146,M041718,-6.75,-5.346,35.51948,26.472,3,13.45751,0.9988249,0.001762632,14.04548,1.202277,11.6824,6DC,M041718_146_3
147,M041718,-6.875,-4.2085,35.50357,26.4745,2,11.68942,0.9720917,0.1509988,6.180553,1.129236,5.473218,6DC,M041718_147_2
147,M041718,-6.875,-4.2085,35.50357,26.4745,3,9.093324,0.9988249,0.01028202,13.47327,1.066872,12.62876,6DC,M041718_147_3
152,M041718,-8.0625,-10.6434,33.1554,23.765,2,2.859824,0.9547591,0.1166275,6.850962,1.234142,5.551194,6DC,M041718_152_2
152,M041718,-8.0625,-10.6434,33.1554,23.765,4,4.124474,0.9770858,0.006756757,8.86799,1.224383,7.242826,6DC,M041718_152_4
152,M041718,-8.0625,-10.6434,33.1554,23.765,6,0.233313,0.9900133,0.000293772,19.20502,1.492826,12.86488,6DC,M041718_152_6
153,M041718,-7.875,-9.227,33.7348,23.565,2,8.039348,0.9882491,0.01439483,9.43584,2.118732,4.453532,6DC,M041718_153_2
157,M041718,-5.875,-4.17134,36.53631,24.9575,2,10.23005,0.9835488,0.1054642,6.52876,1.427092,4.574871,6DC,M041718_157_2
003,M041818,-6.75,-14.58305,25.8466,45.8725,2,2.352021,0.9720917,0.006462985,5.647506,1.49974,3.765657,12r,M041818_003_2
004,M041818,-8.125,-13.51156,25.35484,45.8575,2,1.499238,0.9985312,0,12.18441,2.240041,5.439367,11ml,M041818_004_2
005,M041818,-9.375,-12.01399,25.1788,45.7825,2,1.770558,1,0.001175088,16.91194,2.051474,8.243798,11ml,M041818_005_2
007,M041818,-9.1875,-9.99404,26.6172,45.895,2,2.158491,0.9803173,0.007638073,8.332702,2.077187,4.011532,46v,M041818_007_2
013,M041818,-10.6875,-13.88252,24.41,44.405,2,0.2138107,0.9958872,0.003231492,11.77208,1.824683,6.451573,11ml,M041818_013_2
014,M041818,-9.25,-11.1248,27.1534,44.585,2,1.079386,0.9894207,0.01233843,12.92879,1.841562,7.020555,46v,M041818_014_2
016,M041818,-10.125,-8.92502,27.26433,44.5355,2,1.395691,0.9938308,0.01233843,11.18645,2.230213,5.015866,46v,M041818_016_2
017,M041818,-7.75,-18.952,24.03174,42.911,2,20.35159,0.9247944,0.04259694,6.763194,2.063641,3.277311,12l,M041818_017_2
019,M041818,-10.5,-16.71702,23.80168,43.001,2,12.51985,0.9632785,0.09811986,5.075552,1.117775,4.540764,12m,M041818_019_2
023,M041818,-10.6875,-11.29136,26.77536,43.256,2,3.222868,0.9864865,0.001762632,10.7422,1.911292,5.620386,46v,M041818_023_2
024,M041818,-9.4375,-9.92488,28.28,43.326,1,2.978322,0.9988249,0.007931845,14.77334,1.676574,8.811621,46df,M041818_024_1
025,M041818,-8.25,-8.58725,30.0286,43.3025,2,2.382533,0.9588719,0.008813161,8.139255,1.588028,5.125386,46df,M041818_025_2
026,M041818,-9.25,-19.319,23.07391,41.6475,2,1.01539,0.9994125,0.000293772,18.3933,1.836189,10.01711,12l,M041818_026_2
032,M041818,-12.25,-11.34118,25.63184,41.953,1,8.821593,0.9803173,0.00293772,10.98004,1.395837,7.866282,46v,M041818_032_1
032,M041818,-12.25,-11.34118,25.63184,41.953,3,1.072461,0.9967685,0.01233843,10.73659,1.780313,6.030733,46v,M041818_032_3
032,M041818,-12.25,-11.34118,25.63184,41.953,4,9.898471,0.9644536,0.009988249,7.268761,1.122742,6.474116,46v,M041818_032_4
036,M041818,-8.625,-18.74804,25.00916,40.533,2,26.17418,0.9336075,0.04024677,4.474524,0.9950588,4.496744,45,M041818_036_2
036,M041818,-8.625,-18.74804,25.00916,40.533,3,5.466005,0.9917744,0.1039953,8.700446,1.761043,4.940507,45,M041818_036_3
042,M041818,-9.125,-9.85287,29.93203,40.7025,3,1.43391,0.9967018,0.001175088,9.697735,2.701708,3.589483,46df,M041818_042_3
044,M041818,-8.125,-7.18197,31.61867,40.6225,2,1.675567,0.9873678,0.007931845,8.735231,1.354037,6.451252,8B,M041818_044_2
053,M041818,-11.25,-8.87162,28.54042,39.145,1,1.679461,0.926557,0.008813161,11.13146,1.577706,7.055471,46df,M041818_053_1
053,M041818,-11.25,-8.87162,28.54042,39.145,2,0.4050588,0.970329,0.003231492,15.8846,1.595075,9.958526,46df,M041818_053_2
054,M041818,-19,-8.02002,21.21212,39.145,2,4.899241,0.9864865,0.05992949,6.792674,1.147538,5.919343,13m,M041818_054_2
061,M041818,-12,-11.80435,26.85918,37.9285,2,0.4786677,0.9988249,0.002056404,11.42581,1.487587,7.680767,46df,M041818_061_2
065,M041818,-8.75,-6.2824,32.10404,37.534,2,10.67554,0.9885429,0.0220329,9.312126,1.334048,6.980353,6DR,M041818_065_2
067,M041818,-8.125,-19.86815,25.3191,36.608,2,1.671825,0.9817861,0.04465335,9.194541,1.45699,6.31064,8A,M041818_067_2
071,M041818,-16.25,-13.33332,22.5576,36.29688,2,1.179827,0.9985348,0.00293772,14.81277,2.24546,6.596767,46v,M041818_071_2
074,M041818,-10.75,-9.25815,29.5837,36.2185,2,5.791078,0.9917744,0.04759107,8.855353,1.335658,6.629958,8B,M041818_074_2
077,M041818,-7.5,-21.34192,24.8396,35.275,2,3.910286,0.9911869,0.1321974,8.511529,1.499586,5.67592,8A,M041818_077_2
078,M041818,-7.8125,-19.9605,26.25875,35.295,2,13.93764,0.989718,0.07256169,8.660967,1.162022,7.453356,8A,M041818_078_2
080,M041818,-9.4375,-16.7561,27.3601,35.345,2,3.625241,0.9864865,0.004700352,6.4858,1.68237,3.855156,46d,M041818_080_2
088,M041818,-13.5,-5.25463,27.74927,33.4875,2,1.575733,0.9838426,0.008225617,4.164152,1.646659,2.528849,24c,M041818_088_2
096,M041818,-7.5,-10.57375,32.80194,33.2885,2,5.915956,0.9967685,0.009106933,11.26236,1.514329,7.437197,6DR,M041818_096_2
097,M041818,-10.75,-9.1692,30.01684,33.371,2,7.650034,0.9835488,0.03613396,7.527718,1.172515,6.420148,6DR,M041818_097_2
106,M041818,-11.625,-12.52236,27.881,29.04,2,6.89162,0.9844301,0.01145711,10.58652,1.254811,8.436747,6DR,M041818_106_2
110,M041818,-9.875,-7.1587,31.48925,30.9,2,0.3371545,1,0.02908343,10.24628,2.070004,4.949885,6DR,M041818_110_2
113,M041818,-7.875,-3.719,34.11175,30.8545,2,25.25173,0.9239131,0.09782609,5.437696,1.28109,4.244586,6DR,M041818_113_2
113,M041818,-7.875,-3.719,34.11175,30.8545,3,9.764764,0.9982374,0.002056404,11.34061,1.445719,7.844266,6DR,M041818_113_3
113,M041818,-7.875,-3.719,34.11175,30.8545,4,0.3871315,0.9994125,0.0005875441,27.98025,2.531895,11.05111,6DR,M041818_113_4
115,M041818,-15.125,-16.57061,21.70504,27.117,1,16.45313,0.979436,0.0126322,6.76931,1.195259,5.663467,6DC,M041818_115_1
115,M041818,-15.125,-16.57061,21.70504,27.117,2,1.553489,0.9905993,0.002350176,20.4619,2.071694,9.876895,6DC,M041818_115_2
115,M041818,-15.125,-16.57061,21.70504,27.117,4,0.2468227,0.9905993,0.000293772,25.89274,4.11244,6.2962,6DC,M041818_115_4
117,M041818,-9.5,-14.23988,29.14431,27.8995,2,8.859057,0.9715041,0.1639248,6.519315,1.168672,5.578394,6DC,M041818_117_2
119,M041818,-13.25,-11.43376,26.87104,27.337,2,0.5170752,0.989916,0.009106933,8.223288,1.481656,5.550066,6DC,M041818_119_2
119,M041818,-13.25,-11.43376,26.87104,27.337,3,0.1426282,0.9768067,0.005378151,13.48009,2.08879,6.453542,6DC,M041818_119_3
119,M041818,-13.25,-11.43376,26.87104,27.337,4,0.1948966,0.9768067,0.001762632,18.09243,2.109684,8.575894,6DC,M041818_119_4
128,M041818,-8.375,-14.34881,29.97841,26.6285,2,5.461247,0.9982374,0.06316099,11.66597,1.240278,9.405925,6DC,M041818_128_2
128,M041818,-8.375,-14.34881,29.97841,26.6285,3,0.5179023,0.9988249,0.00293772,22.11655,2.107631,10.49356,6DC,M041818_128_3
130,M041818,-13.875,-11.562,26.07435,25.8235,1,51.07057,0.974148,0.09018801,6.422451,1.388682,4.624853,6DC,M041818_130_1
134,M041818,-8.875,-6.68495,32.94272,28.2375,2,0.2195871,0.9985312,0.0005875441,12.52245,1.41415,8.85511,6DR,M041818_134_2
136,M041818,-8.625,-4.3626,33.82044,27.827,2,3.062431,0.9894242,0.05170388,7.293316,1.124194,6.487598,6DR,M041818_136_2
136,M041818,-8.625,-4.3626,33.82044,27.827,3,15.15222,0.9908931,0.007931845,11.89863,1.379985,8.622291,6DR,M041818_136_3
136,M041818,-8.625,-4.3626,33.82044,27.827,4,9.510003,0.9914806,0.01086957,6.392147,1.087033,5.88036,6DR,M041818_136_4
138,M041818,-7.875,-15.9648,29.8894,25.498,2,5.267474,0.9756169,0.1180964,6.342692,1.320459,4.803398,6DC,M041818_138_2
139,M041818,-10.375,-14.52968,28.4967,24.983,2,0.5245478,0.9997062,0.02438308,10.64857,1.646178,6.468663,6DC,M041818_139_2
142,M041818,-8.75,-10.47882,32.3417,24.943,2,0.262551,0.9982374,0.001175088,13.75148,2.368756,5.805359,6DC,M041818_142_2
146,M041818,-6.75,-5.346,35.51948,26.472,2,15.37605,0.9861927,0.00293772,14.41331,1.175825,12.25804,6DC,M041818_146_2
147,M041818,-6.875,-4.2085,35.50357,26.4745,1,6.396246,0.9988249,0.0005875441,14.88789,1.196183,12.44616,6DC,M041818_147_1
147,M041818,-6.875,-4.2085,35.50357,26.4745,3,16.10438,0.980611,0.04905993,6.131341,1.244655,4.926139,6DC,M041818_147_3
150,M041818,-11.375,-13.2872,28.76812,23.415,2,1.07768,0.9920682,0.00146886,8.917495,2.880732,3.095566,6DC,M041818_150_2
150,M041818,-11.375,-13.2872,28.76812,23.415,3,1.792109,0.985899,0.00293772,11.27973,1.684587,6.69584,6DC,M041818_150_3
152,M041818,-8.0625,-10.6434,33.1554,23.765,3,4.013657,0.9829612,0.00293772,8.999555,1.256285,7.163624,6DC,M041818_152_3
153,M041818,-7.875,-9.227,33.7348,23.565,1,3.615712,0.9494712,0.056698,6.334508,1.747346,3.625217,6DC,M041818_153_1
153,M041818,-7.875,-9.227,33.7348,23.565,3,5.39858,0.9494712,0.01116334,9.634837,1.252752,7.690937,6DC,M041818_153_3
153,M041818,-7.875,-9.227,33.7348,23.565,4,0.5022444,0.9873678,0.04876616,9.912727,1.628908,6.085506,6DC,M041818_153_4
003,M041918,-6.75,-14.58305,25.8466,45.8725,2,6.418005,0.9756169,0.09723854,8.249487,1.685334,4.894867,12r,M041918_003_2
005,M041918,-9.375,-12.01399,25.1788,45.7825,2,3.136756,0.9976498,0.009988249,10.80986,3.295442,3.280247,11ml,M041918_005_2
012,M041918,-9.375,-14.94124,24.89884,44.415,2,6.262009,0.9926557,0.06433608,9.8943,1.387244,7.132341,12r,M041918_012_2
013,M041918,-10.6875,-13.88252,24.41,44.405,2,0.5220904,0.9903055,0.001175088,15.22165,1.7392,8.752095,11ml,M041918_013_2
013,M041918,-10.6875,-13.88252,24.41,44.405,3,1.558825,0.9856052,0.004406581,9.046674,1.56971,5.763278,11ml,M041918_013_3
014,M041918,-9.25,-11.1248,27.1534,44.585,2,4.093265,0.9676851,0.03349001,5.295813,1.20001,4.41314,46v,M041918_014_2
014,M041918,-9.25,-11.1248,27.1534,44.585,3,0.3865101,0.974148,0.01792009,9.487323,1.889647,5.020686,46v,M041918_014_3
016,M041918,-10.125,-8.92502,27.26433,44.5355,2,1.126139,0.9206815,0.05082256,9.297808,1.325829,7.012828,46v,M041918_016_2
016,M041918,-10.125,-8.92502,27.26433,44.5355,3,1.434137,0.9206815,0.01145711,10.03343,2.230776,4.497731,46v,M041918_016_3
017,M041918,-7.75,-18.952,24.03174,42.911,1,19.75529,0.9374266,0.02467685,6.811312,1.865754,3.650703,12l,M041918_017_1
017,M041918,-7.75,-18.952,24.03174,42.911,2,2.53625,0.9468272,0.1022327,7.47539,1.762605,4.241104,12l,M041918_017_2
023,M041918,-10.6875,-11.29136,26.77536,43.256,2,2.992993,0.9612221,0.006169213,6.920052,1.443131,4.795166,46v,M041918_023_2
023,M041918,-10.6875,-11.29136,26.77536,43.256,3,0.7659314,0.9926557,0.002350176,17.92495,1.848649,9.696243,46v,M041918_023_3
023,M041918,-10.6875,-11.29136,26.77536,43.256,4,5.418453,0.9753231,0.00146886,9.55802,1.345771,7.102261,46v,M041918_023_4
023,M041918,-10.6875,-11.29136,26.77536,43.256,5,1.223978,0.9612221,0.0126322,9.755744,1.688021,5.779397,46v,M041918_023_5
024,M041918,-9.4375,-9.92488,28.28,43.326,2,1.25922,0.9988249,0.001175088,14.35439,1.658678,8.654117,46df,M041918_024_2
025,M041918,-8.25,-8.58725,30.0286,43.3025,2,6.580546,0.9850176,0.06756756,7.351451,1.389194,5.291882,46df,M041918_025_2
026,M041918,-9.25,-19.319,23.07391,41.6475,2,1.104362,0.9982374,0,16.4867,1.726984,9.546529,12l,M041918_026_2
029,M041918,-14.1875,-15.71175,21.83146,41.7155,2,1.470058,0.9888366,0.05434782,7.432961,1.782784,4.1693,12o,M041918_029_2
032,M041918,-12.375,-11.34118,25.63184,41.953,3,6.401186,0.9356639,0.153349,6.748525,1.192525,5.659021,46v,M041918_032_3
036,M041918,-8.625,-18.74804,25.00916,40.533,1,29.1555,0.934195,0.02555817,4.342573,1.04772,4.144783,45,M041918_036_1
036,M041918,-8.625,-18.74804,25.00916,40.533,3,2.519429,0.9785547,0.02291422,9.034541,3.202525,2.821068,45,M041918_036_3
039,M041918,-11,-14.56136,25.98268,40.613,3,6.807364,0.9641598,0.009400705,8.807382,1.718078,5.126298,46v,M041918_039_3
039,M041918,-11,-14.56136,25.98268,40.613,5,5.203119,0.9480023,0.01938896,7.030876,1.218149,5.77177,46v,M041918_039_5
042,M041918,-9.125,-9.85287,29.93203,40.7025,2,4.569388,0.9955934,0.0640423,8.21695,1.429058,5.749907,46df,M041918_042_2
042,M041918,-9.125,-9.85287,29.93203,40.7025,3,3.654277,0.9970623,0.003231492,11.77395,1.599268,7.362086,46df,M041918_042_3
061,M041918,-12.5,-11.816,26.5488,37.926,2,1.387197,0.9817861,0.02996475,7.392388,1.910908,3.868522,46df,M041918_061_2
061,M041918,-12.5,-11.816,26.5488,37.926,3,1.283395,0.9973561,0.00146886,15.88384,1.296883,12.24771,46df,M041918_061_3
067,M041918,-8.125,-19.86815,25.3191,36.608,2,1.152498,0.9952996,0.009694478,3.849042,1.139679,3.377302,8A,M041918_067_2
078,M041918,-7.8125,-19.9605,26.25875,35.295,2,12.96906,0.9920682,0.01909518,8.871593,1.195512,7.420746,8A,M041918_078_2
080,M041918,-9.4375,-16.7561,27.3601,35.345,3,10.16741,0.9250881,0.06698003,3.823286,1.018641,3.753319,46d,M041918_080_3
080,M041918,-9.4375,-16.7561,27.3601,35.345,4,3.476476,0.9682726,0.01233843,4.675239,1.145771,4.080431,46d,M041918_080_4
085,M041918,-8.25,-8.75426,32.68508,34.76,2,0.4237076,1,0,27.15684,2.242331,12.11099,6DR,M041918_085_2
092,M041918,-10.875,-17.31475,25.92425,33.9105,2,0.5250334,0.9944183,0.006462985,13.719,2.146545,6.391202,46v,M041918_092_2
096,M041918,-7.5,-10.57375,32.80194,33.2885,2,1.555701,0.9979436,0.02262045,9.439565,1.934393,4.879858,6DR,M041918_096_2
097,M041918,-10.75,-9.1692,30.01684,33.371,2,5.980126,0.979436,0.004112808,6.316216,1.4468,4.365644,6DR,M041918_097_2
099,M041918,-12.75,-6.15622,28.66866,32.1895,2,8.286006,0.9720917,0.0546416,6.520816,1.342571,4.856961,8B,M041918_099_2
110,M041918,-10,-7.16352,31.2102,30.895,2,4.742132,0.995375,0.01968273,9.131639,1.705829,5.353198,6DR,M041918_110_2
113,M041918,-7.875,-3.719,34.11175,30.8545,1,26.52936,0.926557,0.08254994,7.604731,1.257238,6.048759,6DR,M041918_113_1
113,M041918,-7.875,-3.719,34.11175,30.8545,2,8.080058,0.926557,0.01703878,5.911283,1.329953,4.444732,6DR,M041918_113_2
114,M041918,-10.625,-20.95274,23.61065,30.9995,2,6.404366,0.970329,0.03407755,7.560586,1.484047,5.094574,45,M041918_114_2
118,M041918,-11.625,-12.76204,27.84648,27.587,2,3.901401,0.9926557,0.05376028,9.023515,1.554176,5.805979,6DC,M041918_118_2
119,M041918,-14,-11.42062,26.06248,27.212,2,0.1233943,0.9992735,0.0003632401,13.81724,2.359202,5.856743,6DC,M041918_119_2
125,M041918,-8,-3.826,34.10256,29.588,1,30.38221,0.9685664,0.06345476,7.493652,1.26016,5.946586,6DR,M041918_125_1
128,M041918,-8.375,-14.34881,29.97841,26.6285,1,17.70061,0.943302,0.04700353,6.202755,1.022333,6.067256,6DC,M041918_128_1
128,M041918,-8.375,-14.34881,29.97841,26.6285,2,11.4692,0.9750293,0.0126322,9.426241,1.07884,8.737389,6DC,M041918_128_2
129,M041918,-15.875,-12.8742,23.57779,25.5935,2,20.38859,0.9488837,0.03907168,7.892816,1.164004,6.780748,6DC,M041918_129_2
133,M041918,-9.625,-7.60532,31.9891,28.3115,3,0.3015061,0.9615384,0,15.9256,1.819659,8.751966,6DR,M041918_133_3
136,M041918,-8.625,-4.3626,33.82044,27.827,2,16.748,0.9985312,0.004406581,15.03016,1.398717,10.74568,6DR,M041918_136_2
136,M041918,-8.625,-4.3626,33.82044,27.827,3,11.72747,0.9979436,0.00293772,7.969499,1.233183,6.462545,6DR,M041918_136_3
140,M041918,-8.75,-13.21649,31.02923,25.193,2,1.476541,0.987074,0.06551117,8.192132,1.267974,6.460804,6DC,M041918_140_2
144,M041918,-8,-7.51144,33.52482,26.5041,2,3.368594,0.985899,0.03789659,8.135382,1.541922,5.276132,6DC,M041918_144_2
146,M041918,-6.75,-5.346,35.51948,26.472,2,17.43014,1,0.001762632,12.26335,1.282756,9.560158,6DC,M041918_146_2
147,M041918,-6.875,-4.2085,35.50357,26.4745,2,3.98326,0.9350764,0.00146886,6.517011,1.094282,5.955511,6DC,M041918_147_2
147,M041918,-6.875,-4.2085,35.50357,26.4745,4,6.960715,1,0.001175088,19.75055,1.494069,13.2193,6DC,M041918_147_4
152,M041918,-8.0625,-10.6434,33.1554,23.765,2,31.50491,0.9256757,0.08519389,5.914916,1.157713,5.109139,6DC,M041918_152_2
152,M041918,-8.0625,-10.6434,33.1554,23.765,3,3.761291,0.9856052,0.02408931,8.75187,1.328038,6.590075,6DC,M041918_152_3
153,M041918,-8.25,-9.22885,33.33999,23.515,2,2.997567,0.9958872,0.007931845,11.39428,2.076615,5.486948,6DC,M041918_153_2
155,M041918,-13.125,-6.66738,29.06966,25.275,3,2.657198,0.9856052,0.008519389,13.09781,1.631841,8.026398,24c,M041918_155_3
003,M042018,-6.75,-14.58305,25.8466,45.8725,1,8.683805,0.9547591,0.07109283,7.297194,1.682952,4.335949,12r,M042018_003_1
003,M042018,-6.75,-14.58305,25.8466,45.8725,3,1.004272,0.9823737,0.02996475,8.559875,2.546363,3.361609,12r,M042018_003_3
005,M042018,-9.375,-12.01399,25.1788,45.7825,3,3.191829,0.9950058,0.005581669,10.91698,2.935035,3.719541,11ml,M042018_005_3
012,M042018,-9.375,-14.94124,24.89884,44.415,3,5.2222,0.985899,0.1007638,9.426477,1.296097,7.272973,12r,M042018_012_3
014,M042018,-9.375,-11.12228,27.00019,44.5775,3,4.680539,0.9964747,0.01321974,10.4953,1.690636,6.207901,46v,M042018_014_3
017,M042018,-7.75,-18.952,24.03174,42.911,3,8.061387,0.8842538,0.004112808,6.103685,1.300879,4.691969,12l,M042018_017_3
018,M042018,-7,-17.85288,26.06626,43.121,3,2.658572,0.9891304,0.009988249,10.96035,2.05267,5.339555,12l,M042018_018_3
023,M042018,-10.6875,-11.29136,26.77536,43.256,3,2.441406,0.9979436,0,14.34821,1.758625,8.158763,46v,M042018_023_3
023,M042018,-10.6875,-11.29136,26.77536,43.256,4,0.7130096,0.987074,0.002350176,10.90167,1.893965,5.756008,46v,M042018_023_4
024,M042018,-9.4375,-9.92488,28.28,43.326,3,0.1656976,0.9988249,0.002056404,16.25614,1.750859,9.284665,46df,M042018_024_3
025,M042018,-8.25,-8.58725,30.0286,43.3025,3,1.415499,0.996181,0.02790834,11.59656,1.434422,8.084484,46df,M042018_025_3
026,M042018,-9.25,-19.319,23.07391,41.6475,3,0.8313315,0.9950058,0.004406581,14.47946,1.647773,8.787289,12l,M042018_026_3
036,M042018,-8.625,-18.74804,25.00916,40.533,2,28.90573,0.9400705,0.05934195,4.373108,1.024577,4.268206,45,M042018_036_2
036,M042018,-8.625,-18.74804,25.00916,40.533,3,2.858331,0.9950058,0.1139835,9.477257,1.178051,8.044864,45,M042018_036_3
039,M042018,-11,-14.56136,25.98268,40.613,2,4.655541,0.9703029,0.01028202,8.287539,1.765138,4.695122,46v,M042018_039_2
039,M042018,-11,-14.56136,25.98268,40.613,4,4.154611,0.9703029,0.007050529,12.64645,1.804674,7.007607,46v,M042018_039_4
039,M042018,-11,-14.56136,25.98268,40.613,5,3.371535,0.9973561,0.003819037,17.02376,2.084157,8.168174,46v,M042018_039_5
042,M042018,-9.125,-9.85287,29.93203,40.7025,2,3.924282,0.9283196,0.05904818,4.279267,1.179776,3.627186,46df,M042018_042_2
042,M042018,-9.125,-9.85287,29.93203,40.7025,4,1.575667,0.9647474,0.01645123,9.705612,1.402437,6.920535,46df,M042018_042_4
053,M042018,-11.75,-8.8852,28.2502,39.145,2,3.518191,0.9914806,0.04289072,7.365831,1.683782,4.374577,46df,M042018_053_2
061,M042018,-13,-11.8393,25.92804,37.921,2,3.400177,0.9814923,0.02115159,6.27905,1.175755,5.34044,46df,M042018_061_2
071,M042018,-16.375,-13.34498,22.24615,36.30007,3,3.413429,0.9691539,0.03877791,7.792828,1.836302,4.243762,46v,M042018_071_3
072,M042018,-12.3125,-11.95169,27.34745,36.2285,3,0.1154194,0.9861974,0.005701615,13.36781,1.754315,7.61996,46d,M042018_072_3
072,M042018,-12.3125,-11.95169,27.34745,36.2285,4,0.1058907,0.9861974,0,19.91915,2.331342,8.54407,46d,M042018_072_4
074,M042018,-11.5,-9.28993,28.96294,36.2235,3,7.431811,0.9905993,0.00146886,15.46516,1.299318,11.90252,8B,M042018_074_3
074,M042018,-11.5,-9.28993,28.96294,36.2235,5,1.394467,0.9905993,0.004700352,9.602641,1.41865,6.768857,8B,M042018_074_5
078,M042018,-7.8125,-19.9605,26.25875,35.295,3,12.57329,0.9861927,0.05082256,9.07036,1.150839,7.881522,8A,M042018_078_3
080,M042018,-9.4375,-16.7561,27.3601,35.345,2,22.45831,0.9732667,0.1175088,6.705872,1.368129,4.90149,46d,M042018_080_2
083,M042018,-15,-11.91248,24.68048,34.87,4,0.07527973,1,0,17.0778,1.798785,9.494075,46d,M042018_083_4
085,M042018,-9.25,-8.7903,31.4394,34.78,3,3.539723,0.985899,0.0619859,9.310122,1.631291,5.707211,8B,M042018_085_3
096,M042018,-7.5,-10.57375,32.80194,33.2885,3,1.093828,0.9687092,0.03554641,11.45628,2.037107,5.623799,6DR,M042018_096_3
099,M042018,-13,-6.15622,28.66866,32.1895,3,2.162243,1,0.01674501,12.51301,1.906279,6.5641,8B,M042018_099_3
100,M042018,-8.375,-4.67852,33.24828,32.302,2,8.01635,0.9009988,0.04553467,9.274525,1.216322,7.62506,6DR,M042018_100_2
100,M042018,-8.375,-4.67852,33.24828,32.302,3,6.852643,0.9009988,0.06698003,7.46526,1.611288,4.633101,6DR,M042018_100_3
105,M042018,-14.375,-13.8488,24.22485,28.5675,3,0.4735628,1,0.0005875441,22.07426,2.261958,9.758916,6DR,M042018_105_3
109,M042018,-11.625,-10.19084,28.8774,32.078,1,3.662045,0.9997062,0.004994125,13.5927,1.53189,8.873158,8B,M042018_109_1
109,M042018,-11.625,-10.19084,28.8774,32.078,5,8.445973,0.993537,0.002643948,5.140583,1.139467,4.511391,8B,M042018_109_5
109,M042018,-11.625,-10.19084,28.8774,32.078,6,0.7386166,0.9347826,0.005581669,9.242033,1.546686,5.975377,8B,M042018_109_6
109,M042018,-11.625,-10.19084,28.8774,32.078,7,0.7375973,0.9717979,0.001762632,13.14191,2.109969,6.228487,8B,M042018_109_7
113,M042018,-7.875,-3.719,34.11175,30.8545,4,9.838631,0.9397767,0.02056404,6.418082,1.147317,5.593991,6DR,M042018_113_4
115,M042018,-15.75,-16.52367,20.90688,26.997,3,1.575613,0.9923619,0.01086957,18.25199,3.630156,5.027879,6DC,M042018_115_3
116,M042018,-13.625,-15.2637,23.99448,27.297,3,2.363889,0.9826674,0.01556992,9.781418,2.142099,4.566278,6DC,M042018_116_3
116,M042018,-13.625,-15.2637,23.99448,27.297,4,0.9434032,0.9826674,0.0005875441,14.63229,1.744581,8.387282,6DC,M042018_116_4
116,M042018,-13.625,-15.2637,23.99448,27.297,5,0.07097531,0.9871861,0,22.38098,1.991606,11.23765,6DC,M042018_116_5
117,M042018,-10.875,-14.19356,27.92622,27.712,3,1.91016,0.9632785,0.08754407,8.098897,1.389028,5.830623,6DC,M042018_117_3
117,M042018,-10.875,-14.19356,27.92622,27.712,5,1.285353,0.9462397,0.1248531,11.78088,1.424729,8.268852,6DC,M042018_117_5
118,M042018,-13.125,-12.72076,26.21812,27.337,3,2.363874,0.9941245,0.05552291,10.22699,1.278408,7.999787,6DC,M042018_118_3
125,M042018,-8,-3.826,34.10256,29.588,1,24.22374,0.9515276,0.05434782,8.369078,1.228639,6.811667,6DR,M042018_125_1
128,M042018,-8.375,-14.34881,29.97841,26.6285,1,5.322618,0.9095182,0.06022327,3.722641,1.407398,2.645051,6DC,M042018_128_1
136,M042018,-8.625,-4.3626,33.82044,27.827,4,1.266541,0.9844301,0.006462985,9.250806,1.145938,8.072694,6DR,M042018_136_4
136,M042018,-8.625,-4.3626,33.82044,27.827,5,8.660757,0.9574031,0.0346651,9.738851,1.233315,7.896483,6DR,M042018_136_5
136,M042018,-8.625,-4.3626,33.82044,27.827,6,0.9968392,0.9947121,0.02497062,13.54849,1.255236,10.79358,6DR,M042018_136_6
138,M042018,-8.375,-15.94604,29.49287,25.443,2,2.753047,0.9982374,0.01380729,9.62447,1.417124,6.791553,6DC,M042018_138_2
139,M042018,-10.875,-14.51486,28.10165,24.9305,3,14.62928,0.9759107,0.008519389,7.46772,1.380811,5.408211,6DC,M042018_139_3
142,M042018,-9.5,-10.47366,31.5271,24.833,3,1.136164,0.9621034,0.001175088,14.86716,1.711851,8.684843,6DC,M042018_142_3
144,M042018,-8,-7.51144,33.52482,26.5041,2,1.741468,0.9979436,0.007344301,13.40126,1.381399,9.701225,6DC,M042018_144_2
146,M042018,-6.75,-5.346,35.51948,26.472,2,16.62096,0.9779671,0.01410106,7.436939,1.180189,6.301481,6DC,M042018_146_2
147,M042018,-6.875,-4.2085,35.50357,26.4745,1,6.492047,0.9982374,0.0005875441,22.93655,2.022191,11.34242,6DC,M042018_147_1
147,M042018,-6.875,-4.2085,35.50357,26.4745,4,4.120728,0.9905993,0.004406581,5.65508,0.9126772,6.196144,6DC,M042018_147_4
147,M042018,-6.875,-4.2085,35.50357,26.4745,5,6.429121,0.9947121,0.002350176,9.062141,0.9933848,9.122489,6DC,M042018_147_5
152,M042018,-8.0625,-10.6434,33.1554,23.765,1,7.318491,0.9982374,0.007344301,12.92554,1.373333,9.411803,6DC,M042018_152_1
152,M042018,-8.0625,-10.6434,33.1554,23.765,4,15.64136,0.9717979,0.008813161,7.12332,1.043186,6.82843,6DC,M042018_152_4
153,M042018,-8.25,-9.22885,33.33999,23.515,3,0.8223906,0.9900118,0.005581669,9.969197,2.011979,4.954921,6DC,M042018_153_3
002,M042318,-5.75,-15.5392,25.99056,45.865,3,0.875133,0.9888366,0.005287896,10.85321,2.719064,3.991525,12r,M042318_002_3
004,M042318,-8.125,-13.51156,25.35484,45.8575,2,8.003902,0.9609283,0.02820211,6.033918,1.850441,3.260799,11ml,M042318_004_2
005,M042318,-9.375,-12.01399,25.1788,45.7825,3,0.8065738,0.989718,0.004700352,12.56278,2.221805,5.654313,11ml,M042318_005_3
006,M042318,-11.125,-10.7116,24.1548,45.76,2,12.33423,0.9544653,0.02497062,6.255822,1.279639,4.888741,11ml,M042318_006_2
012,M042318,-9.375,-14.94124,24.89884,44.415,3,2.98738,0.989718,0.039953,10.30481,1.393901,7.392782,12r,M042318_012_3
013,M042318,-10.6875,-13.88252,24.41,44.405,4,3.455587,0.985899,0.0293772,11.33022,1.222254,9.269941,11ml,M042318_013_4
023,M042318,-10.6875,-11.29136,26.77536,43.256,4,4.11475,0.9800235,0.01410106,7.854573,1.464731,5.362466,46v,M042318_023_4
024,M042318,-9.5625,-9.92488,28.28,43.326,4,7.636701,0.9779671,0.08313748,7.789153,1.79073,4.349707,46df,M042318_024_4
024,M042318,-9.5625,-9.92488,28.28,43.326,5,0.9185418,0.9779671,0.02027027,11.9696,1.620028,7.388516,46df,M042318_024_5
025,M042318,-8.25,-8.58725,30.0286,43.3025,3,1.063045,1,0.001175088,13.87378,1.835651,7.557961,46df,M042318_025_3
026,M042318,-9.25,-19.319,23.07391,41.6475,3,2.978248,0.9891304,0.009106933,9.138072,1.590746,5.74452,12l,M042318_026_3
029,M042318,-14.1875,-15.71175,21.83146,41.7155,3,0.2976533,0.9994125,0.005287896,13.41667,2.08227,6.44329,12o,M042318_029_3
032,M042318,-12.5,-11.34757,25.43366,41.948,1,7.617026,0.9994125,0,15.70347,1.814986,8.652118,46v,M042318_032_1
032,M042318,-12.5,-11.34757,25.43366,41.948,2,0.3882742,0.9994125,0.009106933,11.61169,1.370739,8.471122,46v,M042318_032_2
033,M042318,-11.625,-10.05315,26.8931,41.868,1,6.168887,0.9245006,0.1345476,7.294751,1.446103,5.044419,46v,M042318_033_1
034,M042318,-9.5,-8.58068,29.53284,42.023,3,2.709122,0.9817861,0.01086957,7.482438,2.040804,3.666416,46df,M042318_034_3
039,M042318,-11,-14.56136,25.98268,40.613,3,2.406327,0.9603408,0.05199765,9.500593,2.027031,4.68695,46v,M042318_039_3
042,M042318,-9.125,-9.85287,29.93203,40.7025,3,3.447041,0.9955934,0.01057579,9.613112,1.609418,5.973036,46df,M042318_042_3
042,M042318,-9.125,-9.85287,29.93203,40.7025,4,5.249279,0.9988249,0.003525264,12.7594,1.699462,7.507904,46df,M042318_042_4
054,M042318,-19.8125,-8.07093,20.34908,39.145,3,3.07757,0.9982374,0.02996475,10.29241,2.256341,4.561549,13m,M042318_054_3
061,M042318,-13,-11.8393,25.92804,37.921,2,5.177567,0.9926557,0.003231492,7.950964,1.384276,5.743773,46df,M042318_061_2
067,M042318,-8.125,-19.86815,25.3191,36.608,3,10.04404,0.9553466,0.03584019,5.885039,1.694177,3.473685,8A,M042318_067_3
072,M042318,-12.5625,-11.9644,27.036,36.231,3,1.736364,0.949765,0.008225617,9.260845,1.235114,7.497966,46d,M042318_072_3
078,M042318,-7.8125,-19.9605,26.25875,35.295,1,12.08301,0.9982374,0.03907168,10.43237,1.147625,9.090399,8A,M042318_078_1
080,M042318,-9.4375,-16.7561,27.3601,35.345,3,21.30175,1,0.01292597,10.14708,0.8254811,12.29232,46d,M042318_080_3
080,M042318,-9.4375,-16.7561,27.3601,35.345,4,1.794739,0.9776734,0.03290247,6.589165,1.093563,6.02541,46d,M042318_080_4
092,M042318,-10.875,-17.31475,25.92425,33.9105,1,6.506576,0.9905993,0.01645123,10.6284,1.651075,6.437263,46v,M042318_092_1
096,M042318,-7.5,-10.57375,32.80194,33.2885,2,2.182441,0.9811986,0.01380729,5.252437,1.389054,3.781304,6DR,M042318_096_2
096,M042318,-7.5,-10.57375,32.80194,33.2885,3,5.426077,0.9629847,0.05141011,5.958668,1.852108,3.217237,6DR,M042318_096_3
097,M042318,-11.875,-9.2144,28.76188,33.401,2,16.02156,0.8927732,0.1169213,5.109937,1.145036,4.462685,8B,M042318_097_2
099,M042318,-13.125,-6.16564,28.35492,32.182,2,0.996216,0.996181,0.003231492,8.774327,2.263277,3.876824,8B,M042318_099_2
100,M042318,-8.375,-4.67852,33.24828,32.302,2,8.596024,0.987074,0.01498237,10.30426,1.392958,7.397395,6DR,M042318_100_2
100,M042318,-8.375,-4.67852,33.24828,32.302,3,3.381716,1,0.01439483,3.772297,1.849378,2.039766,6DR,M042318_100_3
109,M042318,-11.625,-10.19084,28.8774,32.078,4,4.872088,0.9929495,0.009106933,8.583609,1.575716,5.447433,8B,M042318_109_4
110,M042318,-10,-7.16352,31.2102,30.895,3,4.013286,0.9905993,0.009694478,7.537731,1.753351,4.299044,6DR,M042318_110_3
113,M042318,-7.875,-3.719,34.11175,30.8545,1,1.553178,0.9963099,0.01057579,9.049813,1.582621,5.718244,6DR,M042318_113_1
113,M042318,-7.875,-3.719,34.11175,30.8545,6,7.427274,0.9985312,0.002350176,7.378925,0.9811799,7.520461,6DR,M042318_113_6
113,M042318,-7.875,-3.719,34.11175,30.8545,7,11.68742,0.9944649,0.004700352,15.66222,1.353632,11.57051,6DR,M042318_113_7
115,M042318,-15.75,-16.52367,20.90688,26.997,2,9.569933,0.9435958,0.02702703,7.907615,2.354725,3.35819,6DC,M042318_115_2
116,M042318,-13.625,-15.2637,23.99448,27.297,3,1.073578,0.9879553,0.05757932,8.891008,2.004317,4.43593,6DC,M042318_116_3
117,M042318,-10.875,-14.19356,27.92622,27.712,2,9.69967,1,0.005875441,12.31069,1.330928,9.249707,6DC,M042318_117_2
117,M042318,-10.875,-14.19356,27.92622,27.712,4,5.673979,0.9735605,0.06316099,6.794303,1.31038,5.184988,6DC,M042318_117_4
118,M042318,-13.125,-12.72076,26.21812,27.337,1,8.98878,0.9920682,0.01850764,9.11714,1.27125,7.171789,6DC,M042318_118_1
119,M042318,-14.875,-11.40748,25.25392,27.087,3,0.4542724,0.9139248,0.002350176,10.75349,1.587858,6.772326,6DC,M042318_119_3
119,M042318,-14.875,-11.40748,25.25392,27.087,5,0.3037529,0.9920682,0.001175088,20.47865,2.141797,9.561434,6DC,M042318_119_5
128,M042318,-8.375,-14.34881,29.97841,26.6285,1,5.001814,1,0.001175088,30.15168,4.549571,6.627369,6DC,M042318_128_1
128,M042318,-8.375,-14.34881,29.97841,26.6285,3,1.646585,1,0.00146886,18.05802,1.954375,9.239794,6DC,M042318_128_3
128,M042318,-8.375,-14.34881,29.97841,26.6285,4,0.5180155,0.9861927,0.002643948,9.628566,1.53217,6.284269,6DC,M042318_128_4
129,M042318,-19.375,-12.7824,19.99228,25.076,3,8.18675,0.9911869,0.039953,5.168784,1.659488,3.114685,pu,M042318_129_3
135,M042318,-8.625,-5.44404,33.49336,27.827,2,18.21408,0.9500998,0.02350176,7.054794,1.307124,5.39719,6DR,M042318_135_2
135,M042318,-8.625,-5.44404,33.49336,27.827,5,0.8124698,0.998004,0.005287896,22.16107,1.978111,11.20315,6DR,M042318_135_5
136,M042318,-8.625,-4.3626,33.82044,27.827,1,12.21399,0.9991187,0.00146886,11.89557,1.154761,10.30133,6DR,M042318_136_1
139,M042318,-11.25,-14.50004,27.7066,24.878,3,2.204717,0.9791422,0.02232667,9.678553,1.401217,6.907248,6DC,M042318_139_3
142,M042318,-9.5,-10.47366,31.5271,24.833,3,2.407529,0.9770858,0.01204465,8.366435,1.867342,4.480398,6DC,M042318_142_3
142,M042318,-9.5,-10.47366,31.5271,24.833,4,0.667277,0.9770858,0.005284791,11.07905,1.848572,5.9933,6DC,M042318_142_4
144,M042318,-8,-7.51144,33.52482,26.5041,4,1.539522,0.9938308,0.0326087,9.669169,1.382112,6.99594,6DC,M042318_144_4
147,M042318,-6.875,-4.2085,35.50357,26.4745,4,6.322577,1,0.000293772,26.36715,2.551107,10.33557,6DC,M042318_147_4
147,M042318,-6.875,-4.2085,35.50357,26.4745,6,5.492168,0.9982374,0.002056404,9.285176,0.9656357,9.61561,6DC,M042318_147_6
152,M042318,-8.0625,-10.6434,33.1554,23.765,1,7.865578,0.9988249,0.07755582,3.383695,0.7484798,4.520757,6DC,M042318_152_1
152,M042318,-8.0625,-10.6434,33.1554,23.765,2,4.947571,1,0.001175088,31.48011,2.418034,13.01889,6DC,M042318_152_2
002,M042418,-5.75,-15.5392,25.99056,45.865,3,2.300517,0.979436,0.02996475,8.156304,1.731217,4.711312,12r,M042418_002_3
005,M042418,-9.375,-12.01399,25.1788,45.7825,2,1.183156,0.9403643,0.02232667,8.16504,1.529893,5.337,11ml,M042418_005_2
006,M042418,-11.125,-10.7116,24.1548,45.76,4,4.260449,0.9638661,0.009106933,7.230088,1.174825,6.154185,11ml,M042418_006_4
008,M042418,-5.9375,-8.96102,30.31642,46.03,4,6.562981,0.9844301,0.01880141,8.884185,1.709259,5.197683,46d,M042418_008_4
010,M042418,-7.75,-16.96932,24.73848,44.525,3,3.933706,0.972973,0.01938896,8.642244,1.969455,4.38814,12r,M042418_010_3
012,M042418,-9.375,-14.94124,24.89884,44.415,3,2.07313,0.9947121,0.0273208,10.87786,1.595265,6.818845,12r,M042418_012_3
013,M042418,-10.6875,-13.88252,24.41,44.405,3,2.913428,0.9876616,0.0672738,11.46375,1.208917,9.482656,11ml,M042418_013_3
023,M042418,-10.6875,-11.29136,26.77536,43.256,3,3.294941,0.9814923,0.01057579,7.186556,1.958059,3.670245,46v,M042418_023_3
023,M042418,-10.6875,-11.29136,26.77536,43.256,5,2.150334,0.9823737,0.006462985,10.58786,1.628467,6.501735,46v,M042418_023_5
025,M042418,-8.375,-8.58725,30.0286,43.3025,3,2.697341,0.9770858,0.005287896,14.60222,1.706312,8.557764,46df,M042418_025_3
025,M042418,-8.375,-8.58725,30.0286,43.3025,4,1.321628,0.9300823,0.01850764,11.49808,1.362867,8.436689,46df,M042418_025_4
026,M042418,-9.25,-19.319,23.07391,41.6475,2,3.490566,0.9844301,0.01233843,8.399935,1.645508,5.104768,12l,M042418_026_2
029,M042418,-14.1875,-15.71175,21.83146,41.7155,4,0.4899572,0.9891304,0.00293772,11.34383,1.876058,6.046628,12o,M042418_029_4
032,M042418,-12.5,-11.34757,25.43366,41.948,1,11.59381,0.9979436,0.002350176,9.871733,1.282737,7.695835,46v,M042418_032_1
032,M042418,-12.5,-11.34757,25.43366,41.948,2,0.3267951,0.9979436,0.003819037,13.73472,1.565038,8.775967,46v,M042418_032_2
033,M042418,-11.625,-10.05315,26.8931,41.868,2,9.106226,0.9638661,0.02115159,4.350615,1.116397,3.897015,46v,M042418_033_2
039,M042418,-11,-14.56136,25.98268,40.613,4,0.8023015,0.9900118,0.01909518,11.68062,1.8214,6.412992,46v,M042418_039_4
042,M042418,-9.375,-9.8642,29.7008,40.7,2,14.19261,0.9515276,0.04847239,4.354844,1.111638,3.917501,46df,M042418_042_2
045,M042418,-7,-20.78325,24.8417,39.2375,4,1.652298,1,0.003231492,28.07292,2.218248,12.65545,46v,M042418_045_4
045,M042418,-7,-20.78325,24.8417,39.2375,5,2.412012,0.9932432,0.01321974,10.02624,2.35772,4.252517,46v,M042418_045_5
045,M042418,-7,-20.78325,24.8417,39.2375,6,0.9752852,0.9988249,0,16.33677,1.6625,9.82663,46v,M042418_045_6
054,M042418,-19.9375,-8.07093,20.34908,39.145,3,2.312793,0.9706228,0.005287896,6.6864,1.497465,4.465147,13m,M042418_054_3
061,M042418,-13,-11.8393,25.92804,37.921,3,2.748243,0.9838426,0.03819036,7.150499,1.663322,4.298928,46df,M042418_061_3
063,M042418,-12.125,-9.08639,27.96013,37.789,5,1.59984,0.9885429,0.01116334,8.511683,2.038553,4.175355,46df,M042418_063_5
065,M042418,-9.375,-6.329,31.4854,37.544,3,0.2774708,0.9955934,0.001175088,13.19459,1.544586,8.542474,6DR,M042418_065_3
072,M042418,-12.5625,-11.9644,27.036,36.231,5,1.942536,0.9565217,0.009694478,12.01597,1.24988,9.613695,46d,M042418_072_5
072,M042418,-12.5625,-11.9644,27.036,36.231,6,0.7136109,0.9565217,0.01321974,9.568602,1.334701,7.169096,46d,M042418_072_6
074,M042418,-12,-9.32171,28.34218,36.2285,2,1.644436,0.9932432,0.0252644,6.994998,1.189344,5.881393,8B,M042418_074_2
074,M042418,-12,-9.32171,28.34218,36.2285,4,0.7731986,0.9926557,0.004700352,9.154903,1.949804,4.695294,8B,M042418_074_4
080,M042418,-9.4375,-16.7561,27.3601,35.345,1,20.78362,0.9952996,0.02320799,9.597384,0.9473466,10.13081,46d,M042418_080_1
080,M042418,-9.4375,-16.7561,27.3601,35.345,4,1.438772,0.9926557,0.0346651,7.696505,1.005082,7.657586,46d,M042418_080_4
088,M042418,-13.75,-5.27292,27.46168,33.48,3,0.7722176,0.9947121,0.01321974,8.981877,2.713308,3.310305,24c,M042418_088_3
091,M042418,-12.5,-19.031,22.9636,33.977,1,19.35495,0.9568155,0.1398355,5.135226,1.454144,3.531444,45,M042418_091_1
097,M042418,-12.375,-9.2257,28.44814,33.4085,2,5.090896,0.9480023,0.05317274,6.078054,2.427274,2.504066,8B,M042418_097_2
100,M042418,-8.5,-4.67852,33.24828,32.302,1,10.43965,0.9662162,0.1266157,6.582024,1.52814,4.307211,6DR,M042418_100_1
100,M042418,-8.5,-4.67852,33.24828,32.302,4,10.03807,0.9662162,0.0220329,6.251355,1.456715,4.291406,6DR,M042418_100_4
106,M042418,-11.625,-12.52236,27.881,29.04,3,1.164983,0.9650411,0.01850764,3.610033,1.874706,1.925653,6DR,M042418_106_3
110,M042418,-10.375,-7.16834,30.93115,30.89,2,7.374965,0.9800235,0.01615746,7.191705,2.196759,3.27378,6DR,M042418_110_2
113,M042418,-8,-3.73824,33.79902,30.852,2,10.34574,0.9994125,0.004994125,14.08617,1.215445,11.58931,6DR,M042418_113_2
113,M042418,-8,-3.73824,33.79902,30.852,3,7.500231,0.9991187,0.002350176,7.19519,1.02554,7.016004,6DR,M042418_113_3
113,M042418,-8,-3.73824,33.79902,30.852,5,0.5583048,0.9970623,0.04494712,8.652025,1.327427,6.517894,6DR,M042418_113_5
115,M042418,-15.75,-16.52367,20.90688,26.997,3,5.074787,0.9247944,0.03789659,3.948148,1.754419,2.250403,6DC,M042418_115_3
116,M042418,-13.75,-15.2637,23.99448,27.297,3,1.772042,0.9889753,0.02056404,10.05265,1.805135,5.568915,6DC,M042418_116_3
117,M042418,-11.125,-14.17812,27.52019,27.6495,3,29.10313,0.9435958,0.0546416,5.99124,1.184799,5.056758,6DC,M042418_117_3
118,M042418,-14.125,-12.70012,25.40394,27.212,4,1.868095,0.9950058,0.01498237,11.63019,1.587407,7.326534,6DC,M042418_118_4
124,M042418,-13.25,-5.25591,28.66394,29.5455,3,2.161177,0.9964747,0.009106933,7.338851,1.704793,4.304833,24c,M042418_124_3
125,M042418,-8.125,-3.826,34.10256,29.588,4,5.058617,0.9900118,0.08078731,9.489464,1.518036,6.251145,6DR,M042418_125_4
128,M042418,-8.75,-14.33442,29.57762,26.571,3,0.2791181,0.9861927,0,9.691289,1.809936,5.354494,6DC,M042418_128_3
128,M042418,-8.75,-14.33442,29.57762,26.571,4,0.5273517,0.9861927,0.0005875441,13.39913,2.10922,6.352647,6DC,M042418_128_4
134,M042418,-9.25,-6.6955,32.6334,28.235,3,2.588446,0.9841363,0,11.73052,1.777596,6.599096,6DR,M042418_134_3
134,M042418,-9.25,-6.6955,32.6334,28.235,6,0.6461147,0.9908931,0.02027027,10.80057,1.72027,6.278415,6DR,M042418_134_6
135,M042418,-8.875,-5.46247,33.18523,27.8295,1,4.30935,0.9089307,0.02027027,3.621432,1.26645,2.859515,6DR,M042418_135_1
135,M042418,-8.875,-5.46247,33.18523,27.8295,4,8.278337,0.9853114,0.01204465,9.250994,1.394999,6.63154,6DR,M042418_135_4
136,M042418,-8.875,-4.3863,33.51142,27.8295,1,7.294554,0.9773796,0.05111633,3.604697,1.104986,3.262212,6DR,M042418_136_1
136,M042418,-8.875,-4.3863,33.51142,27.8295,3,10.04662,0.9294947,0.01380729,6.971301,1.015455,6.865201,6DR,M042418_136_3
136,M042418,-8.875,-4.3863,33.51142,27.8295,7,10.11237,0.9732667,0.01527615,9.4453,1.581524,5.972278,6DR,M042418_136_7
139,M042418,-11.25,-14.50004,27.7066,24.878,2,10.79214,0.9083431,0.05434782,7.536804,1.495816,5.038592,6DC,M042418_139_2
139,M042418,-11.25,-14.50004,27.7066,24.878,6,8.199247,0.9732667,0.005875441,5.90106,1.07753,5.476471,6DC,M042418_139_6
140,M042418,-9.125,-13.20618,30.62386,25.138,4,10.3783,0.9885429,0.1019389,6.539788,1.530034,4.274275,6DC,M042418_140_4
142,M042418,-9.5,-10.47366,31.5271,24.833,1,20.56396,0.9791422,0.0326087,4.708908,1.083335,4.346677,6DC,M042418_142_1
142,M042418,-9.5,-10.47366,31.5271,24.833,6,1.978542,0.9747356,0.01439483,7.671004,1.752001,4.378424,6DC,M042418_142_6
144,M042418,-8,-7.51144,33.52482,26.5041,2,2.168706,0.9973561,0.005875441,13.51131,1.444938,9.350793,6DC,M042418_144_2
146,M042418,-7,-5.359,35.21182,26.4745,2,7.475106,0.9030553,0.002350176,16.50745,0.9863483,16.73592,6DC,M042418_146_2
147,M042418,-7.125,-4.2085,35.50357,26.4745,1,9.878597,0.9970623,0.004994125,13.85782,1.243081,11.14797,6DC,M042418_147_1
147,M042418,-7.125,-4.2085,35.50357,26.4745,3,6.336428,0.9174501,0.06492362,3.619769,0.8066061,4.487654,6DC,M042418_147_3
147,M042418,-7.125,-4.2085,35.50357,26.4745,7,7.6104,0.9861927,0.01586369,7.421676,0.9512811,7.80177,6DC,M042418_147_7
152,M042418,-8.0625,-10.6434,33.1554,23.765,1,26.70903,0.9826674,0.009988249,7.03793,1.163296,6.049989,6DC,M042418_152_1
155,M042418,-13.5,-6.67477,28.75739,25.28,4,10.63024,0.9618096,0.04873752,6.54579,1.510386,4.333853,24c,M042418_155_4
002,M042518,-5.75,-15.5392,25.99056,45.865,4,1.53032,0.9817861,0.005875441,13.32186,1.510478,8.819631,12r,M042518_002_4
002,M042518,-5.75,-15.5392,25.99056,45.865,5,0.2451715,0.9988249,0.00146886,11.38188,1.852952,6.142563,12r,M042518_002_5
004,M042518,-8.1875,-13.51156,25.35484,45.8575,2,0.2705447,0.9944183,0.001762632,8.666272,2.567269,3.375678,11ml,M042518_004_2
005,M042518,-9.375,-12.01399,25.1788,45.7825,3,2.739492,0.9947121,0.01733255,9.192233,2.982769,3.081778,11ml,M042518_005_3
006,M042518,-11.125,-10.7116,24.1548,45.76,3,3.336185,0.9811986,0.00293772,8.641689,1.237482,6.983286,11ml,M042518_006_3
006,M042518,-11.125,-10.7116,24.1548,45.76,4,2.771607,0.9811986,0.003525264,12.17863,1.394409,8.733901,11ml,M042518_006_4
008,M042518,-6.1875,-8.96555,30.14205,46.0225,2,2.003358,0.9847239,0.009694478,10.93684,1.739307,6.288042,46d,M042518_008_2
010,M042518,-7.75,-16.96932,24.73848,44.525,3,7.626284,0.9691539,0.02232667,7.611491,1.715022,4.438131,12r,M042518_010_3
012,M042518,-9.375,-14.94124,24.89884,44.415,4,2.868307,0.9955934,0.02673326,10.44276,1.285897,8.120996,12r,M042518_012_4
013,M042518,-10.6875,-13.88252,24.41,44.405,3,1.215735,0.9065805,0.1092832,8.502306,1.454998,5.843516,11ml,M042518_013_3
023,M042518,-10.6875,-11.29136,26.77536,43.256,3,1.356012,0.9750293,0.01938896,11.9724,1.499553,7.983981,46v,M042518_023_3
023,M042518,-10.6875,-11.29136,26.77536,43.256,6,4.110776,0.9938308,0.01145711,8.243942,1.30298,6.32699,46v,M042518_023_6
024,M042518,-9.8125,-9.94376,27.9145,43.316,3,3.854417,0.9844301,0.06551117,8.868356,1.744227,5.084404,46df,M042518_024_3
025,M042518,-8.5,-8.5999,29.84428,43.3,1,6.07433,0.9435958,0.009400705,7.170614,1.135019,6.317616,46df,M042518_025_1
025,M042518,-8.5,-8.5999,29.84428,43.3,6,0.3298559,1,0,24.50533,2.279261,10.75144,46df,M042518_025_6
026,M042518,-9.25,-19.319,23.07391,41.6475,2,3.326839,0.9735605,0.004994125,7.844293,1.479427,5.30225,12l,M042518_026_2
028,M042518,-11.4375,-16.89,23.6248,41.715,3,2.192741,0.9850176,0.03730905,6.736334,2.146666,3.138045,12o,M042518_028_3
032,M042518,-12.5,-11.34757,25.43366,41.948,3,10.35157,1,0.001175088,18.9825,2.040955,9.300792,46v,M042518_032_3
032,M042518,-12.5,-11.34757,25.43366,41.948,4,2.341759,0.960047,0.007931845,7.055855,1.054163,6.693327,46v,M042518_032_4
033,M042518,-11.875,-10.07421,26.47354,41.858,3,8.558324,0.9553466,0.2467685,6.878791,1.452642,4.735365,46v,M042518_033_3
034,M042518,-9.75,-8.59209,29.33617,42.0205,2,0.1441579,0.9968534,0.005034613,15.15922,13.53264,1.120197,46df,M042518_034_2
039,M042518,-11,-14.56136,25.98268,40.613,3,1.145576,0.9882491,0.01439483,9.936837,1.989136,4.995555,46v,M042518_039_3
044,M042518,-8.25,-7.19784,31.36024,40.62,3,0.7325895,0.9903055,0.01586369,12.13885,4.571648,2.655247,8B,M042518_044_3
045,M042518,-7,-20.78325,24.8417,39.2375,3,1.62696,0.9838426,0.006756757,15.0036,1.530997,9.799889,46v,M042518_045_3
045,M042518,-7,-20.78325,24.8417,39.2375,4,2.58078,0.983255,0.01086957,10.01567,1.454288,6.886997,46v,M042518_045_4
045,M042518,-7,-20.78325,24.8417,39.2375,5,1.65526,0.9838426,0.002350176,14.87634,1.826118,8.146428,46v,M042518_045_5
050,M042518,-12.75,-12.83698,25.29198,39.345,3,5.17314,0.9753231,0.0472973,10.27164,1.381143,7.437055,46v,M042518_050_3
054,M042518,-19.9375,-8.07093,20.34908,39.145,2,9.203625,0.9994125,0.002056404,13.34132,1.601108,8.332553,13m,M042518_054_2
055,M042518,-7.5,-20.90676,24.55024,38.014,3,28.5915,0.9938308,0.01762632,7.332048,1.191507,6.153594,46v,M042518_055_3
060,M042518,-13.75,-13.20908,24.72016,37.916,3,8.39855,0.9762045,0.1251469,7.842416,1.586582,4.942963,46v,M042518_060_3
061,M042518,-13.375,-11.85095,25.61766,37.9185,3,1.124047,0.9994125,0.01057579,12.59585,1.729361,7.283528,46v,M042518_061_3
065,M042518,-9.75,-6.3523,31.17608,37.549,2,1.065328,0.9955934,0.006169213,12.41378,2.305568,5.384261,6DR,M042518_065_2
065,M042518,-9.75,-6.3523,31.17608,37.549,4,7.638574,0.9301556,0.01233843,7.290751,1.228034,5.936928,6DR,M042518_065_4
067,M042518,-8.375,-19.86815,25.3191,36.608,3,1.225729,0.9970623,0.01762632,12.08927,1.537225,7.864345,8A,M042518_067_3
072,M042518,-12.5625,-11.9644,27.036,36.231,2,0.8732088,0.9756169,0.03290247,8.34587,1.518257,5.497008,46d,M042518_072_2
074,M042518,-12,-9.32171,28.34218,36.2285,3,1.107482,0.9929495,0.03025852,7.895856,1.133133,6.968166,8B,M042518_074_3
080,M042518,-9.4375,-16.7561,27.3601,35.345,1,22.01241,0.9879553,0.07520564,10.14852,0.8877197,11.43212,46d,M042518_080_1
080,M042518,-9.4375,-16.7561,27.3601,35.345,3,2.708452,0.9861927,0.003819037,3.691486,0.700604,5.269005,46d,M042518_080_3
080,M042518,-9.4375,-16.7561,27.3601,35.345,7,1.447223,0.9879553,0.03554641,7.683287,1.189275,6.460477,46d,M042518_080_7
088,M042518,-13.875,-5.27292,27.46168,33.48,3,4.731921,0.9988249,0.00293772,14.42984,1.240121,11.63583,24c,M042518_088_3
088,M042518,-13.875,-5.27292,27.46168,33.48,4,1.885292,0.9847239,0.02849589,7.623055,1.41155,5.400485,24c,M042518_088_4
091,M042518,-12.5,-19.031,22.9636,33.977,1,24.07045,0.9538778,0.173913,5.214592,1.105348,4.717603,45,M042518_091_1
092,M042518,-10.875,-17.31475,25.92425,33.9105,1,2.364421,0.9477086,0.0126322,14.37418,1.905853,7.542123,46v,M042518_092_1
096,M042518,-8.75,-10.62275,31.51306,33.3185,1,61.0187,0.9723854,0.03672151,6.615087,1.450538,4.560436,6DR,M042518_096_1
101,M042518,-8,-21.72212,24.81526,32.6665,1,17.84423,0.9174501,0.04700353,3.901701,0.997869,3.910034,46v,M042518_101_1
101,M042518,-8,-21.72212,24.81526,32.6665,2,32.34921,0.9923619,0.01145711,10.01825,1.139672,8.790466,46v,M042518_101_2
104,M042518,-14.125,-15.17275,23.4686,28.655,2,0.4801632,0.9903055,0.009694478,9.700658,1.300263,7.460536,6DR,M042518_104_2
106,M042518,-11.625,-12.52236,27.881,29.04,2,9.512439,0.9750293,0.07990599,6.783702,1.013061,6.696244,6DR,M042518_106_2
106,M042518,-11.625,-12.52236,27.881,29.04,4,8.569643,0.9750293,0.1319036,8.358603,1.178885,7.090261,6DR,M042518_106_4
109,M042518,-12.25,-10.23922,28.2317,32.103,4,3.201198,0.9973561,0.03349001,8.442349,1.136614,7.427633,8B,M042518_109_4
109,M042518,-12.25,-10.23922,28.2317,32.103,5,3.97558,0.993537,0.009988249,7.679874,1.588885,4.833498,8B,M042518_109_5
113,M042518,-8.125,-3.73824,33.79902,30.852,3,8.700576,0.9982374,0.002643948,10.77913,1.451069,7.428404,6DR,M042518_113_3
113,M042518,-8.125,-3.73824,33.79902,30.852,4,5.550003,0.9829612,0.02761457,6.704227,1.660394,4.037733,6DR,M042518_113_4
114,M042518,-10.625,-20.95274,23.61065,30.9995,3,11.42793,0.9391892,0.0987074,6.942084,1.535611,4.520731,45,M042518_114_3
116,M042518,-13.75,-15.2637,23.99448,27.297,3,0.1719268,0.9967685,0.00146886,12.66905,1.525165,8.306671,6DC,M042518_116_3
117,M042518,-11.125,-14.17812,27.52019,27.6495,2,18.24692,0.9462397,0.08871915,7.262509,1.598557,4.543167,6DC,M042518_117_2
118,M042518,-14.5,-12.6898,24.99685,27.1495,3,0.6305644,0.9991187,0.002056404,13.49877,1.683151,8.019941,6DC,M042518_118_3
128,M042518,-8.75,-14.33442,29.57762,26.571,4,4.109013,0.9900118,0.008813161,5.994566,1.182342,5.070076,6DC,M042518_128_4
128,M042518,-8.75,-14.33442,29.57762,26.571,6,2.722451,0.9988249,0.007344301,14.54912,1.311474,11.09371,6DC,M042518_128_6
128,M042518,-8.75,-14.33442,29.57762,26.571,7,0.2125125,0.9988249,0,32.17701,3.446462,9.336243,6DC,M042518_128_7
129,M042518,-21.875,-12.7212,17.60194,24.731,3,0.3850171,0.9929495,0.008813161,9.468408,2.577277,3.673803,pu,M042518_129_3
134,M042518,-9.25,-6.6955,32.6334,28.235,3,4.596035,0.9952996,0.0005875441,10.49668,1.619567,6.481166,6DR,M042518_134_3
136,M042518,-8.875,-4.3863,33.51142,27.8295,1,1.022431,0.9603408,0.04024677,3.422482,1.714484,1.996216,6DR,M042518_136_1
136,M042518,-8.875,-4.3863,33.51142,27.8295,6,10.49103,0.9994125,0.003525264,14.64945,1.419471,10.32036,6DR,M042518_136_6
136,M042518,-8.875,-4.3863,33.51142,27.8295,7,10.47315,0.9920682,0.04112808,7.972098,0.9119771,8.741556,6DR,M042518_136_7
139,M042518,-11.25,-14.50004,27.7066,24.878,3,8.017792,0.9879553,0.04465335,8.293998,1.444201,5.742965,6DC,M042518_139_3
140,M042518,-9.125,-13.20618,30.62386,25.138,3,2.310934,0.9976498,0.02320799,10.05339,1.544045,6.511071,6DC,M042518_140_3
142,M042518,-9.875,-10.47108,31.1198,24.778,3,2.831421,0.9944183,0.01321974,8.595279,2.069359,4.153595,6DC,M042518_142_3
142,M042518,-9.875,-10.47108,31.1198,24.778,5,3.870969,0.9976498,0.02878966,9.028294,1.098417,8.219365,6DC,M042518_142_5
144,M042518,-8,-7.51144,33.52482,26.5041,3,2.234138,0.9982374,0.001762632,15.4951,1.506866,10.283,6DC,M042518_144_3
146,M042518,-7,-5.359,35.21182,26.4745,1,15.04124,0.9988249,0.003525264,15.80362,1.552039,10.18249,6DC,M042518_146_1
146,M042518,-7,-5.359,35.21182,26.4745,2,12.43336,0.9324324,0.03025852,3.878561,0.783877,4.94792,6DC,M042518_146_2
147,M042518,-7.125,-4.2085,35.50357,26.4745,3,4.114713,0.9888366,0.03907168,9.678201,1.127149,8.586442,6DC,M042518_147_3
147,M042518,-7.125,-4.2085,35.50357,26.4745,6,2.282892,0.9994125,0.003819037,18.97825,1.565521,12.12264,6DC,M042518_147_6
152,M042518,-8.0625,-10.6434,33.1554,23.765,3,17.62334,0.9973561,0.03495887,8.813791,1.094355,8.053871,6DC,M042518_152_3
153,M042518,-8.25,-9.22885,33.33999,23.515,3,1.895885,0.9835488,0.009106933,8.439359,1.850607,4.56032,6DC,M042518_153_3
155,M042518,-13.5,-6.67477,28.75739,25.28,1,6.607214,0.9976498,0.002350176,12.19025,1.393576,8.747462,24c,M042518_155_1
005,M042618,-9.375,-12.01399,25.1788,45.7825,4,2.37834,0.9950058,0.008813161,10.47047,3.282319,3.189961,11ml,M042618_005_4
006,M042618,-11.125,-10.7116,24.1548,45.76,1,2.52941,0.9333137,0.01556992,10.1546,1.346204,7.543134,11ml,M042618_006_1
008,M042618,-6.1875,-8.96555,30.14205,46.0225,4,2.058154,0.9838426,0.02878966,8.250241,2.312717,3.567337,46d,M042618_008_4
010,M042618,-7.75,-16.96932,24.73848,44.525,2,5.487619,0.9456522,0.01586369,7.60946,1.443221,5.272552,12r,M042618_010_2
011,M042618,-6.875,-15.96754,26.51046,44.495,2,22.90554,0.9359577,0.0640423,6.312518,1.294659,4.875814,46v,M042618_011_2
012,M042618,-9.375,-14.94124,24.89884,44.415,3,1.955757,0.9947121,0.03848414,10.17202,1.279302,7.951225,12r,M042618_012_3
016,M042618,-10.25,-8.92968,27.05072,44.528,3,3.422428,0.9879553,0.01351351,9.103755,1.494637,6.090948,46v,M042618_016_3
018,M042618,-7,-17.85288,26.06626,43.121,2,2.506264,0.9788484,0.02673326,3.897543,2.397112,1.625933,12l,M042618_018_2
022,M042618,-11.9375,-12.62851,24.93078,43.1585,3,6.978849,0.9926557,0.004112808,7.862775,1.313467,5.986274,11ml,M042618_022_3
023,M042618,-10.8125,-11.30155,26.5348,43.2485,2,4.65098,0.976792,0.05111633,8.433773,1.910798,4.413743,46v,M042618_023_2
024,M042618,-10.0625,-9.9532,27.73175,43.311,2,4.301132,0.9891304,0.004994125,11.56576,1.337829,8.64517,46df,M042618_024_2
024,M042618,-10.0625,-9.9532,27.73175,43.311,3,0.5121679,0.9976498,0.02585194,17.13128,2.307157,7.425277,46df,M042618_024_3
024,M042618,-10.0625,-9.9532,27.73175,43.311,5,2.034668,0.9841363,0.03877791,3.646012,1.437572,2.536228,46df,M042618_024_5
025,M042618,-8.5,-8.5999,29.84428,43.3,3,1.94359,0.9967685,0.0005875441,11.75217,1.959482,5.997591,46df,M042618_025_3
029,M042618,-14.1875,-15.71175,21.83146,41.7155,3,0.5698441,0.9911869,0.01086957,8.24974,2.48753,3.316438,12o,M042618_029_3
032,M042618,-12.5,-11.34757,25.43366,41.948,3,1.193372,0.934195,0.03407755,7.167538,1.444474,4.962039,46v,M042618_032_3
032,M042618,-12.5,-11.34757,25.43366,41.948,6,8.746765,0.9963099,0.003231492,9.981751,1.404758,7.105672,46v,M042618_032_6
034,M042618,-10,-8.61491,28.94283,42.0155,3,9.123196,0.9679788,0.01527615,5.442895,3.000534,1.813975,46df,M042618_034_3
039,M042618,-11.125,-14.56967,25.78621,40.608,3,1.849741,0.9941245,0.00293772,14.23254,3.66712,3.881122,46v,M042618_039_3
044,M042618,-8.375,-7.19784,31.36024,40.62,1,2.609374,0.9908931,0.00293772,10.64478,3.938335,2.702862,8B,M042618_044_1
045,M042618,-7,-20.78325,24.8417,39.2375,3,1.432331,0.9709166,0.0005875441,13.33577,1.606207,8.302645,46v,M042618_045_3
045,M042618,-7,-20.78325,24.8417,39.2375,5,2.883762,0.9532902,0.01086957,10.77632,1.158596,9.301188,46v,M042618_045_5
055,M042618,-7.5,-20.90676,24.55024,38.014,3,18.33362,0.9976498,0.007050529,8.561921,1.355481,6.316517,46v,M042618_055_3
060,M042618,-14.5,-13.24004,23.79208,37.9085,5,1.754626,0.9982374,0.008225617,9.949646,1.374179,7.240427,46v,M042618_060_5
061,M042618,-13.5,-11.85095,25.61766,37.9185,2,3.109458,0.9879553,0.01909518,9.560885,2.621039,3.647746,46v,M042618_061_2
066,M042618,-7.625,-21.05784,24.38696,36.598,3,11.01489,0.9688601,0.04465335,5.585952,1.174491,4.756061,8A,M042618_066_3
066,M042618,-7.625,-21.05784,24.38696,36.598,5,1.546527,0.9929495,0.005581669,17.413,1.72097,10.11813,8A,M042618_066_5
072,M042618,-12.8125,-11.97711,26.72455,36.2335,2,10.5157,0.9985312,0.00146886,9.905081,1.506716,6.573953,46d,M042618_072_2
077,M042618,-8.25,-21.36736,24.0578,35.26,2,0.1973553,1,0,25.30607,2.204039,11.48168,45,M042618_077_2
077,M042618,-8.25,-21.36736,24.0578,35.26,5,2.724486,0.9306698,0.02115159,7.281135,1.326246,5.490035,45,M042618_077_5
080,M042618,-9.4375,-16.7561,27.3601,35.345,2,21.90255,0.9994125,0.04641598,8.844665,1.359504,6.505802,46d,M042618_080_2
080,M042618,-9.4375,-16.7561,27.3601,35.345,3,10.99304,0.9480023,0.02820211,3.901966,0.8897126,4.385648,46d,M042618_080_3
088,M042618,-14,-5.29121,27.17409,33.4725,3,3.000009,0.9903055,0.02115159,8.74503,3.19407,2.737895,24c,M042618_088_3
092,M042618,-10.875,-17.31475,25.92425,33.9105,3,5.110181,0.9612221,0.02262045,9.810755,1.876663,5.227765,46v,M042618_092_3
096,M042618,-8.75,-10.62275,31.51306,33.3185,2,8.68772,0.9603408,0.009400705,7.927144,1.217672,6.510084,6DR,M042618_096_2
100,M042618,-8.5,-4.67852,33.24828,32.302,3,12.40977,0.9864865,0.04994125,9.10308,1.548465,5.878777,6DR,M042618_100_3
101,M042618,-8,-21.72212,24.81526,32.6665,2,22.25949,0.9512339,0.01762632,6.950838,1.231436,5.644495,46v,M042618_101_2
106,M042618,-11.625,-12.52236,27.881,29.04,4,8.17029,0.9482961,0.06903642,5.640086,1.186014,4.755496,6DR,M042618_106_4
106,M042618,-11.625,-12.52236,27.881,29.04,6,8.677998,1,0.0005875441,15.34648,1.387446,11.06096,6DR,M042618_106_6
108,M042618,-14,-9.88386,26.48628,28.47,3,1.283647,0.9952996,0.02761457,10.59713,1.372433,7.721414,6DR,M042618_108_3
113,M042618,-8.125,-3.73824,33.79902,30.852,1,10.69817,0.993537,0.008813161,8.264635,1.93653,4.267755,6DR,M042618_113_1
113,M042618,-8.125,-3.73824,33.79902,30.852,4,2.045278,0.9850176,0.01321974,3.697812,1.012938,3.65058,6DR,M042618_113_4
115,M042618,-16.25,-16.5002,20.5078,26.937,2,14.55314,0.9847239,0.01527615,7.283556,1.116443,6.523896,6DC,M042618_115_2
116,M042618,-14.375,-15.2248,23.19692,27.177,2,0.4147733,0.9882491,0.004112808,13.65748,1.790192,7.629061,6DC,M042618_116_2
116,M042618,-14.375,-15.2248,23.19692,27.177,4,3.994341,0.9688601,0.04377203,8.409252,1.997992,4.208852,6DC,M042618_116_4
117,M042618,-11.625,-14.16268,27.11416,27.587,3,44.78736,0.9327262,0.07285547,6.586782,1.14459,5.754709,6DC,M042618_117_3
128,M042618,-8.75,-14.33442,29.57762,26.571,2,17.38734,0.9850176,0.01292597,6.934895,1.079785,6.422475,6DC,M042618_128_2
134,M042618,-9.25,-6.6955,32.6334,28.235,3,2.520374,0.993537,0.007344301,10.91185,1.634091,6.677629,6DR,M042618_134_3
134,M042618,-9.25,-6.6955,32.6334,28.235,4,1.771838,0.979436,0.006462985,8.832038,1.365423,6.468353,6DR,M042618_134_4
135,M042618,-8.875,-5.46247,33.18523,27.8295,1,0.3391252,0.9994125,0.001175088,17.1445,1.732249,9.897245,6DR,M042618_135_1
136,M042618,-8.875,-4.3863,33.51142,27.8295,1,5.477144,0.9673913,0.01204465,4.042452,0.6544729,6.176653,6DR,M042618_136_1
136,M042618,-8.875,-4.3863,33.51142,27.8295,2,16.2969,1,0.003525264,17.18668,1.358452,12.65166,6DR,M042618_136_2
136,M042618,-8.875,-4.3863,33.51142,27.8295,3,9.586753,0.9673913,0.03613396,3.306586,0.6649193,4.972913,6DR,M042618_136_3
136,M042618,-8.875,-4.3863,33.51142,27.8295,4,19.7074,0.9911869,0.009988249,3.574573,0.5046826,7.082815,6DR,M042618_136_4
139,M042618,-11.375,-14.48522,27.31155,24.8255,2,10.78309,0.9350764,0.02291422,6.210077,1.163455,5.337617,6DC,M042618_139_2
139,M042618,-11.375,-14.48522,27.31155,24.8255,3,0.5791728,0.9976498,0.01586369,10.29947,1.471247,7.000505,6DC,M042618_139_3
144,M042618,-8,-7.51144,33.52482,26.5041,3,1.956535,0.9973561,0.007050529,13.71397,1.571374,8.727374,6DC,M042618_144_3
146,M042618,-7,-5.359,35.21182,26.4745,1,9.510197,0.9236193,0.0766745,4.166511,0.9950071,4.187418,6DC,M042618_146_1
146,M042618,-7,-5.359,35.21182,26.4745,3,12.95285,0.9973561,0.004112808,14.5003,1.495793,9.694055,6DC,M042618_146_3
146,M042618,-7,-5.359,35.21182,26.4745,6,21.22295,0.93302,0.06874266,5.548381,0.8493312,6.532647,6DC,M042618_146_6
147,M042618,-7.125,-4.2085,35.50357,26.4745,1,4.391657,0.9979436,0.001762632,16.23541,1.515376,10.71379,6DC,M042618_147_1
147,M042618,-7.125,-4.2085,35.50357,26.4745,4,3.372893,0.9979436,0.01175088,10.32345,1.135456,9.091904,6DC,M042618_147_4
149,M042618,-11.625,-14.69256,27.81992,23.415,4,7.195563,1,0,16.24277,1.515681,10.71649,6DC,M042618_149_4
150,M042618,-13,-13.2478,27.15928,23.215,4,4.007113,0.9788484,0.008813161,10.78911,1.160178,9.29953,6DC,M042618_150_4
152,M042618,-8.0625,-10.6434,33.1554,23.765,2,20.05973,1,0.005875441,12.77255,1.021493,12.5038,6DC,M042618_152_2
153,M042618,-8.25,-9.22885,33.33999,23.515,2,4.444207,0.9629847,0.04524089,6.18177,1.987246,3.110722,6DC,M042618_153_2
156,M042618,-12.75,-5.65513,29.44352,25.27,3,3.4258,0.9847239,0.056698,7.878736,1.571457,5.01365,24c,M042618_156_3
157,M042618,-8.25,-4.29636,34.34174,25.01,5,1.135453,0.9967685,0.002643948,12.13625,2.025703,5.991128,6DC,M042618_157_5
005,M042718,-9.375,-12.01399,25.1788,45.7825,2,5.317812,0.9700353,0.03084606,6.187815,1.803598,3.430817,11ml,M042718_005_2
005,M042718,-9.375,-12.01399,25.1788,45.7825,4,2.305395,0.9841509,0.006462985,11.97158,2.154399,5.55681,11ml,M042718_005_4
006,M042718,-11.125,-10.7116,24.1548,45.76,3,3.405307,0.996181,0.00293772,13.48534,1.368281,9.85568,11ml,M042718_006_3
006,M042718,-11.125,-10.7116,24.1548,45.76,4,6.451604,0.983255,0.002056404,7.987484,1.265857,6.309942,11ml,M042718_006_4
008,M042718,-6.4375,-8.97461,29.79331,46.0075,2,2.255131,0.9861927,0.0005875441,11.05083,2.226203,4.963982,46d,M042718_008_2
008,M042718,-6.4375,-8.97461,29.79331,46.0075,5,1.154463,0.9894242,0.004994125,16.97425,1.632493,10.39775,46d,M042718_008_5
008,M042718,-6.4375,-8.97461,29.79331,46.0075,6,1.676494,0.9861927,0.02702703,11.45683,1.580117,7.25062,46d,M042718_008_6
011,M042718,-6.875,-15.96754,26.51046,44.495,3,21.64695,0.9506463,0.0660987,6.509591,1.382261,4.70938,46v,M042718_011_3
013,M042718,-10.6875,-13.88252,24.41,44.405,2,4.258508,0.9676851,0.04670975,8.197294,1.593399,5.144532,11ml,M042718_013_2
022,M042718,-11.9375,-12.62851,24.93078,43.1585,2,5.885049,0.9894242,0.006169213,7.789751,1.289893,6.039069,11ml,M042718_022_2
023,M042718,-10.8125,-11.30155,26.5348,43.2485,3,1.383512,0.9894242,0.01556992,11.07747,1.824312,6.072134,46v,M042718_023_3
024,M042718,-10.0625,-9.9532,27.73175,43.311,3,0.2427954,0.9997062,0.0005875441,19.47155,3.903028,4.988831,46df,M042718_024_3
025,M042718,-8.5,-8.5999,29.84428,43.3,3,3.163924,0.9932432,0.01086957,9.134912,2.160476,4.228194,46df,M042718_025_3
032,M042718,-12.5,-11.34757,25.43366,41.948,2,15.17136,0.9994125,0.005581669,9.338688,1.310214,7.127604,46v,M042718_032_2
032,M042718,-12.5,-11.34757,25.43366,41.948,4,1.469418,0.9894242,0.02585194,8.099233,1.532137,5.286232,46v,M042718_032_4
036,M042718,-8.75,-18.75302,24.82958,40.5255,2,9.730335,0.9494712,0.009694478,6.572817,1.307004,5.02892,45,M042718_036_2
036,M042718,-8.75,-18.75302,24.82958,40.5255,7,5.826218,0.9891304,0.0005875441,15.01125,1.942831,7.726481,45,M042718_036_7
039,M042718,-11.125,-14.56967,25.78621,40.608,2,14.76212,0.9817861,0.02790834,7.069437,1.276502,5.538133,46v,M042718_039_2
039,M042718,-11.125,-14.56967,25.78621,40.608,3,0.2749698,0.993537,0.0008813161,13.48726,1.617354,8.339089,46v,M042718_039_3
044,M042718,-8.5,-7.21371,31.10181,40.6175,3,2.354996,0.9797297,0.06962397,8.632347,2.441984,3.534972,8B,M042718_044_3
045,M042718,-7.375,-20.79835,24.44574,39.2225,2,2.625729,0.9541715,0.003231492,12.09061,2.037054,5.935341,46v,M042718_045_2
045,M042718,-7.375,-20.79835,24.44574,39.2225,4,3.473296,0.9541715,0.003819037,14.72347,1.778507,8.27856,46v,M042718_045_4
060,M042718,-14.5,-13.24004,23.79208,37.9085,3,1.581564,0.9903055,0.01175088,10.32355,1.461774,7.062343,46v,M042718_060_3
061,M042718,-13.625,-11.8626,25.30728,37.916,2,1.531392,0.9973561,0.006169213,7.83547,1.458814,5.371123,46v,M042718_061_2
065,M042718,-9.75,-6.3523,31.17608,37.549,4,6.255908,1,0.007931845,4.30846,1.364774,3.156904,6DR,M042718_065_4
067,M042718,-8.375,-19.86815,25.3191,36.608,2,2.062611,0.9635723,0.01556992,3.690929,1.360108,2.713703,8A,M042718_067_2
072,M042718,-12.8125,-11.97711,26.72455,36.2335,2,13.56545,0.9820799,0.01762632,6.469592,1.176384,5.499559,46d,M042718_072_2
074,M042718,-12.125,-9.32171,28.34218,36.2285,3,0.7308201,0.9979436,0.01057579,8.960577,1.226386,7.306492,8B,M042718_074_3
078,M042718,-8.4375,-19.9883,25.64057,35.285,3,19.15088,0.9336075,0.08254994,5.910114,1.187139,4.978452,8A,M042718_078_3
091,M042718,-13.25,-19.0769,22.03297,33.9695,3,0.8554662,0.9944183,0.009400705,5.698798,1.265722,4.50241,44,M042718_091_3
091,M042718,-13.25,-19.0769,22.03297,33.9695,4,12.16241,0.9594595,0.06110458,8.141418,1.305123,6.238049,44,M042718_091_4
092,M042718,-10.875,-17.31475,25.92425,33.9105,3,3.040788,0.9917744,0.02467685,11.08498,1.376712,8.051777,46v,M042718_092_3
097,M042718,-13,-9.2483,27.82066,33.4235,3,4.251646,0.9797297,0.01321974,8.042287,1.448746,5.551205,8B,M042718_097_3
101,M042718,-8,-21.72212,24.81526,32.6665,2,14.62146,0.9480023,0.01586369,4.125916,1.091353,3.780553,46v,M042718_101_2
101,M042718,-8,-21.72212,24.81526,32.6665,3,12.98699,0.9853114,0.03319624,8.28647,1.396981,5.931701,46v,M042718_101_3
105,M042718,-14.875,-13.83308,23.81856,28.5,3,14.19035,0.9894242,0.009106933,8.48643,1.343062,6.318719,6DR,M042718_105_3
106,M042718,-11.625,-12.52236,27.881,29.04,1,8.924641,1,0.004994125,18.15544,1.562643,11.61842,6DR,M042718_106_1
113,M042718,-8.125,-3.73824,33.79902,30.852,2,0.8653781,1,0.001762632,18.4997,1.640819,11.27468,6DR,M042718_113_2
113,M042718,-8.125,-3.73824,33.79902,30.852,5,8.99046,0.9900118,0.008813161,7.294993,1.363283,5.351048,6DR,M042718_113_5
115,M042718,-16.25,-16.5002,20.5078,26.937,3,12.9657,0.9594595,0.02790834,5.297825,1.136947,4.659695,6DC,M042718_115_3
115,M042718,-16.25,-16.5002,20.5078,26.937,4,16.69979,0.9803173,0.03290247,6.932215,1.167295,5.938701,6DC,M042718_115_4
123,M042718,-13.875,-6.27668,27.78684,29.512,2,18.72291,0.9947121,0.02702703,7.780907,1.139791,6.826609,24c,M042718_123_2
124,M042718,-13.875,-5.28265,28.0451,29.5405,3,3.316215,0.983255,0.009988249,8.367894,2.562058,3.266083,24c,M042718_124_3
125,M042718,-8.125,-3.826,34.10256,29.588,3,9.198308,0.970329,0.008225617,5.586357,1.120293,4.986516,6DR,M042718_125_3
134,M042718,-9.25,-6.6955,32.6334,28.235,2,11.74228,0.9952996,0.003231492,8.676802,1.340632,6.472172,6DR,M042718_134_2
134,M042718,-9.25,-6.6955,32.6334,28.235,4,3.447586,0.993537,0.0660987,9.264198,1.188567,7.794426,6DR,M042718_134_4
135,M042718,-8.875,-5.46247,33.18523,27.8295,3,3.138196,0.9991187,0.006462985,16.98328,2.215366,7.666128,6DR,M042718_135_3
135,M042718,-8.875,-5.46247,33.18523,27.8295,4,16.6237,0.9920682,0.008813161,7.545776,1.155086,6.532652,6DR,M042718_135_4
136,M042718,-8.875,-4.3863,33.51142,27.8295,3,10.96409,0.9506463,0.1272033,6.129936,1.373883,4.46176,6DR,M042718_136_3
136,M042718,-8.875,-4.3863,33.51142,27.8295,4,12.01386,0.9911869,0.04112808,7.990129,1.090502,7.327021,6DR,M042718_136_4
139,M042718,-11.625,-14.48522,27.31155,24.8255,4,11.82108,0.974148,0.01321974,6.990079,1.159574,6.028142,6DC,M042718_139_4
139,M042718,-11.625,-14.48522,27.31155,24.8255,5,9.953525,0.9726792,0.009106933,4.353999,1.008175,4.318691,6DC,M042718_139_5
146,M042718,-7,-5.359,35.21182,26.4745,2,13.55481,0.9911869,0.01145711,8.162009,1.22356,6.670704,6DC,M042718_146_2
147,M042718,-7.125,-4.2085,35.50357,26.4745,3,2.993138,0.996181,0.006169213,11.06234,1.228468,9.004992,6DC,M042718_147_3
149,M042718,-11.625,-14.69256,27.81992,23.415,3,4.626246,0.9941245,0.0126322,10.78896,1.197639,9.008518,6DC,M042718_149_3
150,M042718,-13,-13.2478,27.15928,23.215,3,1.707677,0.9994125,0.01145711,11.84523,1.451976,8.158008,6DC,M042718_150_3
152,M042718,-8.0625,-10.6434,33.1554,23.765,5,7.785877,0.976792,0.008225617,5.550541,1.157968,4.793344,6DC,M042718_152_5
153,M042718,-8.375,-9.22885,33.33999,23.515,4,3.106488,0.9950058,0.002056404,13.0764,1.516547,8.622482,6DC,M042718_153_4
156,M042718,-12.75,-5.65513,29.44352,25.27,2,7.558432,0.9882491,0.01057579,10.15407,1.549484,6.553194,24c,M042718_156_2
002,M050118,-5.875,-15.5324,25.88857,45.8575,2,1.724983,0.9944183,0.02673326,9.556378,1.809036,5.282581,12r,M050118_002_2
005,M050118,-9.375,-12.01399,25.1788,45.7825,3,3.71381,0.9856052,0.006169213,9.59784,1.777758,5.398844,11ml,M050118_005_3
008,M050118,-6.4375,-8.97461,29.79331,46.0075,3,0.2308107,0.9997062,0,22.39108,1.920275,11.66035,46d,M050118_008_3
010,M050118,-7.75,-16.96932,24.73848,44.525,2,1.050617,0.9944183,0,21.11375,2.752918,7.669589,12r,M050118_010_2
010,M050118,-7.75,-16.96932,24.73848,44.525,3,1.48129,0.9900118,0.01380729,12.71154,1.43284,8.871568,12r,M050118_010_3
010,M050118,-7.75,-16.96932,24.73848,44.525,4,9.089949,1,0.2082844,3.824033,4.011685,0.9532237,12r,M050118_010_4
011,M050118,-6.875,-15.96754,26.51046,44.495,2,3.297462,0.9823737,0.004994125,11.16518,1.524765,7.322556,46v,M050118_011_2
011,M050118,-6.875,-15.96754,26.51046,44.495,3,5.191254,0.9682726,0.01733255,9.284664,1.484593,6.254012,46v,M050118_011_3
011,M050118,-6.875,-15.96754,26.51046,44.495,4,4.754737,0.9682726,0.007931845,9.311459,1.483645,6.276068,46v,M050118_011_4
016,M050118,-10.5,-8.93434,26.83711,44.5205,3,13.09263,0.9800235,0.008813161,6.42033,1.175796,5.460412,46v,M050118_016_3
016,M050118,-10.5,-8.93434,26.83711,44.5205,5,1.036232,0.9888366,0.01351351,9.984468,1.807772,5.523078,46v,M050118_016_5
016,M050118,-10.5,-8.93434,26.83711,44.5205,6,0.3336075,0.9955934,0.0005875441,29.22283,2.236946,13.06371,46v,M050118_016_6
017,M050118,-7.75,-18.952,24.03174,42.911,2,5.603463,0.9512339,0.02291422,8.568935,1.650141,5.19285,12l,M050118_017_2
018,M050118,-7.125,-17.85412,25.95299,43.1135,3,10.8911,1,0.00146886,17.69587,1.966318,8.999497,12l,M050118_018_3
018,M050118,-7.125,-17.85412,25.95299,43.1135,5,4.248329,0.9914806,0.03936545,9.035067,1.012123,8.926844,12l,M050118_018_5
022,M050118,-12,-12.62851,24.93078,43.1585,2,3.817511,0.9820799,0.01556992,6.262015,1.240422,5.048293,11ml,M050118_022_2
023,M050118,-11.0625,-11.31174,26.29424,43.241,1,9.633514,0.9720917,0.0126322,5.483919,1.127547,4.863585,46v,M050118_023_1
023,M050118,-11.0625,-11.31174,26.29424,43.241,4,5.634513,0.9694477,0.02144536,9.312266,2.352073,3.959174,46v,M050118_023_4
025,M050118,-8.5,-8.5999,29.84428,43.3,3,3.353383,0.9976498,0.00293772,12.6863,2.010298,6.310658,46df,M050118_025_3
032,M050118,-12.5,-11.34757,25.43366,41.948,3,9.803909,0.9941245,0.005287896,7.848443,1.30777,6.001395,46v,M050118_032_3
035,M050118,-9,-20.23953,22.84236,40.423,3,0.5521995,0.9952996,0.0005875441,12.12643,1.817783,6.670999,45,M050118_035_3
036,M050118,-8.75,-18.75302,24.82958,40.5255,4,3.841417,0.9905993,0.02878966,9.030647,1.857178,4.862564,45,M050118_036_4
039,M050118,-11.25,-14.56967,25.78621,40.608,1,1.769342,0.9914806,0.002643948,10.20447,2.007622,5.082863,46v,M050118_039_1
039,M050118,-11.25,-14.56967,25.78621,40.608,6,0.6830059,0.9988249,0.001762632,24.68319,2.302246,10.72135,46v,M050118_039_6
044,M050118,-9,-7.24545,30.58495,40.6125,3,7.092526,0.9923619,0.01880141,10.31407,1.466381,7.033689,8B,M050118_044_3
045,M050118,-7.625,-20.8059,24.24776,39.215,4,1.104316,0.9800235,0.0440658,9.288627,1.157866,8.022192,45,M050118_045_4
045,M050118,-7.625,-20.8059,24.24776,39.215,5,5.253429,0.9732667,0.02115159,7.76667,1.514471,5.128307,45,M050118_045_5
045,M050118,-7.625,-20.8059,24.24776,39.215,6,2.028873,0.9773796,0.004700352,11.866,1.710303,6.937954,45,M050118_045_6
053,M050118,-13.375,-8.96668,26.50888,39.145,5,3.941064,0.9756169,0.02967098,5.102958,1.341846,3.802938,46df,M050118_053_5
054,M050118,-20.1875,-8.0879,20.0614,39.145,4,1.071204,0.9985312,0.001175088,7.965734,1.629455,4.888587,13m,M050118_054_4
055,M050118,-8,-20.92204,24.10896,38.004,2,5.613241,0.949765,0.03907168,6.989965,1.559732,4.481516,45,M050118_055_2
055,M050118,-8,-20.92204,24.10896,38.004,5,0.458697,0.9920682,0.006169213,12.74292,1.603192,7.948469,45,M050118_055_5
061,M050118,-14.5,-11.89755,24.37614,37.9085,2,2.001589,0.9856052,0.07021151,8.11477,1.495657,5.425554,46v,M050118_061_2
065,M050118,-10,-6.3756,30.86676,37.554,2,0.2685924,1,0.0005875441,25.13672,2.509958,10.0148,6DR,M050118_065_2
066,M050118,-8.25,-21.08328,23.69732,36.583,3,0.9959822,0.9873678,0.006169213,10.13493,1.309553,7.739228,8A,M050118_066_3
066,M050118,-8.25,-21.08328,23.69732,36.583,5,2.786186,0.9873678,0.02232667,9.099195,1.621896,5.61022,8A,M050118_066_5
072,M050118,-12.8125,-11.97711,26.72455,36.2335,5,3.600906,0.9811986,0.01204465,8.086849,1.511371,5.35067,46d,M050118_072_5
078,M050118,-8.6875,-20.0022,25.33148,35.28,3,12.2375,0.9988249,0.01086957,13.00517,1.052088,12.36129,8A,M050118_078_3
080,M050118,-9.5625,-16.76897,27.04997,35.3425,1,19.03675,0.9430082,0.07726204,6.522554,1.777783,3.668925,46d,M050118_080_1
088,M050118,-14.625,-5.32779,26.59891,33.4575,1,4.303999,0.9976498,0.01880141,10.99195,1.793938,6.127277,24c,M050118_088_1
092,M050118,-10.875,-17.31475,25.92425,33.9105,2,2.890806,0.9256757,0.0008813161,10.84189,1.639036,6.614796,46v,M050118_092_2
097,M050118,-13.25,-9.2596,27.50692,33.431,4,4.098995,0.9952996,0.01086957,8.533263,2.136651,3.993757,8B,M050118_097_4
097,M050118,-13.25,-9.2596,27.50692,33.431,5,0.3172414,0.9952996,0.0005875441,15.21117,1.586486,9.587963,8B,M050118_097_5
100,M050118,-8.75,-4.69454,32.92606,32.2945,1,5.154902,0.9847239,0.02056404,7.882681,2.289103,3.443567,6DR,M050118_100_1
101,M050118,-8,-21.72212,24.81526,32.6665,2,13.42033,0.9991187,0.01410106,9.775451,1.258414,7.768073,46v,M050118_101_2
108,M050118,-14.5,-9.88265,26.0812,28.405,3,2.476926,0.9964747,0.01116334,13.56843,2.042117,6.644294,6DR,M050118_108_3
113,M050118,-8.125,-3.73824,33.79902,30.852,3,0.9962861,0.9955934,0.01086957,9.575589,1.201498,7.969707,6DR,M050118_113_3
114,M050118,-11.375,-21.00608,22.6538,31.007,3,6.948748,0.980611,0.03113984,7.800413,1.440233,5.416078,45,M050118_114_3
115,M050118,-16.25,-16.5002,20.5078,26.937,3,7.93503,0.987074,0.02408931,8.666926,1.549877,5.592008,6DC,M050118_115_3
115,M050118,-16.25,-16.5002,20.5078,26.937,4,3.610358,0.987074,0.02173913,11.37917,1.241753,9.163798,6DC,M050118_115_4
117,M050118,-11.875,-14.14724,26.70813,27.5245,4,5.666558,0.9944183,0.007638073,8.587377,1.250793,6.865547,6DC,M050118_117_4
117,M050118,-11.875,-14.14724,26.70813,27.5245,5,1.035277,0.9735605,0.01556992,3.997964,1.057089,3.782051,6DC,M050118_117_5
125,M050118,-8.625,-3.863,33.48168,29.583,1,8.189324,0.9923619,0.1269095,9.43914,1.314798,7.179155,6DR,M050118_125_1
134,M050118,-9.5,-6.70605,32.32408,28.2325,3,0.3365594,0.9941245,0.02173913,11.54805,1.972696,5.853942,6DR,M050118_134_3
135,M050118,-8.875,-5.46247,33.18523,27.8295,1,0.1922264,0.993537,0.005287896,10.26068,2.384522,4.303033,6DR,M050118_135_1
136,M050118,-9.375,-4.41,33.2024,27.832,2,4.367274,0.9800235,0.04230317,7.07153,1.249868,5.657823,6DR,M050118_136_2
136,M050118,-9.375,-4.41,33.2024,27.832,3,1.714242,0.9967685,0.005875441,15.54212,1.582713,9.819919,6DR,M050118_136_3
139,M050118,-12.125,-14.4704,26.9165,24.773,5,1.079369,0.9988249,0.001175088,15.7219,1.563133,10.05794,6DC,M050118_139_5
139,M050118,-12.125,-14.4704,26.9165,24.773,6,2.265974,0.9917744,0.05493537,7.903689,1.347309,5.866278,6DC,M050118_139_6
144,M050118,-8,-7.51144,33.52482,26.5041,3,1.496732,0.9929495,0.005287896,9.431723,1.443845,6.532365,6DC,M050118_144_3
146,M050118,-7,-5.359,35.21182,26.4745,2,20.29707,0.9762045,0.1245593,7.037019,1.121344,6.275524,6DC,M050118_146_2
147,M050118,-7.125,-4.2085,35.50357,26.4745,7,8.821221,0.956228,0.03819036,5.58572,1.099829,5.078719,6DC,M050118_147_7
147,M050118,-7.125,-4.2085,35.50357,26.4745,8,1.098328,0.9911869,0.00293772,3.966002,1.078628,3.676895,6DC,M050118_147_8
147,M050118,-7.125,-4.2085,35.50357,26.4745,9,4.919929,0.9856052,0.004700352,10.30882,1.274515,8.088425,6DC,M050118_147_9
152,M050118,-8.0625,-10.6434,33.1554,23.765,1,17.14994,0.9773796,0.009694478,7.365074,1.052605,6.996994,6DC,M050118_152_1
152,M050118,-8.0625,-10.6434,33.1554,23.765,3,24.95963,0.9629847,0.04289072,7.666365,0.9752339,7.861053,6DC,M050118_152_3
152,M050118,-8.0625,-10.6434,33.1554,23.765,6,9.06136,0.9192127,0.02467685,3.803201,1.048232,3.628206,6DC,M050118_152_6
002,M050218,-5.9375,-15.5256,25.78658,45.85,2,2.09999,0.9679788,0.01909518,11.22329,1.916357,5.856575,12r,M050218_002_2
005,M050218,-9.375,-12.01399,25.1788,45.7825,1,2.16501,0.9603408,0.01351351,8.763101,1.750394,5.006359,11ml,M050218_005_1
005,M050218,-9.375,-12.01399,25.1788,45.7825,2,0.07997739,0.9523321,0.002621723,18.87503,2.003536,9.420859,11ml,M050218_005_2
008,M050218,-6.4375,-8.97461,29.79331,46.0075,3,0.4256917,0.9997062,0.001762632,17.3513,1.841762,9.421036,46d,M050218_008_3
010,M050218,-7.75,-16.96932,24.73848,44.525,3,1.226977,0.9920682,0.007931845,12.56016,1.842769,6.815917,12r,M050218_010_3
010,M050218,-7.75,-16.96932,24.73848,44.525,4,0.3446565,0.9967685,0,24.10689,3.220813,7.484721,12r,M050218_010_4
011,M050218,-6.875,-15.96754,26.51046,44.495,3,6.751758,0.9911869,0.03642773,9.910235,1.64899,6.009883,46v,M050218_011_3
012,M050218,-9.375,-14.94124,24.89884,44.415,4,1.161536,0.9944183,0.005875441,11.22547,2.38868,4.699446,12r,M050218_012_4
016,M050218,-10.5,-8.93434,26.83711,44.5205,2,0.8740464,0.9811986,0.004406581,11.27258,1.50948,7.467857,46v,M050218_016_2
016,M050218,-10.5,-8.93434,26.83711,44.5205,3,0.7899027,0.9811986,0.004700352,16.52148,1.83648,8.996275,46v,M050218_016_3
016,M050218,-10.5,-8.93434,26.83711,44.5205,6,1.139524,0.9958872,0,24.1273,2.382788,10.12566,46v,M050218_016_6
017,M050218,-7.75,-18.952,24.03174,42.911,2,3.625381,0.9574031,0.007050529,6.300197,1.552023,4.059346,12l,M050218_017_2
017,M050218,-7.75,-18.952,24.03174,42.911,4,5.26008,0.9574031,0.03613396,8.919765,1.593952,5.596005,12l,M050218_017_4
018,M050218,-7.125,-17.85412,25.95299,43.1135,1,3.245476,0.9086369,0.01498237,8.990505,1.036027,8.677865,12l,M050218_018_1
018,M050218,-7.125,-17.85412,25.95299,43.1135,6,9.066206,0.9994125,0.003231492,16.67824,1.965591,8.485105,12l,M050218_018_6
023,M050218,-11.0625,-11.31174,26.29424,43.241,2,11.15545,0.9856052,0.01204465,5.992126,1.011237,5.925541,46v,M050218_023_2
023,M050218,-11.0625,-11.31174,26.29424,43.241,4,8.636292,0.9609283,0.01938896,8.64842,2.152802,4.017286,46v,M050218_023_4
025,M050218,-8.5,-8.5999,29.84428,43.3,1,3.285153,0.9574031,0.009400705,9.73144,1.666857,5.838197,46df,M050218_025_1
032,M050218,-12.5,-11.34757,25.43366,41.948,3,4.478203,0.9920682,0.002643948,5.926528,1.232859,4.807143,46v,M050218_032_3
036,M050218,-8.75,-18.75302,24.82958,40.5255,3,5.2879,0.9911869,0.03789659,9.495853,1.859942,5.105456,45,M050218_036_3
037,M050218,-14.46875,-17.56784,20.70792,40.383,1,4.747412,0.993537,0.008519389,7.481975,1.997812,3.745085,12o,M050218_037_1
039,M050218,-11.25,-14.56967,25.78621,40.608,3,3.35115,0.9726792,0.0293772,10.75489,1.943348,5.534208,46v,M050218_039_3
039,M050218,-11.25,-14.56967,25.78621,40.608,4,0.349787,0.9726792,0.002350176,15.2587,1.597713,9.550337,46v,M050218_039_4
042,M050218,-10.125,-9.90952,28.77588,40.69,4,5.525303,0.9932432,0.004406581,8.116555,2.119205,3.830001,46df,M050218_042_4
044,M050218,-9,-7.24545,30.58495,40.6125,3,6.499434,0.9814923,0.05199765,7.210151,1.391499,5.181571,8B,M050218_044_3
045,M050218,-7.625,-20.8059,24.24776,39.215,2,4.041279,0.9882491,0.01968273,10.78127,1.26088,8.550591,45,M050218_045_2
045,M050218,-7.625,-20.8059,24.24776,39.215,3,5.152153,0.9723854,0.007638073,9.359236,1.539822,6.078127,45,M050218_045_3
045,M050218,-7.625,-20.8059,24.24776,39.215,5,0.1813291,0.9982374,0.0005875441,22.11071,2.120354,10.42784,45,M050218_045_5
055,M050218,-8,-20.92204,24.10896,38.004,2,10.99331,0.9788484,0.03231492,7.091512,1.563912,4.534471,45,M050218_055_2
065,M050218,-10,-6.3756,30.86676,37.554,4,1.05029,0.9976498,0.004994125,13.24362,2.565411,5.162378,6DR,M050218_065_4
066,M050218,-8.75,-21.10024,23.23756,36.573,2,0.6781837,0.9976498,0.004112808,10.92857,1.734411,6.301026,8A,M050218_066_2
067,M050218,-9.375,-19.91475,24.2555,36.588,5,1.120993,0.9988249,0.001762632,13.17967,1.583758,8.321769,8A,M050218_067_5
068,M050218,-16.6875,-18.51105,18.54595,36.488,2,6.853765,0.9873678,0.04054054,6.805626,1.064938,6.390632,AI,M050218_068_2
072,M050218,-12.8125,-11.97711,26.72455,36.2335,4,0.3154324,0.9826674,0.001175088,12.89043,1.909552,6.750499,46d,M050218_072_4
077,M050218,-9.25,-21.3928,23.276,35.245,3,2.705156,0.9926557,0.0252644,9.210417,1.486831,6.194664,45,M050218_077_3
078,M050218,-8.6875,-20.0022,25.33148,35.28,1,9.89502,0.9994125,0,14.73005,1.248427,11.79889,8A,M050218_078_1
080,M050218,-9.5625,-16.76897,27.04997,35.3425,2,14.93132,0.9838426,0.01380729,4.552538,0.9787355,4.651449,46d,M050218_080_2
080,M050218,-9.5625,-16.76897,27.04997,35.3425,6,16.34606,0.9950058,0.05023502,9.184465,1.26305,7.271658,46d,M050218_080_6
088,M050218,-14.75,-5.32779,26.59891,33.4575,3,2.00133,0.9732667,0.03965922,8.016038,1.961549,4.086586,24c,M050218_088_3
091,M050218,-13.625,-19.0922,21.72276,33.967,5,1.283798,0.9911869,0.003231492,5.329212,1.306907,4.077729,44,M050218_091_5
097,M050218,-13.25,-9.2596,27.50692,33.431,3,3.48099,0.9888366,0.1213278,7.849125,1.290271,6.083316,8B,M050218_097_3
101,M050218,-8,-21.72212,24.81526,32.6665,2,12.55677,1,0.0252644,10.36767,1.238851,8.368779,46v,M050218_101_2
106,M050218,-11.625,-12.52236,27.881,29.04,4,0.5458466,1,0.00146886,17.03957,1.76443,9.657264,6DR,M050218_106_4
109,M050218,-13.375,-10.31179,27.26315,32.1405,3,11.37237,0.9955934,0.056698,10.25094,1.073075,9.552865,8B,M050218_109_3
109,M050218,-13.375,-10.31179,27.26315,32.1405,4,11.45536,0.9952996,0.009988249,7.247279,1.031112,7.028602,8B,M050218_109_4
110,M050218,-10.75,-7.17798,30.37305,30.88,2,0.1805913,0.9985312,0.003525264,13.29067,2.700275,4.921968,6DR,M050218_110_2
110,M050218,-10.75,-7.17798,30.37305,30.88,3,0.6859231,0.9997062,0,8.820767,1.463681,6.026429,6DR,M050218_110_3
113,M050218,-8.625,-3.77672,33.17356,30.847,2,7.207342,0.9859985,0.008813161,7.388639,1.085209,6.808494,6DR,M050218_113_2
113,M050218,-8.625,-3.77672,33.17356,30.847,5,11.19098,0.9992631,0.004112808,14.43542,1.330506,10.84957,6DR,M050218_113_5
113,M050218,-8.625,-3.77672,33.17356,30.847,6,3.476354,0.9801032,0.01586369,6.87914,1.140323,6.032626,6DR,M050218_113_6
116,M050218,-15.75,-15.16645,22.00058,26.997,3,0.5444971,1,0.001762632,21.69639,1.795715,12.08231,6DC,M050218_116_3
117,M050218,-11.875,-14.14724,26.70813,27.5245,1,12.78123,1,0.003231492,16.20803,1.383535,11.71494,6DC,M050218_117_1
117,M050218,-11.875,-14.14724,26.70813,27.5245,6,0.9702392,0.9914806,0.02350176,6.471143,1.249851,5.177534,6DC,M050218_117_6
124,M050218,-14.875,-5.32276,27.11684,29.533,3,4.039115,0.9894242,0.01351351,10.44814,2.161136,4.834558,24c,M050218_124_3
125,M050218,-8.625,-3.863,33.48168,29.583,1,7.222531,0.9923619,0.004406581,11.43753,1.633686,7.00106,6DR,M050218_125_1
125,M050218,-8.625,-3.863,33.48168,29.583,4,18.06636,0.989718,0.01909518,7.735992,0.9820138,7.877682,6DR,M050218_125_4
128,M050218,-10.375,-14.27686,27.97446,26.341,4,9.923323,0.9861927,0.05346651,8.969346,1.539084,5.827716,6DC,M050218_128_4
134,M050218,-9.5,-6.70605,32.32408,28.2325,2,3.850455,0.980611,0.03025852,7.784379,1.571674,4.952922,6DR,M050218_134_2
138,M050218,-9.125,-15.90852,28.69981,25.333,3,16.18505,0.9715041,0.01439483,5.9732,1.136595,5.255343,6DC,M050218_138_3
140,M050218,-10.125,-13.17525,29.40775,24.973,2,0.2914996,0.9926557,0.03936545,9.608145,1.866713,5.147093,6DC,M050218_140_2
140,M050218,-10.125,-13.17525,29.40775,24.973,6,0.6743767,0.9932432,0.0005875441,17.60218,1.739135,10.12123,6DC,M050218_140_6
140,M050218,-10.125,-13.17525,29.40775,24.973,7,0.3128633,0.9926557,0.001175088,15.06258,1.920322,7.843779,6DC,M050218_140_7
146,M050218,-7,-5.359,35.21182,26.4745,3,1.421468,0.987074,0.004406581,10.8673,1.950554,5.571391,6DC,M050218_146_3
147,M050218,-7.125,-4.2085,35.50357,26.4745,7,4.633377,0.9421269,0.0126322,8.291477,1.377662,6.018514,6DC,M050218_147_7
147,M050218,-7.125,-4.2085,35.50357,26.4745,8,1.822517,0.9988249,0.000293772,7.352424,1.506129,4.881669,6DC,M050218_147_8
149,M050218,-11.875,-14.67858,27.41206,23.365,2,26.93053,0.9679788,0.01968273,8.043766,1.401997,5.737364,6DC,M050218_149_2
152,M050218,-8.1875,-10.6434,33.1554,23.765,2,15.19418,0.9970623,0.00146886,12.0389,1.384213,8.697289,6DC,M050218_152_2
152,M050218,-8.1875,-10.6434,33.1554,23.765,3,21.27473,0.9773796,0.03172738,6.867385,0.955758,7.185277,6DC,M050218_152_3
002,M050318,-5.9375,-15.5256,25.78658,45.85,4,0.6677567,0.9867803,0.001175088,11.49907,2.349898,4.893435,12r,M050318_002_4
002,M050318,-5.9375,-15.5256,25.78658,45.85,5,0.3117645,0.9994125,0.0005875441,24.32792,2.165655,11.23352,12r,M050318_002_5
005,M050318,-9.5,-12.00996,25.0392,45.775,2,4.040354,0.9612221,0.02467685,10.45003,1.894767,5.515207,11ml,M050318_005_2
006,M050318,-11.125,-10.7116,24.1548,45.76,4,2.355786,0.9685664,0.004112808,9.667832,1.585922,6.096031,11ml,M050318_006_4
008,M050318,-6.4375,-8.97461,29.79331,46.0075,3,0.4130268,0.9967685,0.009694478,14.06642,1.731261,8.124958,46d,M050318_008_3
010,M050318,-7.75,-16.96932,24.73848,44.525,2,1.562481,0.9803173,0.01410106,11.58669,1.775735,6.525009,12r,M050318_010_2
011,M050318,-6.875,-15.96754,26.51046,44.495,3,6.228559,0.9826674,0.02820211,7.546542,1.431202,5.272871,46v,M050318_011_3
013,M050318,-10.6875,-13.88252,24.41,44.405,2,1.208123,0.9706228,0.01351351,10.83217,1.473241,7.352612,11ml,M050318_013_2
013,M050318,-10.6875,-13.88252,24.41,44.405,4,1.073331,0.9706228,0.007344301,10.13143,1.997584,5.071844,11ml,M050318_013_4
016,M050318,-10.5,-8.93434,26.83711,44.5205,3,2.521284,0.9952996,0.01086957,12.26804,1.490198,8.232491,46v,M050318_016_3
016,M050318,-10.5,-8.93434,26.83711,44.5205,4,0.4089039,0.9973561,0,18.15637,1.944023,9.339583,46v,M050318_016_4
017,M050318,-7.75,-18.952,24.03174,42.911,2,4.282173,0.9773796,0.02408931,10.57844,1.621298,6.524677,12l,M050318_017_2
017,M050318,-7.75,-18.952,24.03174,42.911,4,3.682609,0.9773796,0.001175088,9.881965,1.584982,6.23475,12l,M050318_017_4
018,M050318,-7.125,-17.85412,25.95299,43.1135,1,6.535943,0.9747356,0.01674501,10.07477,1.12127,8.985139,12l,M050318_018_1
018,M050318,-7.125,-17.85412,25.95299,43.1135,5,20.98969,0.9988249,0.002350176,13.99209,1.528358,9.15498,12l,M050318_018_5
023,M050318,-11.0625,-11.31174,26.29424,43.241,5,1.80384,0.9809048,0.002056404,12.88367,2.41505,5.334742,46v,M050318_023_5
024,M050318,-10.3125,-9.96264,27.549,43.306,2,18.69967,0.9571093,0.04112808,4.512352,0.9668238,4.667192,46v,M050318_024_2
024,M050318,-10.3125,-9.96264,27.549,43.306,4,2.696201,0.9694477,0.01204465,11.22397,1.564561,7.173878,46v,M050318_024_4
025,M050318,-8.5,-8.5999,29.84428,43.3,3,2.507107,0.9903055,0.008225617,7.880172,2.425992,3.248227,46df,M050318_025_3
032,M050318,-12.5,-11.34757,25.43366,41.948,3,2.708347,0.9932432,0.01145711,9.143132,1.821845,5.018611,46v,M050318_032_3
032,M050318,-12.5,-11.34757,25.43366,41.948,4,3.682599,0.9829612,0.01498237,4.892434,1.111777,4.400552,46v,M050318_032_4
033,M050318,-12.25,-10.08474,26.26376,41.853,2,12.49229,0.989718,0.006169213,7.273649,1.261899,5.764049,46v,M050318_033_2
036,M050318,-8.75,-18.75302,24.82958,40.5255,3,7.042138,0.9876616,0.03172738,7.759346,1.680281,4.617887,45,M050318_036_3
045,M050318,-7.625,-20.8059,24.24776,39.215,3,4.81439,0.9800235,0.006756757,10.24088,1.536783,6.663847,45,M050318_045_3
045,M050318,-7.625,-20.8059,24.24776,39.215,4,0.2048245,0.9947121,0.004406581,21.02003,2.278104,9.226985,45,M050318_045_4
048,M050318,-15.25,-16.25738,21.04643,39.0725,4,4.042645,0.9753231,0.03701528,6.087198,1.969929,3.09006,13l,M050318_048_4
054,M050318,-20.3125,-8.0879,20.0614,39.145,3,6.969524,0.9876616,0.01204465,6.611784,1.426199,4.635948,13m,M050318_054_3
054,M050318,-20.3125,-8.0879,20.0614,39.145,4,3.562144,0.9929495,0.04435958,7.903563,1.585658,4.984406,13m,M050318_054_4
055,M050318,-8.25,-20.92968,23.88832,37.999,3,1.673268,1,0,14.70116,2.136087,6.882288,45,M050318_055_3
065,M050318,-10,-6.3756,30.86676,37.554,4,0.6878898,0.9773796,0.01351351,8.970128,1.660553,5.401891,6DR,M050318_065_4
066,M050318,-9.125,-21.1172,22.7778,36.563,3,3.678754,0.979436,0.00293772,8.129764,1.677706,4.845763,8A,M050318_066_3
072,M050318,-12.8125,-11.97711,26.72455,36.2335,2,0.2773468,0.9518214,0.004700352,13.01863,1.845825,7.053016,46d,M050318_072_2
078,M050318,-8.6875,-20.0022,25.33148,35.28,1,10.44244,0.9597532,0.04553467,8.638864,1.501798,5.752348,8A,M050318_078_1
088,M050318,-14.75,-5.32779,26.59891,33.4575,3,6.373903,0.9679788,0.05757932,6.757081,1.18441,5.705018,24c,M050318_088_3
092,M050318,-10.875,-17.31475,25.92425,33.9105,3,4.568274,0.987074,0.03936545,7.617534,1.984959,3.837629,46v,M050318_092_3
097,M050318,-13.375,-9.2709,27.19318,33.4385,3,0.5215412,0.9877551,0.009988249,10.66018,2.343987,4.547885,8B,M050318_097_3
110,M050318,-11,-7.17798,30.37305,30.88,3,0.7839847,0.9744418,0.004406581,10.74088,2.298327,4.673345,6DR,M050318_110_3
113,M050318,-8.625,-3.77672,33.17356,30.847,2,20.0232,0.960047,0.02673326,6.251346,1.108564,5.63914,6DR,M050318_113_2
113,M050318,-8.625,-3.77672,33.17356,30.847,3,0.5374469,0.996181,0.004994125,14.7858,1.584345,9.332438,6DR,M050318_113_3
115,M050318,-16.5,-16.47673,20.10872,26.877,3,15.82081,0.9782609,0.02467685,7.613713,1.241019,6.135051,6DC,M050318_115_3
115,M050318,-16.5,-16.47673,20.10872,26.877,6,7.670128,0.9923619,0.007050529,16.23472,1.501499,10.81234,6DC,M050318_115_6
116,M050318,-15.75,-15.16645,22.00058,26.997,3,6.516301,0.9715041,0.006169213,6.093821,1.146232,5.316392,6DC,M050318_116_3
116,M050318,-15.75,-15.16645,22.00058,26.997,4,0.7223706,0.9944183,0.009400705,10.46104,2.040471,5.126776,6DC,M050318_116_4
117,M050318,-11.875,-14.14724,26.70813,27.5245,2,5.361677,0.9879553,0.01527615,6.288604,1.09318,5.75258,6DC,M050318_117_2
117,M050318,-11.875,-14.14724,26.70813,27.5245,4,1.889132,0.9905993,0.1139835,9.144002,1.695471,5.393192,6DC,M050318_117_4
128,M050318,-10.375,-14.27686,27.97446,26.341,3,7.182605,0.9521152,0.1204465,6.325381,1.161505,5.445852,6DC,M050318_128_3
139,M050318,-12.375,-14.45558,26.52145,24.7205,3,1.051175,0.9982374,0.003819037,14.79006,1.68282,8.788852,6DC,M050318_139_3
146,M050318,-7.25,-5.372,34.90416,26.477,1,17.18813,0.9952996,0.0126322,9.05278,1.00622,8.996819,6DC,M050318_146_1
146,M050318,-7.25,-5.372,34.90416,26.477,2,0.2734773,0.9976498,0.001175088,11.30864,1.462611,7.731821,6DC,M050318_146_2
147,M050318,-7.25,-4.228,35.19916,26.477,1,13.38328,0.9920682,0.004700352,7.488863,1.293025,5.791737,6DC,M050318_147_1
149,M050318,-11.875,-14.67858,27.41206,23.365,3,5.114684,0.9850176,0.03349001,8.445442,1.50782,5.601096,6DC,M050318_149_3
150,M050318,-13.5,-13.23795,26.75707,23.165,2,0.2607012,0.9979436,0.002643948,14.15059,2.630131,5.380184,6DC,M050318_150_2
152,M050318,-8.1875,-10.6434,33.1554,23.765,2,17.13824,0.9309636,0.01938896,5.822186,1.095815,5.313112,6DC,M050318_152_2
153,M050318,-8.75,-9.2307,32.94518,23.465,3,4.68747,0.9926557,0.01498237,9.280852,1.417781,6.546041,6DC,M050318_153_3
156,M050318,-12.75,-5.65513,29.44352,25.27,1,10.5855,0.9474148,0.01145711,5.315513,1.055113,5.037863,24c,M050318_156_1
002,M050418,-5.9375,-15.5256,25.78658,45.85,3,0.7088492,0.9766181,0.003525264,9.18647,2.080494,4.415524,12r,M050418_002_3
002,M050418,-5.9375,-15.5256,25.78658,45.85,5,0.2233164,0.9841363,0.003231492,14.91632,2.200049,6.779994,12r,M050418_002_5
003,M050418,-6.875,-14.57816,25.72512,45.865,4,1.226158,0.9967685,0.01909518,11.47202,1.90896,6.009567,12r,M050418_003_4
004,M050418,-8.375,-13.50372,25.06908,45.8425,4,2.9884,0.9988249,0.001175088,7.162363,2.596803,2.758147,11ml,M050418_004_4
005,M050418,-9.5,-12.00996,25.0392,45.775,3,1.362174,0.9591657,0.05611046,9.201899,1.48254,6.206848,11ml,M050418_005_3
007,M050418,-9.8125,-9.9986,26.085,45.8725,3,7.715493,0.9976498,0.00146886,10.12567,1.573458,6.435296,46v,M050418_007_3
008,M050418,-6.4375,-8.97461,29.79331,46.0075,3,1.429691,0.979436,0.006756757,8.26969,1.826933,4.526541,46d,M050418_008_3
010,M050418,-7.75,-16.96932,24.73848,44.525,2,1.233522,0.9929495,0.009694478,14.21847,1.694265,8.392119,12r,M050418_010_2
010,M050418,-7.75,-16.96932,24.73848,44.525,4,2.241487,0.9929495,0.007050529,12.64429,1.90201,6.647855,12r,M050418_010_4
011,M050418,-6.875,-15.96754,26.51046,44.495,3,3.757396,0.9797297,0.02996475,7.009639,1.415702,4.951352,46v,M050418_011_3
012,M050418,-9.5,-14.94426,24.74916,44.405,3,8.241756,0.9744418,0.02820211,7.892068,1.657222,4.762229,12r,M050418_012_3
016,M050418,-10.5,-8.93434,26.83711,44.5205,4,0.5140498,0.9964747,0.01086957,14.45662,1.933228,7.477971,46v,M050418_016_4
017,M050418,-7.75,-18.952,24.03174,42.911,4,4.237663,0.976792,0.003819037,7.082522,1.521302,4.655568,12l,M050418_017_4
018,M050418,-7.125,-17.85412,25.95299,43.1135,1,19.37784,1,0.005581669,16.40919,1.692405,9.695783,12l,M050418_018_1
023,M050418,-11.0625,-11.31174,26.29424,43.241,2,25.00313,0.976792,0.0472973,6.000411,1.089817,5.505887,46v,M050418_023_2
023,M050418,-11.0625,-11.31174,26.29424,43.241,4,0.4024333,0.960047,0.002056404,12.59199,1.599579,7.872066,46v,M050418_023_4
024,M050418,-10.3125,-9.96264,27.549,43.306,2,19.24988,0.9994125,0,11.02677,1.489518,7.402912,46v,M050418_024_2
024,M050418,-10.3125,-9.96264,27.549,43.306,7,1.63773,0.9888366,0.009988249,8.047148,1.627165,4.945503,46v,M050418_024_7
025,M050418,-8.75,-8.61255,29.65996,43.2975,5,0.06440425,0.9564326,0.001025115,13.60474,2.065236,6.587499,46df,M050418_025_5
033,M050418,-12.5,-10.09527,26.05398,41.848,3,4.375705,0.9717979,0.01821387,7.679379,1.572821,4.882551,46v,M050418_033_3
033,M050418,-12.5,-10.09527,26.05398,41.848,4,3.006675,0.9950058,0.004994125,7.890683,1.201946,6.564922,46v,M050418_033_4
033,M050418,-12.5,-10.09527,26.05398,41.848,5,0.5963399,0.9929495,0.005581669,13.53212,1.688938,8.012204,46v,M050418_033_5
033,M050418,-12.5,-10.09527,26.05398,41.848,6,0.3177304,0.9938308,0.001175088,20.6587,1.787897,11.55475,46v,M050418_033_6
034,M050418,-12.125,-8.74042,26.77946,41.988,4,0.3866276,0.9967685,0.007931845,8.05731,1.889934,4.263275,46v,M050418_034_4
035,M050418,-9.5,-20.24951,22.45612,40.403,2,15.77843,0.9294947,0.01498237,7.753174,1.899294,4.082135,45,M050418_035_2
042,M050418,-10.75,-9.93218,28.31342,40.685,3,4.514767,0.9811986,0.01615746,6.013423,2.225807,2.701682,46df,M050418_042_3
042,M050418,-10.75,-9.93218,28.31342,40.685,4,0.07383473,0.9668142,0,13.03929,3.059115,4.262437,46df,M050418_042_4
045,M050418,-7.625,-20.8059,24.24776,39.215,3,4.03532,0.9635723,0.003231492,7.554465,1.476639,5.115985,45,M050418_045_3
045,M050418,-7.625,-20.8059,24.24776,39.215,5,0.1464746,0.9738543,0,20.68132,2.039335,10.14121,45,M050418_045_5
045,M050418,-7.625,-20.8059,24.24776,39.215,7,0.7027383,0.9958872,0.006462985,15.20494,2.798977,5.43232,45,M050418_045_7
055,M050418,-8.25,-20.92968,23.88832,37.999,3,1.664285,0.9991187,0.003819037,9.00982,2.039642,4.417355,45,M050418_055_3
065,M050418,-10,-6.3756,30.86676,37.554,3,1.457096,0.9982374,0.0005875441,14.95186,1.42068,10.52444,6DR,M050418_065_3
066,M050418,-9.375,-21.12568,22.54792,36.558,4,0.1277261,0.9885429,0.0008813161,5.929918,1.3342,4.444549,8A,M050418_066_4
067,M050418,-9.625,-19.9264,23.9896,36.583,5,1.874145,0.9914806,0.007344301,12.71426,1.467012,8.666776,8A,M050418_067_5
067,M050418,-9.625,-19.9264,23.9896,36.583,6,2.442919,0.9914806,0.001762632,18.34397,1.822139,10.06728,8A,M050418_067_6
080,M050418,-9.8125,-16.78184,26.73984,35.34,1,12.19018,0.9797297,0.01674501,4.179779,0.9537442,4.382494,46d,M050418_080_1
080,M050418,-9.8125,-16.78184,26.73984,35.34,3,18.81962,0.9867803,0.04553467,7.980773,1.395141,5.720406,46d,M050418_080_3
091,M050418,-14.25,-19.1228,21.10234,33.962,4,1.654151,0.9891304,0.05552291,9.545956,1.410856,6.766074,44,M050418_091_4
097,M050418,-13.625,-9.2709,27.19318,33.4385,2,22.60086,0.9788484,0.01145711,5.512335,1.116524,4.937049,8B,M050418_097_2
097,M050418,-13.625,-9.2709,27.19318,33.4385,6,7.222101,0.9900118,0.01145711,9.031113,2.089034,4.323104,8B,M050418_097_6
108,M050418,-14.875,-9.88144,25.67612,28.34,3,0.2929002,0.9967685,0.01909518,13.17134,1.573494,8.370762,6DR,M050418_108_3
109,M050418,-13.625,-10.33598,26.9403,32.153,2,4.739891,0.9945205,0.006169213,7.715796,1.115214,6.918669,8B,M050418_109_2
110,M050418,-11.375,-7.18762,29.81495,30.87,5,0.8472539,0.9844301,0.01175088,8.092705,1.695949,4.771785,6DR,M050418_110_5
113,M050418,-8.625,-3.77672,33.17356,30.847,6,0.9919398,0.9991187,0.0008813161,14.08325,1.508803,9.334059,6DR,M050418_113_6
117,M050418,-11.875,-14.14724,26.70813,27.5245,3,0.9197341,0.9994125,0.003231492,17.94224,1.755226,10.22218,6DC,M050418_117_3
119,M050418,-17.25,-11.36806,22.82824,26.712,3,2.537162,0.9963415,0.01116334,11.99965,1.369502,8.762053,pu,M050418_119_3
119,M050418,-17.25,-11.36806,22.82824,26.712,4,0.1104914,0.9963415,0.00152439,19.98883,2.406101,8.307562,pu,M050418_119_4
135,M050418,-8.875,-5.46247,33.18523,27.8295,2,1.811569,0.9967685,0.009106933,14.04178,1.851424,7.584315,6DR,M050418_135_2
135,M050418,-8.875,-5.46247,33.18523,27.8295,3,4.739172,0.974148,0.03877791,4.870681,1.166367,4.175942,6DR,M050418_135_3
139,M050418,-12.5,-14.45558,26.52145,24.7205,2,0.3570546,0.9465335,0,16.1074,1.707144,9.435294,6DC,M050418_139_2
146,M050418,-7.25,-5.372,34.90416,26.477,3,1.432792,0.9976498,0.00146886,15.17719,1.78085,8.522443,6DC,M050418_146_3
147,M050418,-7.375,-4.228,35.19916,26.477,1,14.2549,0.9988249,0,13.59098,1.566083,8.678326,6DC,M050418_147_1
152,M050418,-8.1875,-10.6434,33.1554,23.765,5,0.1287801,0.9982374,0,12.41668,1.883546,6.592183,6DC,M050418_152_5
002,M050718,-6,-15.5188,25.68459,45.8425,4,0.3809961,1,0.003525264,14.17326,2.561971,5.53217,12r,M050718_002_4
003,M050718,-6.875,-14.57816,25.72512,45.865,3,1.480053,0.8874853,0.03907168,9.431806,1.650561,5.714302,12r,M050718_003_3
007,M050718,-9.8125,-9.9986,26.085,45.8725,1,8.384758,0.9997062,0.002350176,10.69993,1.425368,7.506787,46v,M050718_007_1
008,M050718,-6.6875,-8.97914,29.61894,46,3,0.4206154,0.993959,0.02115159,10.8619,2.777401,3.910814,46d,M050718_008_3
008,M050718,-6.6875,-8.97914,29.61894,46,4,0.08888298,0.993959,0.002013693,12.25629,2.096559,5.845905,46d,M050718_008_4
013,M050718,-10.8125,-13.88655,24.2835,44.3975,1,1.962934,0.956228,0.009400705,8.655953,1.136423,7.616841,11ml,M050718_013_1
013,M050718,-10.8125,-13.88655,24.2835,44.3975,2,1.72854,0.956228,0.03055229,10.02725,1.389708,7.215365,11ml,M050718_013_2
016,M050718,-10.5,-8.93434,26.83711,44.5205,1,4.851787,0.9779671,0.006756757,8.851997,1.692821,5.229141,46v,M050718_016_1
018,M050718,-7.125,-17.85412,25.95299,43.1135,5,1.314314,1,0.007931845,14.41643,1.766038,8.163149,12l,M050718_018_5
018,M050718,-7.125,-17.85412,25.95299,43.1135,6,8.157722,0.9659224,0.02702703,3.960896,1.055818,3.751497,12l,M050718_018_6
024,M050718,-10.3125,-9.96264,27.549,43.306,3,1.620642,0.9944183,0.01938896,9.282204,1.343189,6.910571,46v,M050718_024_3
025,M050718,-8.75,-8.61255,29.65996,43.2975,2,1.750184,0.9800235,0.06169213,6.558236,1.172021,5.595665,46df,M050718_025_2
025,M050718,-8.75,-8.61255,29.65996,43.2975,8,1.559744,1,0.001762632,15.60653,1.84488,8.459374,46df,M050718_025_8
034,M050718,-12.25,-8.74042,26.77946,41.988,2,2.3024,0.9891304,0.01674501,8.879048,3.845691,2.30883,46v,M050718_034_2
036,M050718,-8.75,-18.75302,24.82958,40.5255,1,20.49694,0.9700353,0.01145711,7.241738,1.59228,4.54803,45,M050718_036_1
045,M050718,-7.625,-20.8059,24.24776,39.215,2,5.725917,0.9826674,0.005581669,12.07486,1.229444,9.821406,45,M050718_045_2
045,M050718,-7.625,-20.8059,24.24776,39.215,4,5.856431,0.9621034,0.01233843,7.135193,1.714959,4.160562,45,M050718_045_4
045,M050718,-7.625,-20.8059,24.24776,39.215,5,0.5148732,1,0,33.43414,2.619159,12.76522,45,M050718_045_5
051,M050718,-16.5,-11.6268,22.1828,39.325,4,1.374867,0.9844301,0.01703878,10.76903,1.815796,5.930751,13m,M050718_051_4
054,M050718,-20.5625,-8.10487,19.77372,39.145,3,0.4700915,0.9994125,0.001762632,18.23432,3.861052,4.722631,13m,M050718_054_3
065,M050718,-10,-6.3756,30.86676,37.554,3,5.200907,1,0,10.68199,1.468209,7.275523,6DR,M050718_065_3
067,M050718,-9.625,-19.9264,23.9896,36.583,2,1.315258,0.9941245,0.005875441,7.235368,1.813745,3.989187,8A,M050718_067_2
080,M050718,-9.8125,-16.78184,26.73984,35.34,4,23.74774,0.9268507,0.04641598,5.581277,1.30386,4.280579,46d,M050718_080_4
080,M050718,-9.8125,-16.78184,26.73984,35.34,8,12.04491,0.9209753,0.01057579,6.886643,1.127466,6.108069,46d,M050718_080_8
090,M050718,-13.25,-20.87173,20.58188,33.9495,2,13.32139,0.9750293,0.008519389,8.369142,1.577261,5.306124,45,M050718_090_2
092,M050718,-11.625,-17.34525,25.30015,33.9055,2,2.042029,0.9920682,0.01175088,9.777212,1.382427,7.072496,46v,M050718_092_2
100,M050718,-9.5,-4.72658,32.28162,32.2795,2,2.919392,0.9785547,0.04024677,6.412261,1.833668,3.496958,6DR,M050718_100_2
101,M050718,-8.5,-21.74524,24.22602,32.6615,1,7.948796,0.9668038,0.01380729,8.411989,1.192192,7.055902,46v,M050718_101_1
101,M050718,-8.5,-21.74524,24.22602,32.6615,3,16.50251,0.9738543,0.03231492,8.72284,1.114493,7.826733,46v,M050718_101_3
106,M050718,-12.375,-12.5006,27.066,28.905,1,7.478652,0.985899,0.005581669,16.06835,1.589623,10.10828,6DR,M050718_106_1
106,M050718,-12.375,-12.5006,27.066,28.905,2,0.9077767,0.985899,0.00293772,14.43771,1.287587,11.21299,6DR,M050718_106_2
109,M050718,-13.625,-10.33598,26.9403,32.153,2,5.387183,0.9952996,0.004112808,11.70434,1.408232,8.311371,8B,M050718_109_2
109,M050718,-13.625,-10.33598,26.9403,32.153,4,3.4156,0.9952996,0.004994125,10.09567,1.164704,8.668014,8B,M050718_109_4
113,M050718,-8.625,-3.77672,33.17356,30.847,3,4.072648,0.9829612,0.05141011,6.733629,1.203758,5.593837,6DR,M050718_113_3
113,M050718,-8.625,-3.77672,33.17356,30.847,4,1.110749,0.9964747,0.007344301,13.73695,1.372918,10.00566,6DR,M050718_113_4
128,M050718,-10.625,-14.27686,27.97446,26.341,2,9.058181,0.9609283,0.1180964,6.541536,1.220915,5.357898,6DC,M050718_128_2
140,M050718,-10.75,-13.16494,29.00238,24.918,2,0.0407749,0.9984627,0.005380476,15.77686,1.507652,10.46452,6DC,M050718_140_2
146,M050718,-7.25,-5.372,34.90416,26.477,4,2.389975,0.9929495,0.007931845,11.96778,1.712965,6.986588,6DC,M050718_146_4
146,M050718,-7.25,-5.372,34.90416,26.477,6,0.1999361,0.9929495,0.005581669,20.5725,2.42368,8.488124,6DC,M050718_146_6
147,M050718,-7.375,-4.228,35.19916,26.477,4,13.21015,0.987074,0.02027027,6.730182,1.392569,4.832924,6DC,M050718_147_4
152,M050718,-8.1875,-10.6434,33.1554,23.765,3,16.80138,0.979436,0.08754407,7.881704,1.112146,7.086932,6DC,M050718_152_3
157,M050718,-11.625,-4.49282,30.89313,25.0925,3,4.861635,0.974148,0.005287896,7.890491,2.227724,3.541952,24c,M050718_157_3
003,M050818,-6.875,-14.57816,25.72512,45.865,3,1.575336,0.9917744,0.01880141,10.20643,1.964082,5.196542,12r,M050818_003_3
006,M050818,-11.3125,-10.70858,23.99504,45.7525,5,2.04455,0.9732667,0.01938896,8.209862,1.37734,5.960663,11ml,M050818_006_5
006,M050818,-11.3125,-10.70858,23.99504,45.7525,7,4.18145,0.9715041,0.008813161,5.068441,0.963295,5.261567,11ml,M050818_006_7
007,M050818,-9.8125,-9.9986,26.085,45.8725,3,6.982555,0.9973561,0.004994125,9.487285,1.563039,6.069769,46v,M050818_007_3
008,M050818,-6.6875,-8.97914,29.61894,46,5,1.261011,0.9982374,0.007638073,15.06086,1.579261,9.536649,46d,M050818_008_5
010,M050818,-7.75,-16.96932,24.73848,44.525,4,0.3074993,0.9952996,0.005581669,17.39752,2.483059,7.006489,12r,M050818_010_4
012,M050818,-9.625,-14.94728,24.59948,44.395,3,2.456441,0.9462397,0.00293772,10.77521,1.380175,7.807137,12r,M050818_012_3
013,M050818,-10.9375,-13.89058,24.157,44.39,3,3.304949,0.9779671,0.01498237,9.34848,2.002202,4.669099,11ml,M050818_013_3
018,M050818,-7.125,-17.85412,25.95299,43.1135,2,0.2687576,0.9970623,0.002643948,11.87641,1.645932,7.215613,12l,M050818_018_2
018,M050818,-7.125,-17.85412,25.95299,43.1135,3,1.029395,0.9685664,0.003525264,9.378499,1.492509,6.283713,12l,M050818_018_3
018,M050818,-7.125,-17.85412,25.95299,43.1135,8,2.286063,0.9923619,0.00146886,17.28454,2.624629,6.585515,12l,M050818_018_8
024,M050818,-10.3125,-9.96264,27.549,43.306,3,3.721693,0.9923619,0.006756757,8.153287,1.109696,7.347316,46v,M050818_024_3
024,M050818,-10.3125,-9.96264,27.549,43.306,4,0.6660824,0.985899,0.04054054,9.689959,1.983816,4.884504,46v,M050818_024_4
025,M050818,-8.75,-8.61255,29.65996,43.2975,4,0.9915568,0.9904762,0.003819037,12.95835,1.523338,8.506545,46df,M050818_025_4
025,M050818,-8.75,-8.61255,29.65996,43.2975,7,0.07712639,0.9904762,0,22.6174,2.066202,10.94636,46df,M050818_025_7
025,M050818,-8.75,-8.61255,29.65996,43.2975,8,1.713363,0.9941245,0.03819036,7.349244,1.194172,6.154257,46df,M050818_025_8
033,M050818,-12.75,-10.11633,25.63442,41.838,2,12.35852,0.9380141,0.03907168,6.200934,1.452612,4.268816,46v,M050818_033_2
033,M050818,-12.75,-10.11633,25.63442,41.838,4,1.319955,0.9738543,0.02144536,13.63002,4.395938,3.100594,46v,M050818_033_4
036,M050818,-8.75,-18.75302,24.82958,40.5255,2,20.34258,0.9518214,0.01615746,7.460174,1.573493,4.741153,45,M050818_036_2
045,M050818,-7.625,-20.8059,24.24776,39.215,4,9.202678,0.987074,0.0199765,9.423668,1.377135,6.842949,45,M050818_045_4
045,M050818,-7.625,-20.8059,24.24776,39.215,5,0.3678109,0.9964747,0.006756757,15.62464,1.67756,9.31391,45,M050818_045_5
048,M050818,-16.25,-16.2854,20.2394,39.05,4,0.5531045,0.9882491,0.009694478,9.102782,2.804027,3.246325,13l,M050818_048_4
051,M050818,-16.75,-11.63614,21.94604,39.3225,3,1.406253,0.9538778,0.02379553,10.4307,1.679593,6.210257,13m,M050818_051_3
065,M050818,-10,-6.3756,30.86676,37.554,2,7.429152,0.9994125,0.001175088,11.06891,1.48017,7.478139,6DR,M050818_065_2
065,M050818,-10,-6.3756,30.86676,37.554,5,8.299946,0.9776734,0.05699177,8.059764,1.270146,6.345541,6DR,M050818_065_5
066,M050818,-10.375,-21.1596,21.6284,36.538,4,1.097326,0.9814923,0.002350176,10.42359,1.548333,6.732136,45,M050818_066_4
066,M050818,-10.375,-21.1596,21.6284,36.538,5,0.4597253,0.9814923,0.009988249,13.03588,1.817568,7.172155,45,M050818_066_5
068,M050818,-17.8125,-18.56189,17.33831,36.468,3,0.2960681,0.9895338,0.003819037,7.408109,1.966568,3.767024,AI,M050818_068_3
069,M050818,-16.25,-16.5728,20.02751,36.6305,3,1.20755,1,0.00293772,11.59445,1.992862,5.81799,AI,M050818_069_3
080,M050818,-9.8125,-16.78184,26.73984,35.34,4,16.63536,0.9532902,0.06786134,8.216585,1.451359,5.661304,46d,M050818_080_4
091,M050818,-14.875,-19.1534,20.48192,33.957,2,18.5723,0.9973649,0.005581669,12.0097,1.61697,7.42729,44,M050818_091_2
101,M050818,-8.5,-21.74524,24.22602,32.6615,4,9.699394,0.9941245,0.03113984,10.90965,1.095767,9.956171,46v,M050818_101_4
104,M050818,-17.875,-14.9986,19.86644,28.07,3,13.82875,0.9988249,0.01792009,9.276441,1.300762,7.131542,6VaVb,M050818_104_3
106,M050818,-12.375,-12.5006,27.066,28.905,3,0.3626212,0.9947121,0.02849589,9.699955,1.787862,5.425448,6DR,M050818_106_3
109,M050818,-13.625,-10.33598,26.9403,32.153,5,9.999636,0.9388954,0.03613396,4.269216,0.9905903,4.30977,8B,M050818_109_5
113,M050818,-8.625,-3.77672,33.17356,30.847,2,10.81115,0.9612221,0.02761457,5.876392,1.421713,4.133317,6DR,M050818_113_2
118,M050818,-18.25,-12.59692,21.33304,26.587,3,18.54904,0.9929495,0.006756757,9.453615,1.420912,6.653203,pu,M050818_118_3
118,M050818,-18.25,-12.59692,21.33304,26.587,5,3.195167,0.9982374,0.02027027,12.19613,1.413894,8.62591,pu,M050818_118_5
119,M050818,-18,-11.35492,22.01968,26.587,1,32.28334,0.9547591,0.004112808,9.004816,1.238322,7.271791,pu,M050818_119_1
119,M050818,-18,-11.35492,22.01968,26.587,5,5.606967,0.9756169,0.09782609,7.812324,1.280481,6.101083,pu,M050818_119_5
119,M050818,-18,-11.35492,22.01968,26.587,7,6.67473,0.934195,0.01703878,6.31705,1.16725,5.411907,pu,M050818_119_7
125,M050818,-10.25,-3.9555,31.92948,29.5705,3,7.154221,0.9588719,0.03613396,6.686756,1.572442,4.252465,24c,M050818_125_3
134,M050818,-10.125,-6.72715,31.70544,28.2275,3,7.112464,0.9920682,0.004994125,6.587942,1.32425,4.974848,6DR,M050818_134_3
139,M050818,-12.75,-14.44076,26.1264,24.668,3,0.7942014,0.9902724,0.001175088,15.92941,1.542534,10.32678,6DC,M050818_139_3
147,M050818,-7.5,-4.2475,34.89475,26.4795,4,10.24552,0.9576969,0.004994125,5.323176,1.161392,4.583443,6DC,M050818_147_4
152,M050818,-8.1875,-10.6434,33.1554,23.765,4,2.688601,0.9861927,0.002643948,6.964345,1.304038,5.3406,6DC,M050818_152_4
157,M050818,-11.625,-4.49282,30.89313,25.0925,4,0.8781061,0.996181,0.003819037,15.05945,1.894873,7.947473,24c,M050818_157_4
002,M050918,-6,-15.5188,25.68459,45.8425,4,0.4369556,0.985899,0.009988249,11.34657,1.253324,9.053184,12r,M050918_002_4
003,M050918,-6.875,-14.57816,25.72512,45.865,1,0.886364,0.9967685,0.02643948,11.74936,2.088033,5.627002,12r,M050918_003_1
005,M050918,-9.53125,-12.00996,25.0392,45.775,3,3.240462,0.9735605,0.02173913,8.854636,1.296214,6.831152,11ml,M050918_005_3
006,M050918,-11.3125,-10.70858,23.99504,45.7525,3,11.78659,0.9826674,0.02027027,6.100476,1.05756,5.768444,11ml,M050918_006_3
006,M050918,-11.3125,-10.70858,23.99504,45.7525,6,3.12982,0.9976498,0.001175088,10.66096,1.547259,6.89022,11ml,M050918_006_6
007,M050918,-9.84375,-9.9986,26.085,45.8725,2,6.770198,0.9944183,0.01880141,9.065804,1.624755,5.579797,46v,M050918_007_2
008,M050918,-6.6875,-8.97914,29.61894,46,2,0.249283,0.9973561,0.003525264,13.95766,1.77267,7.873806,46d,M050918_008_2
010,M050918,-7.75,-16.96932,24.73848,44.525,2,0.4255894,0.9629847,0.008225617,10.52567,1.912498,5.503623,12r,M050918_010_2
010,M050918,-7.75,-16.96932,24.73848,44.525,3,0.8363481,0.9306698,0.01645123,15.51059,2.444919,6.344009,12r,M050918_010_3
012,M050918,-9.625,-14.94728,24.59948,44.395,3,3.238476,0.9867803,0.03642773,9.336279,1.27983,7.294934,12r,M050918_012_3
013,M050918,-10.9375,-13.89058,24.157,44.39,3,5.936283,0.9803173,0.0273208,9.004627,2.317021,3.886296,11ml,M050918_013_3
017,M050918,-7.75,-18.952,24.03174,42.911,3,5.912143,0.9668038,0.01321974,7.657378,1.693646,4.52124,12l,M050918_017_3
018,M050918,-7.125,-17.85412,25.95299,43.1135,3,9.068795,0.9503525,0.03143361,7.21079,2.156158,3.344276,12l,M050918_018_3
018,M050918,-7.125,-17.85412,25.95299,43.1135,4,3.748383,0.9503525,0.01028202,10.99113,2.002617,5.488382,12l,M050918_018_4
024,M050918,-10.3125,-9.96264,27.549,43.306,4,1.163599,0.9976498,0.01674501,10.12098,1.68766,5.997046,46v,M050918_024_4
025,M050918,-8.75,-8.61255,29.65996,43.2975,2,2.581992,0.9853114,0.03055229,7.141123,1.530557,4.665702,46df,M050918_025_2
025,M050918,-8.75,-8.61255,29.65996,43.2975,5,0.1021464,0.9987915,0,27.56119,2.457257,11.21624,46df,M050918_025_5
025,M050918,-8.75,-8.61255,29.65996,43.2975,7,0.105476,0.996181,0,14.72943,2.321175,6.345677,46df,M050918_025_7
033,M050918,-12.75,-10.11633,25.63442,41.838,2,10.73888,0.9838426,0.009400705,8.592692,1.28818,6.670412,46v,M050918_033_2
033,M050918,-12.75,-10.11633,25.63442,41.838,5,1.758616,0.9879553,0.02643948,11.00119,2.287771,4.808694,46v,M050918_033_5
036,M050918,-8.75,-18.75302,24.82958,40.5255,2,11.21214,0.9682726,0.04142186,8.418705,1.82293,4.618227,45,M050918_036_2
045,M050918,-7.625,-20.8059,24.24776,39.215,2,11.76264,0.9576969,0.08901293,8.115325,1.539797,5.270386,45,M050918_045_2
055,M050918,-9.125,-20.96024,23.00576,37.979,3,3.969687,0.979436,0.04553467,7.90207,1.607115,4.916929,45,M050918_055_3
065,M050918,-10,-6.3756,30.86676,37.554,2,6.066239,0.9797297,0.002643948,6.689905,2.005827,3.335236,6DR,M050918_065_2
065,M050918,-10,-6.3756,30.86676,37.554,3,7.815653,1,0.01645123,7.430751,1.150351,6.459552,6DR,M050918_065_3
066,M050918,-10.5,-21.16808,21.39852,36.533,3,0.6416059,0.9891304,0.02232667,8.398009,2.446336,3.432893,45,M050918_066_3
067,M050918,-10,-19.9497,23.4578,36.573,2,5.023789,0.9908931,0.01909518,9.326044,1.799613,5.182251,8A,M050918_067_2
072,M050918,-13.3125,-12.00253,26.10165,36.2385,3,1.353996,0.9994125,0.002350176,14.66147,1.422261,10.30857,46d,M050918_072_3
080,M050918,-9.8125,-16.78184,26.73984,35.34,2,10.8876,0.9709166,0.01351351,7.106229,1.321414,5.377744,46d,M050918_080_2
097,M050918,-13.875,-9.2822,26.87944,33.446,1,3.42814,0.9594595,0.02790834,5.874012,1.245986,4.71435,8B,M050918_097_1
097,M050918,-13.875,-9.2822,26.87944,33.446,5,0.5195087,1,0.001762632,15.90642,1.475948,10.77709,8B,M050918_097_5
101,M050918,-8.5,-21.74524,24.22602,32.6615,1,10.5036,0.9991187,0.06316099,10.62743,1.065432,9.974763,46v,M050918_101_1
104,M050918,-17.875,-14.9986,19.86644,28.07,1,11.95324,0.9967685,0.006169213,9.329402,1.364141,6.839031,6VaVb,M050918_104_1
106,M050918,-12.375,-12.5006,27.066,28.905,3,0.3702009,0.9988249,0.04553467,11.49511,1.402179,8.198034,6DR,M050918_106_3
109,M050918,-13.625,-10.33598,26.9403,32.153,3,1.911949,0.9929495,0.004112808,10.63842,1.71815,6.191787,8B,M050918_109_3
116,M050918,-16.75,-15.12755,21.20302,26.877,3,2.409736,0.9814923,0.03760282,8.627287,1.622139,5.318463,6DC,M050918_116_3
116,M050918,-16.75,-15.12755,21.20302,26.877,4,0.5643776,0.9814923,0.009988249,11.84402,1.361181,8.701283,6DC,M050918_116_4
118,M050918,-18.25,-12.59692,21.33304,26.587,1,9.233911,0.9453584,0.03113984,4.183376,0.8443615,4.954484,pu,M050918_118_1
118,M050918,-18.25,-12.59692,21.33304,26.587,2,3.70682,0.9950058,0.00146886,32.0144,2.39744,13.35358,pu,M050918_118_2
118,M050918,-18.25,-12.59692,21.33304,26.587,7,0.506223,0.9744418,0.006756757,13.55467,2.61808,5.177332,pu,M050918_118_7
119,M050918,-18,-11.35492,22.01968,26.587,4,0.9417049,0.9970623,0.01116334,14.71742,1.649008,8.925017,pu,M050918_119_4
125,M050918,-10.25,-3.9555,31.92948,29.5705,2,8.742732,0.9547591,0.1786134,6.19685,1.304449,4.750549,24c,M050918_125_2
134,M050918,-10.625,-6.7377,31.39612,28.225,3,5.114822,0.9856052,0.03319624,7.533507,1.187197,6.345623,6DR,M050918_134_3
134,M050918,-10.625,-6.7377,31.39612,28.225,4,0.03767483,1,0,24.19051,2.603917,9.290045,6DR,M050918_134_4
135,M050918,-9.625,-5.49933,32.56897,27.8345,3,7.786955,0.9500588,0.02967098,6.581473,2.065589,3.186244,6DR,M050918_135_3
135,M050918,-9.625,-5.49933,32.56897,27.8345,4,0.6760902,0.9762045,0.005581669,17.10832,1.664294,10.27963,6DR,M050918_135_4
136,M050918,-10.125,-4.4811,32.27534,27.8395,3,0.8292271,0.980611,0.007050529,6.878572,1.209444,5.687386,24c,M050918_136_3
136,M050918,-10.125,-4.4811,32.27534,27.8395,7,4.878439,0.9856052,0.006756757,7.757485,1.181329,6.566747,24c,M050918_136_7
142,M050918,-16.5,-10.4298,24.603,23.898,3,0.9802979,0.9929495,0.09694477,9.057523,2.541504,3.563844,6DC,M050918_142_3
152,M050918,-8.1875,-10.6434,33.1554,23.765,2,1.825944,0.9867803,0.007344301,7.140738,1.236883,5.77317,6DC,M050918_152_2
152,M050918,-8.1875,-10.6434,33.1554,23.765,3,11.3783,0.9659224,0.03084606,5.370335,1.75344,3.062742,6DC,M050918_152_3
153,M050918,-9.375,-9.2344,32.15556,23.365,4,2.957836,0.9979436,0.00146886,12.26818,2.096694,5.851204,6DC,M050918_153_4
156,M050918,-13.75,-5.69392,28.50668,25.285,2,0.8390321,0.9908931,0.003525264,11.66542,3.213477,3.630156,24c,M050918_156_2
003,M051018,-6.875,-14.57816,25.72512,45.865,3,0.636014,0.9905993,0.02056404,11.75824,1.784344,6.589674,12r,M051018_003_3
004,M051018,-8.5,-13.50372,25.06908,45.8425,4,2.638635,0.9941245,0.03877791,8.62193,1.623696,5.310063,11ml,M051018_004_4
006,M051018,-11.3125,-10.70858,23.99504,45.7525,1,5.754773,0.9709166,0.005581669,4.692094,1.034498,4.535624,11ml,M051018_006_1
007,M051018,-9.84375,-9.9986,26.085,45.8725,2,9.244574,0.9591657,0.01615746,7.618592,1.505667,5.059946,46v,M051018_007_2
008,M051018,-6.71875,-8.97914,29.61894,46,3,0.1407814,0.9982374,0.001762632,16.25292,1.933472,8.406082,46d,M051018_008_3
010,M051018,-7.75,-16.96932,24.73848,44.525,3,0.8832629,0.9474148,0.01674501,13.06338,3.32844,3.924776,12r,M051018_010_3
013,M051018,-10.9375,-13.89058,24.157,44.39,3,8.072541,0.9764982,0.01762632,8.793443,2.343173,3.752792,11ml,M051018_013_3
017,M051018,-7.75,-18.952,24.03174,42.911,2,5.282405,0.970329,0.004994125,8.179824,2.042428,4.004951,12l,M051018_017_2
018,M051018,-7.125,-17.85412,25.95299,43.1135,3,3.964764,0.9917744,0.01909518,12.11063,2.142236,5.653265,12l,M051018_018_3
024,M051018,-10.3125,-9.96264,27.549,43.306,3,1.364752,0.9386017,0.02232667,9.172628,1.893986,4.843029,46v,M051018_024_3
024,M051018,-10.3125,-9.96264,27.549,43.306,4,2.35655,0.9973561,0.003819037,8.651165,1.116506,7.748425,46v,M051018_024_4
025,M051018,-8.75,-8.61255,29.65996,43.2975,3,0.4649068,0.9890009,0,25.68338,2.442178,10.51659,46df,M051018_025_3
025,M051018,-8.75,-8.61255,29.65996,43.2975,6,0.2138162,1,0.0008813161,14.34308,2.195724,6.532278,46df,M051018_025_6
033,M051018,-12.75,-10.11633,25.63442,41.838,3,2.263505,0.996181,0.07021151,10.34708,2.0778,4.979828,46v,M051018_033_3
033,M051018,-12.75,-10.11633,25.63442,41.838,4,7.599211,0.9750293,0.03584019,6.341224,1.030656,6.152611,46v,M051018_033_4
036,M051018,-8.75,-18.75302,24.82958,40.5255,2,8.413441,0.9679788,0.04905993,8.437364,1.453552,5.804653,45,M051018_036_2
045,M051018,-7.625,-20.8059,24.24776,39.215,3,4.075459,0.9770858,0.02262045,9.657647,1.641607,5.883044,45,M051018_045_3
065,M051018,-10,-6.3756,30.86676,37.554,2,6.229905,0.9594595,0.02115159,4.758824,1.097432,4.336325,6DR,M051018_065_2
066,M051018,-10.75,-21.17656,21.16864,36.528,1,23.22182,0.9976498,0.008225617,11.12842,1.525615,7.294385,45,M051018_066_1
066,M051018,-10.75,-21.17656,21.16864,36.528,6,2.016629,0.9941245,0.006169213,5.204423,0.9695024,5.368138,45,M051018_066_6
067,M051018,-10,-19.9497,23.4578,36.573,2,8.233631,0.974148,0.1230905,7.14387,1.61086,4.434817,8A,M051018_067_2
069,M051018,-16.5,-16.5728,20.02751,36.6305,1,11.04674,0.9521152,0.08607521,5.004235,1.401692,3.57014,AI,M051018_069_1
072,M051018,-13.3125,-12.00253,26.10165,36.2385,3,4.927836,0.9788484,0.03290247,8.057199,1.630388,4.941891,46d,M051018_072_3
072,M051018,-13.3125,-12.00253,26.10165,36.2385,4,1.301925,0.9926557,0.003525264,14.56225,1.483732,9.814608,46d,M051018_072_4
080,M051018,-9.8125,-16.78184,26.73984,35.34,1,12.30983,0.9773796,0.004112808,10.49668,1.313583,7.990877,46d,M051018_080_1
091,M051018,-14.875,-19.1534,20.48192,33.957,4,2.995071,0.9903055,0.02085781,8.790369,1.6637,5.283627,44,M051018_091_4
091,M051018,-14.875,-19.1534,20.48192,33.957,5,14.52833,0.9941245,0.006462985,9.022505,1.250236,7.216642,44,M051018_091_5
100,M051018,-9.625,-4.7426,31.9594,32.272,2,4.425473,0.9850176,0.05170388,7.558955,1.469767,5.142961,6DR,M051018_100_2
104,M051018,-17.875,-14.9986,19.86644,28.07,2,10.00783,0.9991187,0.01292597,10.79456,1.397373,7.724895,6VaVb,M051018_104_2
106,M051018,-12.375,-12.5006,27.066,28.905,3,0.6342141,0.996181,0.04259694,10.79016,1.362914,7.916975,6DR,M051018_106_3
108,M051018,-15.375,-9.88023,25.27104,28.275,3,2.626746,0.9905993,0.03113984,9.847126,1.828783,5.384523,6DR,M051018_108_3
109,M051018,-13.625,-10.33598,26.9403,32.153,4,4.092058,0.9967685,0.05581669,9.518959,1.590269,5.985754,8B,M051018_109_4
113,M051018,-8.625,-3.77672,33.17356,30.847,3,2.340144,0.9941245,0.01086957,11.09693,1.355728,8.18522,6DR,M051018_113_3
117,M051018,-12.375,-14.1318,26.3021,27.462,2,8.340686,0.9988249,0.006462985,10.45485,1.405791,7.43699,6DC,M051018_117_2
118,M051018,-18.25,-12.59692,21.33304,26.587,3,3.073152,1,0,34.12814,2.819906,12.10258,pu,M051018_118_3
118,M051018,-18.25,-12.59692,21.33304,26.587,4,0.08284802,0.928492,0,42.10664,4.566,9.221777,pu,M051018_118_4
118,M051018,-18.25,-12.59692,21.33304,26.587,5,0.6146116,0.9339013,0.001175088,12.91071,2.577838,5.008348,pu,M051018_118_5
125,M051018,-10.25,-3.9555,31.92948,29.5705,3,5.316219,0.96651,0.04083431,6.931429,1.656967,4.183204,24c,M051018_125_3
134,M051018,-10.625,-6.7377,31.39612,28.225,2,4.908575,0.9239131,0.03055229,5.639747,1.354713,4.163057,6DR,M051018_134_2
134,M051018,-10.625,-6.7377,31.39612,28.225,5,9.812724,0.9932432,0.001762632,8.367518,1.296463,6.45411,6DR,M051018_134_5
136,M051018,-10.125,-4.4811,32.27534,27.8395,1,5.578123,0.9336075,0.02291422,8.55402,1.493373,5.727988,24c,M051018_136_1
136,M051018,-10.125,-4.4811,32.27534,27.8395,4,0.4171708,0.9706228,0.01292597,5.068855,1.283742,3.9485,24c,M051018_136_4
136,M051018,-10.125,-4.4811,32.27534,27.8395,6,0.05658549,0.9728884,0.001042753,18.43056,3.275336,5.627075,24c,M051018_136_6
136,M051018,-10.125,-4.4811,32.27534,27.8395,10,0.4623867,0.9905993,0.005581669,11.52467,2.131807,5.406056,24c,M051018_136_10
140,M051018,-11.5,-13.14432,28.19164,24.808,3,0.6768566,0.9967685,0.01410106,12.20948,1.367232,8.930066,6DC,M051018_140_3
142,M051018,-16.625,-10.4298,24.603,23.898,3,0.8159872,0.9994125,0.03760282,14.06725,1.465821,9.596841,6DC,M051018_142_3
147,M051018,-7.75,-4.2475,34.89475,26.4795,3,12.17591,0.9811986,0.005875441,6.680271,1.029462,6.489092,6DC,M051018_147_3
147,M051018,-7.75,-4.2475,34.89475,26.4795,4,0.2053173,0.9994125,0.03290247,11.53119,2.045626,5.636997,6DC,M051018_147_4
152,M051018,-8.1875,-10.6434,33.1554,23.765,3,10.18011,0.9814923,0.01380729,6.874764,1.204401,5.708038,6DC,M051018_152_3
153,M051018,-9.375,-9.2344,32.15556,23.365,4,3.753367,1,0.0005875441,13.12326,1.634791,8.027482,6DC,M051018_153_4
156,M051018,-13.75,-5.69392,28.50668,25.285,4,0.4167381,0.9982374,0,17.53138,1.82856,9.587531,24c,M051018_156_4
003,M051118,-6.875,-14.57816,25.72512,45.865,3,0.9382414,0.9914806,0.07168037,10.84566,1.773911,6.113983,12r,M051118_003_3
004,M051118,-8.5,-13.50372,25.06908,45.8425,3,2.245082,0.9991187,0.008519389,10.86374,1.652907,6.572505,11ml,M051118_004_3
006,M051118,-11.34375,-10.70858,23.99504,45.7525,3,2.661467,0.970329,0.02967098,3.621437,1.136664,3.186023,11ml,M051118_006_3
007,M051118,-9.84375,-9.9986,26.085,45.8725,1,11.37443,0.9691539,0.07168037,7.308746,1.527241,4.785589,46v,M051118_007_1
008,M051118,-6.71875,-8.97914,29.61894,46,3,0.04268391,0.9798416,0.02087833,10.76291,1.361323,7.906209,46d,M051118_008_3
010,M051118,-7.75,-16.96932,24.73848,44.525,3,0.6195056,0.9926557,0.0005875441,14.20963,2.030822,6.996986,12r,M051118_010_3
010,M051118,-7.75,-16.96932,24.73848,44.525,4,0.5059199,0.9500588,0.01175088,15.27343,1.753516,8.710175,12r,M051118_010_4
011,M051118,-6.90625,-15.96754,26.51046,44.495,1,36.12344,0.9638661,0.05434782,6.124193,1.542195,3.971089,46v,M051118_011_1
013,M051118,-10.9375,-13.89058,24.157,44.39,3,8.057429,0.9876616,0.0252644,8.977646,2.156808,4.162469,11ml,M051118_013_3
014,M051118,-11.375,-11.08952,25.00846,44.48,2,2.061053,0.9706228,0.03760282,7.152504,1.475911,4.846163,11ml,M051118_014_2
014,M051118,-11.375,-11.08952,25.00846,44.48,4,4.512401,0.9712104,0.08960047,9.060634,1.462247,6.196377,11ml,M051118_014_4
014,M051118,-11.375,-11.08952,25.00846,44.48,5,1.247757,0.9988249,0.001762632,17.38426,2.17574,7.990042,11ml,M051118_014_5
017,M051118,-7.75,-18.952,24.03174,42.911,2,4.609473,0.9500588,0.008813161,6.961134,1.695824,4.104868,12l,M051118_017_2
018,M051118,-7.125,-17.85412,25.95299,43.1135,2,2.013081,0.949765,0.000293772,9.022067,1.341199,6.726867,12l,M051118_018_2
018,M051118,-7.125,-17.85412,25.95299,43.1135,6,5.660487,0.9618096,0.01439483,4.932481,1.291835,3.818198,12l,M051118_018_6
024,M051118,-10.3125,-9.96264,27.549,43.306,2,0.2714162,0.9997062,0.001175088,17.96079,1.801436,9.970263,46v,M051118_024_2
033,M051118,-12.75,-10.11633,25.63442,41.838,3,0.9357282,0.9903055,0.007050529,11.16042,1.724839,6.470414,46v,M051118_033_3
036,M051118,-8.75,-18.75302,24.82958,40.5255,2,10.35462,0.987074,0.01292597,9.661463,1.252604,7.713099,45,M051118_036_2
042,M051118,-12.5,-10.02282,26.46358,40.665,3,2.733197,0.9932432,0.01909518,7.994042,1.740847,4.592041,46v,M051118_042_3
042,M051118,-12.5,-10.02282,26.46358,40.665,4,1.898879,0.9970623,0,16.31178,1.348754,12.09396,46v,M051118_042_4
054,M051118,-20.5625,-8.10487,19.77372,39.145,3,0.6066412,0.9991187,0.01321974,12.36277,1.498708,8.248951,13m,M051118_054_3
064,M051118,-20.25,-8.30475,20.47875,37.5815,3,4.624954,0.9803173,0.05052879,7.078191,2.288657,3.092727,13m,M051118_064_3
065,M051118,-10,-6.3756,30.86676,37.554,3,0.1886206,0.9970623,0.005287896,12.63157,1.987055,6.356928,6DR,M051118_065_3
066,M051118,-10.75,-21.17656,21.16864,36.528,3,28.76891,0.9641598,0.06991775,6.590332,1.515196,4.34949,45,M051118_066_3
067,M051118,-10,-19.9497,23.4578,36.573,3,4.51306,0.9747356,0.0220329,8.736483,2.347484,3.721637,8A,M051118_067_3
072,M051118,-13.3125,-12.00253,26.10165,36.2385,3,0.1605083,0.9988249,0.003819037,14.91748,1.837,8.120568,46d,M051118_072_3
078,M051118,-10.0625,-20.0717,23.78603,35.255,3,0.4756488,0.9932432,0.01821387,10.0202,1.397528,7.169944,45,M051118_078_3
079,M051118,-15,-18.57459,20.39669,35.2725,3,5.062308,0.9853114,0.06668625,7.41921,1.437108,5.162599,45,M051118_079_3
080,M051118,-9.8125,-16.78184,26.73984,35.34,3,14.03937,0.9574031,0.03613396,6.817802,1.62461,4.196577,46d,M051118_080_3
090,M051118,-13.75,-20.90019,20.06564,33.9445,3,7.224531,0.9847239,0.01028202,11.04387,1.795089,6.152268,45,M051118_090_3
091,M051118,-14.875,-19.1534,20.48192,33.957,3,0.7704933,0.9938308,0.0005875441,13.60296,1.714986,7.93182,44,M051118_091_3
097,M051118,-13.875,-9.2822,26.87944,33.446,3,3.854512,0.9747356,0.0472973,6.890024,1.692238,4.071545,8B,M051118_097_3
097,M051118,-13.875,-9.2822,26.87944,33.446,6,15.30817,0.9988249,0.03730905,4.402258,1.22543,3.59242,8B,M051118_097_6
100,M051118,-9.625,-4.7426,31.9594,32.272,3,2.994825,0.9952996,0.02291422,13.0581,1.651311,7.907717,6DR,M051118_100_3
104,M051118,-17.875,-14.9986,19.86644,28.07,1,9.662474,0.9421269,0.02173913,8.843647,1.149216,7.695374,6VaVb,M051118_104_1
108,M051118,-15.375,-9.88023,25.27104,28.275,3,2.067727,0.9955934,0.004112808,13.25319,1.7976,7.372712,6DR,M051118_108_3
113,M051118,-8.625,-3.77672,33.17356,30.847,3,2.064358,0.9803173,0.09518214,8.400104,1.739523,4.828969,6DR,M051118_113_3
116,M051118,-16.75,-15.12755,21.20302,26.877,3,1.196054,0.9926557,0.01527615,9.731689,1.253607,7.762953,6DC,M051118_116_3
117,M051118,-12.375,-14.1318,26.3021,27.462,2,20.89204,0.953584,0.07990599,4.67361,0.9816195,4.761122,6DC,M051118_117_2
118,M051118,-18.25,-12.59692,21.33304,26.587,5,1.386872,0.9911869,0.0126322,9.642801,1.330556,7.247195,pu,M051118_118_5
118,M051118,-18.25,-12.59692,21.33304,26.587,6,4.29662,1,0,24.01824,2.398452,10.01406,pu,M051118_118_6
119,M051118,-18,-11.35492,22.01968,26.587,3,1.337859,1,0.005287896,10.57183,1.908514,5.539302,pu,M051118_119_3
123,M051118,-19,-6.4082,22.7046,29.432,3,9.69881,0.985899,0.1166275,7.873532,1.392659,5.653596,cd,M051118_123_3
134,M051118,-10.625,-6.7377,31.39612,28.225,3,4.118526,0.9550529,0.07755582,6.686497,1.404638,4.760299,6DR,M051118_134_3
135,M051118,-9.625,-5.49933,32.56897,27.8345,1,5.05426,0.9864865,0.01439483,10.38256,1.346027,7.713483,6DR,M051118_135_1
136,M051118,-10.125,-4.4811,32.27534,27.8395,3,0.867759,0.9994125,0.02585194,10.10919,1.368154,7.388928,24c,M051118_136_3
136,M051118,-10.125,-4.4811,32.27534,27.8395,8,1.767323,0.9994125,0.01674501,18.63394,2.088237,8.923287,24c,M051118_136_8
140,M051118,-11.5,-13.14432,28.19164,24.808,3,1.63389,0.9932432,0.06492362,7.777477,1.204294,6.458119,6DC,M051118_140_3
144,M051118,-8.75,-7.52132,32.89796,26.5108,3,0.940578,0.9838426,0.03848414,7.130375,1.609421,4.430397,6DC,M051118_144_3
144,M051118,-8.75,-7.52132,32.89796,26.5108,4,0.5374982,0.9838426,0.01880141,10.35334,1.769522,5.850922,6DC,M051118_144_4
146,M051118,-8,-5.398,34.28884,26.482,1,15.53333,0.9980545,0.007931845,8.18219,0.931405,8.784782,6DC,M051118_146_1
146,M051118,-8,-5.398,34.28884,26.482,2,0.03853709,0.9792498,0.006384677,12.25751,3.631281,3.375534,6DC,M051118_146_2
146,M051118,-8,-5.398,34.28884,26.482,5,0.08191016,0.9651071,0.01396161,19.05678,3.695876,5.156229,6DC,M051118_146_5
147,M051118,-7.75,-4.2475,34.89475,26.4795,3,10.46048,0.9312574,0.096651,4.996884,1.002427,4.984785,6DC,M051118_147_3
150,M051118,-14.625,-13.2084,25.55044,23.015,2,0.8752748,0.9994125,0.007638073,12.24203,3.123025,3.919927,6DC,M051118_150_2
153,M051118,-9.5,-9.2344,32.15556,23.365,3,0.845153,0.9988249,0.001175088,14.56124,1.997538,7.289593,6DC,M051118_153_3
004,M051418,-8.5,-13.50372,25.06908,45.8425,3,3.407538,0.9982374,0.01145711,8.316335,1.834178,4.534094,11ml,M051418_004_3
005,M051418,-9.5625,-12.00996,25.0392,45.775,3,1.840058,0.9920682,0,14.05986,1.860783,7.555887,11ml,M051418_005_3
008,M051418,-6.71875,-8.97914,29.61894,46,2,5.606157,0.9547591,0.02497062,5.256305,1.504146,3.494544,46d,M051418_008_2
010,M051418,-7.75,-16.96932,24.73848,44.525,3,0.2842079,0.9841363,0.001175088,13.14349,2.105685,6.241909,12r,M051418_010_3
010,M051418,-7.75,-16.96932,24.73848,44.525,4,1.553948,0.9823737,0.03113984,12.16354,2.179527,5.580817,12r,M051418_010_4
011,M051418,-6.90625,-15.96754,26.51046,44.495,2,9.697841,0.9359577,0.02790834,5.47706,1.336944,4.0967,46v,M051418_011_2
013,M051418,-10.9375,-13.89058,24.157,44.39,2,6.09378,0.9744418,0.005581669,8.296291,1.649317,5.030139,11ml,M051418_013_2
013,M051418,-10.9375,-13.89058,24.157,44.39,4,2.801785,0.9744418,0.004700352,10.58365,1.964897,5.386363,11ml,M051418_013_4
014,M051418,-11.375,-11.08952,25.00846,44.48,2,1.327028,0.9985312,0,17.72374,1.621768,10.92865,11ml,M051418_014_2
017,M051418,-7.75,-18.952,24.03174,42.911,2,1.560529,0.9923619,0.04847239,8.604834,2.028843,4.241252,12l,M051418_017_2
017,M051418,-7.75,-18.952,24.03174,42.911,4,0.3001802,0.9923619,0.005875441,9.009171,1.510794,5.963203,12l,M051418_017_4
018,M051418,-7.125,-17.85412,25.95299,43.1135,3,0.9367139,0.9979436,0.005287896,18.64865,2.083191,8.951962,12l,M051418_018_3
024,M051418,-10.3125,-9.96264,27.549,43.306,2,0.3959725,0.9994125,0.001762632,14.86065,1.442424,10.30256,46v,M051418_024_2
025,M051418,-9.25,-8.6505,29.107,43.29,1,1.694626,0.9753231,0.02144536,7.083572,1.946846,3.638487,46df,M051418_025_1
036,M051418,-8.75,-18.75302,24.82958,40.5255,2,7.758017,0.9923619,0.03877791,6.068273,2.233283,2.717198,45,M051418_036_2
036,M051418,-8.75,-18.75302,24.82958,40.5255,3,5.142663,0.9474148,0.02232667,3.807909,1.071864,3.552603,45,M051418_036_3
045,M051418,-8,-20.821,23.8518,39.2,3,3.654824,0.9903055,0.03084606,7.504385,1.762501,4.257804,45,M051418_045_3
045,M051418,-8,-20.821,23.8518,39.2,4,5.133164,0.9764982,0.01292597,8.544106,1.382044,6.182223,45,M051418_045_4
054,M051418,-20.5625,-8.10487,19.77372,39.145,3,0.1762109,0.9988249,0.00293772,13.39401,1.627417,8.230229,13m,M051418_054_3
065,M051418,-10,-6.3756,30.86676,37.554,2,0.2468915,0.9994125,0.01439483,14.83135,1.790456,8.283561,6DR,M051418_065_2
066,M051418,-10.875,-21.17656,21.16864,36.528,2,19.99227,0.9920682,0.0126322,7.180869,1.236826,5.805883,45,M051418_066_2
066,M051418,-10.875,-21.17656,21.16864,36.528,5,1.971295,0.972973,0.008813161,3.963942,1.318247,3.00698,45,M051418_066_5
069,M051418,-16.5,-16.5728,20.02751,36.6305,4,9.547454,0.9952996,0.009694478,7.394841,1.358777,5.442277,AI,M051418_069_4
071,M051418,-21,-13.50822,17.88585,36.34473,3,1.310371,0.9847239,0.05581669,6.936759,1.527016,4.542689,13l,M051418_071_3
072,M051418,-13.3125,-12.00253,26.10165,36.2385,3,1.374473,0.9947121,0.01762632,11.20704,1.593543,7.032783,46d,M051418_072_3
078,M051418,-10.0625,-20.0717,23.78603,35.255,1,3.32713,0.9988249,0.02438308,11.45083,1.628057,7.033434,45,M051418_078_1
079,M051418,-15,-18.57459,20.39669,35.2725,3,5.216114,0.9982374,0.08901293,11.52309,1.356538,8.494482,45,M051418_079_3
087,M051418,-20.25,-6.7066,20.921,33.19,3,0.3279371,0.9973561,0.003231492,14.52926,2.735731,5.310925,cd,M051418_087_3
090,M051418,-13.75,-20.90019,20.06564,33.9445,3,7.319957,0.9820799,0.01968273,10.56362,1.849008,5.713127,45,M051418_090_3
091,M051418,-14.875,-19.1534,20.48192,33.957,4,0.7837791,0.9814923,0.005875441,3.702366,0.987017,3.751066,44,M051418_091_4
091,M051418,-14.875,-19.1534,20.48192,33.957,5,1.304564,1,0,22.27629,2.055479,10.83752,44,M051418_091_5
097,M051418,-13.875,-9.2822,26.87944,33.446,3,2.191481,0.9791422,0.02643948,8.1198,1.619353,5.014224,8B,M051418_097_3
104,M051418,-17.875,-14.9986,19.86644,28.07,2,12.93265,0.9994125,0.006169213,11.6404,1.164224,9.998419,6VaVb,M051418_104_2
106,M051418,-12.625,-12.48972,26.6585,28.8375,1,7.295557,0.9988249,0.009694478,11.44001,1.320544,8.663104,6DR,M051418_106_1
106,M051418,-12.625,-12.48972,26.6585,28.8375,2,7.454867,0.9911869,0.01556992,6.91137,2.11128,3.273546,6DR,M051418_106_2
114,M051418,-15.125,-21.20166,19.14535,31.0345,3,0.3715797,1,0.00146886,24.04401,2.28442,10.52521,44,M051418_114_3
116,M051418,-16.75,-15.12755,21.20302,26.877,3,3.810435,0.9782609,0.02908343,7.161602,1.394057,5.137237,6DC,M051418_116_3
116,M051418,-16.75,-15.12755,21.20302,26.877,4,0.6359313,0.9782609,0.007050529,10.54226,2.38184,4.426097,6DC,M051418_116_4
117,M051418,-12.375,-14.1318,26.3021,27.462,1,9.77015,0.9685664,0.1210341,6.780866,1.456287,4.656271,6DC,M051418_117_1
118,M051418,-18.25,-12.59692,21.33304,26.587,3,4.662997,0.9997062,0,12.25884,1.570058,7.807887,pu,M051418_118_3
123,M051418,-19,-6.4082,22.7046,29.432,2,4.420251,0.9952996,0.008519389,5.745034,1.753557,3.276218,cd,M051418_123_2
130,M051418,-23.25,-11.424,16.95278,24.501,2,3.039688,0.9791422,0.01439483,7.609661,1.879787,4.04815,pu,M051418_130_2
135,M051418,-9.625,-5.49933,32.56897,27.8345,2,3.608175,0.9988249,0.007050529,13.49771,1.47902,9.126121,6DR,M051418_135_2
136,M051418,-10.125,-4.4811,32.27534,27.8395,2,3.495644,0.9685664,0.02320799,7.104252,1.112557,6.38552,24c,M051418_136_2
136,M051418,-10.125,-4.4811,32.27534,27.8395,4,3.244578,0.9585782,0.11604,9.641761,1.73739,5.549567,24c,M051418_136_4
138,M051418,-10.125,-15.871,27.90675,25.223,1,21.23558,0.9485899,0.1509988,6.573911,1.077301,6.102203,6DC,M051418_138_1
144,M051418,-8.75,-7.52132,32.89796,26.5108,2,4.244198,0.9988249,0.002350176,10.6789,1.416864,7.536995,6DC,M051418_144_2
146,M051418,-8,-5.398,34.28884,26.482,1,16.11192,0.9891304,0.01527615,10.32619,1.466323,7.042233,6DC,M051418_146_1
146,M051418,-8,-5.398,34.28884,26.482,6,13.00353,0.9891304,0.005287896,7.744119,1.137536,6.807801,6DC,M051418_146_6
147,M051418,-7.75,-4.2475,34.89475,26.4795,4,38.55449,0.9853114,0.07461809,7.739489,0.9739949,7.946129,6DC,M051418_147_4
153,M051418,-9.5,-9.2344,32.15556,23.365,3,1.197331,0.993537,0.006169213,10.51506,1.731221,6.073783,6DC,M051418_153_3
157,M051418,-12.25,-4.52854,30.26611,25.1075,1,7.189203,0.979436,0.1045828,6.854622,1.790072,3.829244,24c,M051418_157_1
157,M051418,-12.25,-4.52854,30.26611,25.1075,4,2.202926,0.983255,0.005287896,13.59566,2.743873,4.954917,24c,M051418_157_4
003,M051518,-6.9375,-14.57327,25.60364,45.8575,3,1.572274,0.9911869,0.02144536,8.504717,2.221073,3.829102,12r,M051518_003_3
004,M051518,-8.5,-13.50372,25.06908,45.8425,3,1.957266,0.9982374,0.01792009,9.401497,1.492469,6.299291,11ml,M051518_004_3
005,M051518,-9.5625,-12.00996,25.0392,45.775,2,2.33275,0.9873678,0.004112808,13.08106,1.803077,7.254851,11ml,M051518_005_2
008,M051518,-6.71875,-8.97914,29.61894,46,3,0.9157777,0.9994125,0.002350176,10.27178,1.938148,5.299791,46d,M051518_008_3
010,M051518,-7.75,-16.96932,24.73848,44.525,3,0.4019564,0.9973561,0,13.55398,2.171332,6.242244,12r,M051518_010_3
011,M051518,-6.90625,-15.96754,26.51046,44.495,2,13.10692,0.9477086,0.008813161,9.696396,1.585653,6.11508,46v,M051518_011_2
013,M051518,-10.9375,-13.89058,24.157,44.39,3,2.613206,0.9770858,0.007638073,11.24761,2.000818,5.621505,11ml,M051518_013_3
013,M051518,-10.9375,-13.89058,24.157,44.39,4,2.822327,0.9532902,0.005581669,9.676214,1.915729,5.05093,11ml,M051518_013_4
014,M051518,-11.375,-11.08952,25.00846,44.48,4,0.2269459,1,0.0005875441,20.33304,1.848057,11.00239,11ml,M051518_014_4
017,M051518,-7.75,-18.952,24.03174,42.911,2,0.3179792,0.9982374,0.007050529,11.08823,1.767448,6.27358,12l,M051518_017_2
018,M051518,-7.125,-17.85412,25.95299,43.1135,3,1.428476,0.9967685,0.009106933,19.69552,1.985871,9.917823,12l,M051518_018_3
023,M051518,-11.1875,-11.31174,26.29424,43.241,5,3.876235,0.9477086,0.03965922,7.661936,1.898255,4.036304,46v,M051518_023_5
033,M051518,-14.125,-10.17951,24.37574,41.808,2,16.70564,0.9697415,0.01321974,5.604868,1.050496,5.335452,11ml,M051518_033_2
033,M051518,-14.125,-10.17951,24.37574,41.808,5,4.7943,0.9955934,0.02115159,11.40186,1.307684,8.719126,11ml,M051518_033_5
042,M051518,-13.25,-10.05681,25.76989,40.6575,3,19.53219,0.9800235,0.02379553,7.115595,1.117567,6.367041,46v,M051518_042_3
042,M051518,-13.25,-10.05681,25.76989,40.6575,4,1.645394,0.9579906,0.04289072,7.665337,1.568664,4.886537,46v,M051518_042_4
042,M051518,-13.25,-10.05681,25.76989,40.6575,5,0.276393,0.9944183,0.002350176,20.3776,2.204535,9.243491,46v,M051518_042_5
043,M051518,-14.5,-8.8713,24.9082,40.555,3,2.239002,0.9926557,0.02585194,10.55614,1.308219,8.069095,46v,M051518_043_3
045,M051518,-8,-20.821,23.8518,39.2,2,10.80958,0.9582844,0.1242656,7.348569,1.659723,4.427589,45,M051518_045_2
045,M051518,-8,-20.821,23.8518,39.2,4,0.3193797,1,0.00146886,25.84715,2.628751,9.832483,45,M051518_045_4
065,M051518,-10,-6.3756,30.86676,37.554,3,6.698296,0.9753231,0.03349001,6.882127,1.289612,5.336587,6DR,M051518_065_3
066,M051518,-10.875,-21.17656,21.16864,36.528,3,21.43184,0.9709166,0.02085781,6.131204,1.229929,4.985005,45,M051518_066_3
069,M051518,-16.5,-16.5728,20.02751,36.6305,2,8.425942,0.9873678,0.01233843,5.368854,1.08062,4.968307,AI,M051518_069_2
072,M051518,-13.3125,-12.00253,26.10165,36.2385,4,1.573646,0.9876616,0.03965922,10.38346,1.638304,6.337934,46d,M051518_072_4
078,M051518,-10.0625,-20.0717,23.78603,35.255,1,11.397,0.9606345,0.07843713,6.615649,2.118367,3.122995,45,M051518_078_1
079,M051518,-15,-18.57459,20.39669,35.2725,3,5.527006,0.9747356,0.1028202,8.114527,1.271813,6.380283,45,M051518_079_3
090,M051518,-13.75,-20.90019,20.06564,33.9445,3,5.582749,0.9891304,0.005287896,11.13793,1.898712,5.866049,45,M051518_090_3
091,M051518,-14.875,-19.1534,20.48192,33.957,3,0.2480779,0.980611,0.02144536,12.21443,1.731745,7.053248,44,M051518_091_3
091,M051518,-14.875,-19.1534,20.48192,33.957,4,0.6731124,0.980611,0.002643948,16.0903,1.72227,9.342494,44,M051518_091_4
097,M051518,-13.875,-9.2822,26.87944,33.446,5,9.078275,0.9576969,0.06345476,7.030666,1.833279,3.835022,8B,M051518_097_5
100,M051518,-9.625,-4.7426,31.9594,32.272,4,2.134161,0.9670975,0.08049354,9.032698,1.601973,5.638484,6DR,M051518_100_4
101,M051518,-8.875,-21.7568,23.9314,32.659,2,7.40801,0.9782609,0.04347826,7.950783,1.517714,5.238657,46v,M051518_101_2
104,M051518,-17.875,-14.9986,19.86644,28.07,2,9.461242,0.9979436,0.01586369,10.88527,1.231037,8.842358,6VaVb,M051518_104_2
106,M051518,-12.625,-12.48972,26.6585,28.8375,2,8.387109,0.9885429,0.01175088,11.53033,1.257062,9.172446,6DR,M051518_106_2
106,M051518,-12.625,-12.48972,26.6585,28.8375,3,0.6444014,0.9885429,0.01762632,13.85464,1.703756,8.131819,6DR,M051518_106_3
109,M051518,-13.625,-10.33598,26.9403,32.153,4,0.2419537,0.9982374,0.001762632,15.11155,2.103493,7.184027,8B,M051518_109_4
113,M051518,-8.625,-3.77672,33.17356,30.847,3,1.724126,0.9770858,0.0005875441,16.7243,1.97493,8.468301,6DR,M051518_113_3
113,M051518,-8.625,-3.77672,33.17356,30.847,5,0.30021,0.9994125,0.001175088,29.23103,2.996952,9.753587,6DR,M051518_113_5
114,M051518,-15.125,-21.20166,19.14535,31.0345,3,0.3892429,1,0.001175088,22.82315,2.031035,11.23721,44,M051518_114_3
116,M051518,-16.75,-15.12755,21.20302,26.877,2,9.10493,0.9623972,0.05846063,6.903591,1.487854,4.639966,6DC,M051518_116_2
118,M051518,-18.25,-12.59692,21.33304,26.587,3,5.305553,0.9926557,0.004112808,11.69765,1.516944,7.711331,pu,M051518_118_3
119,M051518,-18.125,-11.35492,22.01968,26.587,1,3.996158,0.970329,0.03554641,7.818408,1.572107,4.973203,pu,M051518_119_1
123,M051518,-19,-6.4082,22.7046,29.432,3,2.61039,0.9850176,0.01645123,5.064491,1.606774,3.151962,cd,M051518_123_3
133,M051518,-10.75,-7.6282,30.7455,28.3015,3,0.4982533,0.9976498,0.01498237,10.5063,1.681589,6.247843,6DR,M051518_133_3
134,M051518,-10.75,-6.74825,31.0868,28.2225,3,10.81745,0.987074,0.006169213,5.247729,1.318648,3.979629,6DR,M051518_134_3
134,M051518,-10.75,-6.74825,31.0868,28.2225,4,0.3909639,0.9900118,0.004994125,11.32866,1.562854,7.248703,6DR,M051518_134_4
134,M051518,-10.75,-6.74825,31.0868,28.2225,6,1.69158,0.993808,0.02614571,7.761424,1.827497,4.247023,6DR,M051518_134_6
135,M051518,-9.625,-5.49933,32.56897,27.8345,4,3.091293,0.9853114,0.01028202,13.86393,1.55972,8.888729,6DR,M051518_135_4
135,M051518,-9.625,-5.49933,32.56897,27.8345,5,0.5880374,0.9853114,0.006756757,9.168466,1.440921,6.362922,6DR,M051518_135_5
136,M051518,-10.125,-4.4811,32.27534,27.8395,1,3.310034,0.9867803,0.00146886,20.11362,2.256382,8.914102,24c,M051518_136_1
136,M051518,-10.125,-4.4811,32.27534,27.8395,5,6.674054,0.9074618,0.02614571,3.95865,1.244884,3.179936,24c,M051518_136_5
136,M051518,-10.125,-4.4811,32.27534,27.8395,7,2.248384,0.9944183,0.01321974,11.49028,1.464333,7.84677,24c,M051518_136_7
136,M051518,-10.125,-4.4811,32.27534,27.8395,9,2.951633,0.9835488,0.004112808,6.725679,1.071405,6.277441,24c,M051518_136_9
140,M051518,-11.75,-13.13401,27.78627,24.753,3,0.5790817,0.9994125,0.001175088,12.53795,1.478237,8.481694,6DC,M051518_140_3
144,M051518,-8.75,-7.52132,32.89796,26.5108,3,1.973953,0.9994125,0.001762632,12.59332,1.528878,8.236968,6DC,M051518_144_3
146,M051518,-8,-5.398,34.28884,26.482,1,9.758434,0.9876616,0.007638073,9.840333,1.166536,8.435514,6DC,M051518_146_1
146,M051518,-8,-5.398,34.28884,26.482,3,13.06916,0.9876616,0.005287896,9.433933,1.749725,5.391667,6DC,M051518_146_3
147,M051518,-7.75,-4.2475,34.89475,26.4795,1,11.78059,0.9315511,0.01057579,4.001001,0.6709558,5.963136,6DC,M051518_147_1
147,M051518,-7.75,-4.2475,34.89475,26.4795,2,37.12033,0.9863747,0.03055229,7.59961,0.9732828,7.808225,6DC,M051518_147_2
147,M051518,-7.75,-4.2475,34.89475,26.4795,8,3.714576,0.9876616,0.006756757,6.989069,1.014926,6.886284,6DC,M051518_147_8
150,M051518,-14.875,-13.19855,25.14823,22.965,3,1.913138,0.9447709,0.04817861,8.010463,1.801807,4.445793,6DC,M051518_150_3
152,M051518,-8.5625,-10.64217,32.75012,23.7125,1,11.34889,0.9656287,0.1139835,6.398986,0.8408349,7.610277,6DC,M051518_152_1
152,M051518,-8.5625,-10.64217,32.75012,23.7125,4,19.20216,0.9894242,0.0146886,10.55456,1.06693,9.892453,6DC,M051518_152_4
003,M051618,-6.96875,-14.57327,25.60364,45.8575,3,2.339195,0.9905993,0.01145711,10.17065,1.726385,5.891303,12r,M051618_003_3
004,M051618,-8.5,-13.50372,25.06908,45.8425,3,1.880561,0.9879553,0.02673326,7.705676,1.551729,4.965865,11ml,M051618_004_3
008,M051618,-6.71875,-8.97914,29.61894,46,3,1.124559,0.9964747,0.002350176,9.609056,2.126347,4.519044,46d,M051618_008_3
010,M051618,-7.75,-16.96932,24.73848,44.525,3,0.4809835,0.9788484,0.001175088,13.29612,2.002805,6.638748,12r,M051618_010_3
010,M051618,-7.75,-16.96932,24.73848,44.525,4,1.409875,0.9788484,0.02085781,12.18614,1.889292,6.450109,12r,M051618_010_4
011,M051618,-6.90625,-15.96754,26.51046,44.495,2,13.93227,0.9447709,0.0693302,5.692555,1.607294,3.541702,46v,M051618_011_2
013,M051618,-10.9375,-13.89058,24.157,44.39,2,2.926253,0.9524089,0.01821387,10.31956,1.752712,5.887765,11ml,M051618_013_2
013,M051618,-10.9375,-13.89058,24.157,44.39,4,2.267299,0.9524089,0.01204465,10.07219,1.976823,5.09514,11ml,M051618_013_4
014,M051618,-11.375,-11.08952,25.00846,44.48,3,0.791651,0.9982374,0.002350176,14.94517,1.655046,9.030066,11ml,M051618_014_3
017,M051618,-7.75,-18.952,24.03174,42.911,2,0.3251583,0.9979436,0.0005875441,11.13999,1.613467,6.904382,12l,M051618_017_2
018,M051618,-7.125,-17.85412,25.95299,43.1135,3,0.7527833,0.9221504,0.01321974,17.81,1.945622,9.153884,12l,M051618_018_3
024,M051618,-10.8125,-9.99096,27.00075,43.291,1,5.641188,0.9820799,0.01410106,4.930559,1.099943,4.482557,46v,M051618_024_1
025,M051618,-10.75,-8.7517,27.63244,43.27,4,2.575398,0.96651,0.01204465,6.119514,2.216182,2.761287,46df,M051618_025_4
025,M051618,-10.75,-8.7517,27.63244,43.27,5,0.9644293,0.9982374,0.0008813161,20.87908,1.896762,11.00775,46df,M051618_025_5
033,M051618,-14.125,-10.17951,24.37574,41.808,3,12.02571,0.979436,0.02820211,6.187531,1.121231,5.518513,11ml,M051618_033_3
039,M051618,-12.625,-14.62784,24.41092,40.573,2,2.031542,0.9732667,0.04700353,9.024066,2.101143,4.294836,13l,M051618_039_2
042,M051618,-13.25,-10.05681,25.76989,40.6575,3,12.83086,0.9900118,0.02820211,7.966975,1.226649,6.494909,46v,M051618_042_3
042,M051618,-13.25,-10.05681,25.76989,40.6575,4,0.9667798,0.9917744,0.009694478,11.06561,1.706265,6.485282,46v,M051618_042_4
043,M051618,-14.5,-8.8713,24.9082,40.555,2,0.9220572,0.9994125,0.005581669,13.13506,1.377497,9.535455,46v,M051618_043_2
045,M051618,-8,-20.821,23.8518,39.2,3,4.524766,0.9770858,0.05170388,8.976138,1.833002,4.896961,45,M051618_045_3
054,M051618,-20.5625,-8.10487,19.77372,39.145,2,3.296346,0.9867803,0.0766745,6.914761,1.775018,3.8956,13m,M051618_054_2
060,M051618,-17.25,-13.33292,21.00784,37.886,3,4.396628,0.9847239,0.03084606,8.904215,1.456626,6.112904,13l,M051618_060_3
065,M051618,-10,-6.3756,30.86676,37.554,1,3.669323,0.993537,0.004994125,4.854821,0.9821925,4.94284,6DR,M051618_065_1
065,M051618,-10,-6.3756,30.86676,37.554,2,2.473078,0.9803173,0.007050529,5.924047,1.400808,4.229021,6DR,M051618_065_2
065,M051618,-10,-6.3756,30.86676,37.554,3,7.220955,0.9988249,0.007931845,16.71435,1.971127,8.479589,6DR,M051618_065_3
065,M051618,-10,-6.3756,30.86676,37.554,6,6.064288,0.993537,0.003525264,9.486501,1.435486,6.608563,6DR,M051618_065_6
078,M051618,-10.0625,-20.0717,23.78603,35.255,3,3.009925,0.9782609,0.05493537,7.147278,1.369808,5.217724,45,M051618_078_3
078,M051618,-10.0625,-20.0717,23.78603,35.255,4,0.2643452,0.9923619,0.04024677,13.05158,1.658215,7.870864,45,M051618_078_4
079,M051618,-15,-18.57459,20.39669,35.2725,1,12.59162,0.9644536,0.106933,6.94344,1.394681,4.978515,45,M051618_079_1
090,M051618,-13.75,-20.90019,20.06564,33.9445,3,6.187438,0.9888366,0.01204465,12.64128,1.856566,6.808961,45,M051618_090_3
091,M051618,-14.875,-19.1534,20.48192,33.957,4,0.2046561,0.9724102,0.02056404,9.041306,1.657422,5.455042,44,M051618_091_4
091,M051618,-14.875,-19.1534,20.48192,33.957,6,1.406077,0.9482961,0.003231492,17.94164,1.746272,10.27425,44,M051618_091_6
097,M051618,-13.875,-9.2822,26.87944,33.446,2,0.7053214,0.989718,0.006169213,7.327346,1.575386,4.651143,8B,M051618_097_2
100,M051618,-9.625,-4.7426,31.9594,32.272,3,0.321789,0.9932432,0.009400705,9.114205,1.527317,5.96746,6DR,M051618_100_3
101,M051618,-8.875,-21.7568,23.9314,32.659,2,6.587421,0.9820799,0.03055229,8.244192,1.504689,5.479001,46v,M051618_101_2
104,M051618,-17.875,-14.9986,19.86644,28.07,2,13.16625,0.9697415,0.07814336,6.48193,1.2618,5.137048,6VaVb,M051618_104_2
106,M051618,-12.625,-12.48972,26.6585,28.8375,3,9.40274,0.9791422,0.02497062,8.708293,1.110987,7.838338,6DR,M051618_106_3
106,M051618,-12.625,-12.48972,26.6585,28.8375,6,4.494741,0.9791422,0.05963572,8.213387,1.139093,7.21046,6DR,M051618_106_6
108,M051618,-15.625,-9.87902,24.86596,28.21,1,25.85407,0.9882491,0.01410106,8.567029,1.424644,6.013454,6DR,M051618_108_1
109,M051618,-13.625,-10.33598,26.9403,32.153,3,0.1756651,0.9585782,0.005287896,10.46978,1.669315,6.271906,8B,M051618_109_3
113,M051618,-8.625,-3.77672,33.17356,30.847,3,0.224908,0.9380141,0,18.60289,2.461449,7.557701,6DR,M051618_113_3
113,M051618,-8.625,-3.77672,33.17356,30.847,6,3.790344,0.9967685,0.0346651,8.468651,2.048276,4.134526,6DR,M051618_113_6
114,M051618,-15.125,-21.20166,19.14535,31.0345,4,0.2141859,1,0,21.22177,1.970924,10.76743,44,M051618_114_4
116,M051618,-16.75,-15.12755,21.20302,26.877,2,36.97727,0.9438896,0.04788484,4.783098,1.005787,4.755579,6DC,M051618_116_2
116,M051618,-16.75,-15.12755,21.20302,26.877,4,5.572397,0.9838426,0.01028202,8.518296,1.471718,5.787993,6DC,M051618_116_4
117,M051618,-12.375,-14.1318,26.3021,27.462,3,12.37693,0.9964747,0.008225617,9.75025,1.261861,7.726878,6DC,M051618_117_3
117,M051618,-12.375,-14.1318,26.3021,27.462,4,0.2556137,0.9964747,0.004112808,19.07364,1.649989,11.55986,6DC,M051618_117_4
117,M051618,-12.375,-14.1318,26.3021,27.462,5,1.129489,0.9885429,0.02614571,9.120399,1.729169,5.274439,6DC,M051618_117_5
118,M051618,-18.25,-12.59692,21.33304,26.587,2,1.232711,0.9838426,0.006462985,4.676758,1.422943,3.28668,pu,M051618_118_2
125,M051618,-10.625,-3.974,31.61904,29.568,1,7.100403,0.9941245,0.04024677,8.834292,1.595433,5.537239,24c,M051618_125_1
135,M051618,-9.625,-5.49933,32.56897,27.8345,4,5.690644,0.9882491,0.003231492,7.750715,1.331209,5.822311,6DR,M051618_135_4
135,M051618,-9.625,-5.49933,32.56897,27.8345,5,2.727278,0.9882491,0.02585194,13.14857,1.572574,8.361177,6DR,M051618_135_5
136,M051618,-10.125,-4.4811,32.27534,27.8395,1,15.93301,1,0.003819037,19.03485,1.75321,10.85714,24c,M051618_136_1
136,M051618,-10.125,-4.4811,32.27534,27.8395,3,3.124228,0.9967685,0.09547591,3.413797,1.26729,2.693778,24c,M051618_136_3
144,M051618,-8.75,-7.52132,32.89796,26.5108,3,2.803609,0.9764982,0.03642773,7.142848,1.234364,5.786662,6DC,M051618_144_3
146,M051618,-8,-5.398,34.28884,26.482,1,12.02028,0.9942073,0.006169213,15.3007,1.270159,12.04629,6DC,M051618_146_1
146,M051618,-8,-5.398,34.28884,26.482,5,10.82467,0.9973561,0.009988249,7.197216,1.00303,7.175472,6DC,M051618_146_5
147,M051618,-7.75,-4.2475,34.89475,26.4795,1,39.96374,0.9762045,0.02908343,7.993762,1.069028,7.477602,6DC,M051618_147_1
147,M051618,-7.75,-4.2475,34.89475,26.4795,2,12.49156,0.9571093,0.02702703,5.276757,0.827749,6.374827,6DC,M051618_147_2
147,M051618,-7.75,-4.2475,34.89475,26.4795,3,11.60854,0.9571093,0.03672151,3.598056,0.8341988,4.313187,6DC,M051618_147_3
147,M051618,-7.75,-4.2475,34.89475,26.4795,6,8.97546,0.9762045,0.05934195,3.536833,0.8269526,4.276947,6DC,M051618_147_6
150,M051618,-14.875,-13.19855,25.14823,22.965,3,0.6893525,0.9838426,0.01057579,9.599189,1.748995,5.488402,6DC,M051618_150_3
152,M051618,-8.5625,-10.64217,32.75012,23.7125,2,24.73268,0.979436,0.02320799,8.357195,1.098428,7.608324,6DC,M051618_152_2
154,M051618,-18.5625,-7.6994,23.1164,25.365,2,10.64864,0.9903055,0.04670975,6.303758,1.474265,4.275867,cd,M051618_154_2
157,M051618,-12.625,-4.5464,29.9526,25.115,2,3.661435,0.9873678,0.01527615,4.890734,1.093206,4.473752,24c,M051618_157_2
157,M051618,-12.625,-4.5464,29.9526,25.115,3,20.62276,0.9809048,0.09430082,6.562225,1.297217,5.058696,24c,M051618_157_3
004,M051718,-8.5,-13.50372,25.06908,45.8425,4,2.229796,0.9994125,0.005287896,11.0242,1.48391,7.429153,11ml,M051718_004_4
005,M051718,-9.5625,-12.00996,25.0392,45.775,2,6.822159,0.9547591,0.007050529,7.976517,1.678668,4.751696,11ml,M051718_005_2
006,M051718,-11.40625,-10.70858,23.99504,45.7525,3,0.7912732,0.9976498,0.05376028,11.84211,1.899947,6.232864,11ml,M051718_006_3
007,M051718,-10.25,-10.00316,25.5528,45.85,3,21.49616,0.9738543,0.03231492,6.109862,1.050084,5.818451,46v,M051718_007_3
008,M051718,-6.71875,-8.97914,29.61894,46,3,0.05146027,0.9868996,0.005822416,14.0305,1.344465,10.43575,46d,M051718_008_3
008,M051718,-6.71875,-8.97914,29.61894,46,5,0.2053203,0.9952996,0.000293772,8.55484,1.78909,4.781671,46d,M051718_008_5
010,M051718,-7.75,-16.96932,24.73848,44.525,2,4.155902,0.9867803,0.008519389,10.43036,1.643429,6.346707,12r,M051718_010_2
010,M051718,-7.75,-16.96932,24.73848,44.525,4,0.6965187,0.987074,0.0008813161,12.98268,2.016835,6.437155,12r,M051718_010_4
013,M051718,-10.9375,-13.89058,24.157,44.39,2,3.533499,0.9356639,0.01439483,9.803411,1.564416,6.266498,11ml,M051718_013_2
013,M051718,-10.9375,-13.89058,24.157,44.39,3,2.540995,0.9356639,0.02085781,10.25076,2.003159,5.117299,11ml,M051718_013_3
014,M051718,-11.375,-11.08952,25.00846,44.48,2,1.771281,0.9694477,0.006462985,10.64812,1.450138,7.342834,11ml,M051718_014_2
014,M051718,-11.375,-11.08952,25.00846,44.48,4,0.9402899,0.9694477,0.01556992,10.34074,1.391051,7.433762,11ml,M051718_014_4
017,M051718,-7.75,-18.952,24.03174,42.911,3,0.4289229,0.9952996,0.00293772,10.0394,1.615158,6.215739,12l,M051718_017_3
018,M051718,-7.125,-17.85412,25.95299,43.1135,3,0.6215606,0.9321387,0.004700352,15.73299,1.6805,9.362088,12l,M051718_018_3
036,M051718,-8.75,-18.75302,24.82958,40.5255,2,17.49551,0.9814923,0.08960047,7.106872,1.295536,5.485661,45,M051718_036_2
042,M051718,-13.25,-10.05681,25.76989,40.6575,2,5.747442,0.9650411,0.1348414,6.017669,1.285507,4.681164,46v,M051718_042_2
045,M051718,-8,-20.821,23.8518,39.2,3,4.362477,0.9844301,0.08108108,10.81338,1.605532,6.735076,45,M051718_045_3
060,M051718,-17.25,-13.33292,21.00784,37.886,2,9.68313,0.9606345,0.05816686,6.568137,1.2422,5.287502,13l,M051718_060_2
065,M051718,-10,-6.3756,30.86676,37.554,1,0.7864957,0.8719807,0.009694478,7.281754,1.299881,5.601861,6DR,M051718_065_1
065,M051718,-10,-6.3756,30.86676,37.554,4,7.654778,0.9900118,0.007050529,9.37704,1.197415,7.83107,6DR,M051718_065_4
065,M051718,-10,-6.3756,30.86676,37.554,6,11.25774,0.9691539,0.05992949,6.708717,1.881163,3.566259,6DR,M051718_065_6
066,M051718,-11.25,-21.19352,20.70888,36.518,2,7.946479,0.9988249,0.0005875441,16.7597,1.767558,9.481838,45,M051718_066_2
069,M051718,-17.125,-16.594,19.40885,36.6255,3,3.63494,0.9908931,0.01498237,5.334033,1.268298,4.205663,AI,M051718_069_3
072,M051718,-13.3125,-12.00253,26.10165,36.2385,2,0.20106,0.9970623,0,14.52331,1.691854,8.58426,46d,M051718_072_2
078,M051718,-10.3125,-20.0717,23.78603,35.255,3,2.292586,0.9920682,0.004700352,10.44997,1.626489,6.424862,45,M051718_078_3
090,M051718,-13.75,-20.90019,20.06564,33.9445,3,6.028839,0.9914806,0.003819037,12.5058,1.896556,6.593955,45,M051718_090_3
091,M051718,-14.875,-19.1534,20.48192,33.957,3,3.165937,0.9973561,0.01498237,11.13633,2.230705,4.992294,44,M051718_091_3
096,M051718,-13.5,-10.8065,26.67976,33.431,5,12.24311,0.9947121,0.01645123,9.754066,1.276187,7.64313,8B,M051718_096_5
099,M051718,-19.875,-6.36346,21.76638,32.0245,3,6.146462,0.9994125,0.001762632,11.18083,1.54686,7.228079,cd,M051718_099_3
101,M051718,-8.875,-21.7568,23.9314,32.659,1,9.0859,0.9738543,0.01703878,6.453367,1.434953,4.497266,46v,M051718_101_1
106,M051718,-12.625,-12.48972,26.6585,28.8375,2,7.942188,0.9847239,0.1621622,7.047542,1.256324,5.609653,6DR,M051718_106_2
108,M051718,-15.625,-9.87902,24.86596,28.21,2,19.98164,0.953584,0.02173913,7.250103,1.407591,5.150715,6DR,M051718_108_2
108,M051718,-15.625,-9.87902,24.86596,28.21,4,1.501744,0.9955934,0.02585194,8.666594,1.34568,6.440309,6DR,M051718_108_4
109,M051718,-13.625,-10.33598,26.9403,32.153,4,0.2363919,0.9720917,0.002056404,11.74438,1.694356,6.93147,8B,M051718_109_4
113,M051718,-8.625,-3.77672,33.17356,30.847,3,0.4826939,1,0,35.01095,2.734475,12.80354,6DR,M051718_113_3
113,M051718,-8.625,-3.77672,33.17356,30.847,4,1.70126,0.9967685,0.007638073,11.83028,1.359526,8.70177,6DR,M051718_113_4
114,M051718,-15.125,-21.20166,19.14535,31.0345,5,0.2452149,1,0.001762632,11.47884,1.479311,7.759585,44,M051718_114_5
117,M051718,-12.375,-14.1318,26.3021,27.462,2,0.8931881,0.9829612,0.004112808,10.73262,1.521911,7.05207,6DC,M051718_117_2
117,M051718,-12.375,-14.1318,26.3021,27.462,3,2.543326,0.9829612,0.0546416,7.270682,1.466583,4.957566,6DC,M051718_117_3
118,M051718,-18.25,-12.59692,21.33304,26.587,2,6.293039,0.980611,0.02379553,7.489614,1.675711,4.469515,pu,M051718_118_2
118,M051718,-18.25,-12.59692,21.33304,26.587,4,2.288871,0.9615158,0.02144536,4.197796,1.306847,3.212156,pu,M051718_118_4
119,M051718,-18.5,-11.34835,21.6154,26.5245,2,1.29504,0.9209753,0.0005875441,12.60617,1.599075,7.88341,pu,M051718_119_2
119,M051718,-18.5,-11.34835,21.6154,26.5245,4,0.3229313,0.9985312,0.01498237,10.11153,1.339894,7.546514,pu,M051718_119_4
129,M051718,-33.1875,-12.4356,6.44702,23.121,3,0.2468017,0.9952996,0.005287896,6.865915,1.967729,3.489259,AMG,M051718_129_3
134,M051718,-10.75,-6.74825,31.0868,28.2225,5,8.893681,0.9944183,0.01909518,8.054031,1.301481,6.18836,6DR,M051718_134_5
134,M051718,-10.75,-6.74825,31.0868,28.2225,6,2.969701,0.9938308,0.006756757,9.313209,1.252038,7.438441,6DR,M051718_134_6
136,M051718,-10.125,-4.4811,32.27534,27.8395,4,0.647352,0.8545828,0.003231492,10.92928,1.207307,9.05261,24c,M051718_136_4
136,M051718,-10.125,-4.4811,32.27534,27.8395,6,6.367706,1,0.007638073,7.436503,1.392173,5.341653,24c,M051718_136_6
136,M051718,-10.125,-4.4811,32.27534,27.8395,7,1.070624,0.9694477,0.006169213,14.9016,1.986026,7.503224,24c,M051718_136_7
136,M051718,-10.125,-4.4811,32.27534,27.8395,8,0.5679679,0.9694477,0.03055229,11.17573,1.465554,7.625603,24c,M051718_136_8
136,M051718,-10.125,-4.4811,32.27534,27.8395,9,6.113514,1,0.002350176,7.392508,1.639463,4.509102,24c,M051718_136_9
140,M051718,-12.125,-13.1237,27.3809,24.698,3,20.36176,0.9453584,0.1045828,4.445328,1.007228,4.413427,6DC,M051718_140_3
146,M051718,-8,-5.398,34.28884,26.482,1,16.17458,0.9256757,0.109577,7.674464,1.249177,6.143617,6DC,M051718_146_1
146,M051718,-8,-5.398,34.28884,26.482,4,11.7322,0.9256757,0.03231492,10.39251,1.257646,8.263463,6DC,M051718_146_4
147,M051718,-7.75,-4.2475,34.89475,26.4795,3,4.046969,0.9873678,0.02144536,8.818846,1.239356,7.11567,6DC,M051718_147_3
150,M051718,-14.875,-13.19855,25.14823,22.965,2,0.1174961,0.9976498,0,12.49361,1.466415,8.519836,6DC,M051718_150_2
152,M051718,-8.5625,-10.64217,32.75012,23.7125,5,15.22556,0.9121622,0.08137485,5.548694,1.026994,5.402849,6DC,M051718_152_5
152,M051718,-8.5625,-10.64217,32.75012,23.7125,9,10.63584,1,0.01615746,9.502709,1.184945,8.019534,6DC,M051718_152_9
152,M051718,-8.5625,-10.64217,32.75012,23.7125,10,1.02281,0.9941245,0.00293772,4.827673,1.046042,4.615179,6DC,M051718_152_10
154,M051718,-18.5625,-7.6994,23.1164,25.365,2,8.680799,0.9635723,0.132785,5.994429,1.155531,5.187597,cd,M051718_154_2
157,M051718,-12.625,-4.5464,29.9526,25.115,2,5.863406,0.9779671,0.01292597,4.3052,1.028928,4.184162,24c,M051718_157_2
004,M051818,-8.5,-13.50372,25.06908,45.8425,3,2.163178,0.9952996,0.01410106,10.14446,1.47644,6.870893,11ml,M051818_004_3
005,M051818,-9.5625,-12.00996,25.0392,45.775,2,5.847501,0.9635723,0.007931845,8.55648,1.674651,5.10941,11ml,M051818_005_2
006,M051818,-11.40625,-10.70858,23.99504,45.7525,2,16.51866,0.9527027,0.03437133,6.017705,1.054738,5.705404,11ml,M051818_006_2
006,M051818,-11.40625,-10.70858,23.99504,45.7525,4,2.526921,0.9920682,0.07784959,10.57734,1.886736,5.606156,11ml,M051818_006_4
007,M051818,-10.25,-10.00316,25.5528,45.85,3,1.18493,0.9856052,0.02173913,3.829972,1.385991,2.763346,46v,M051818_007_3
007,M051818,-10.25,-10.00316,25.5528,45.85,4,12.23059,0.9809048,0.03084606,7.224862,1.118341,6.460337,46v,M051818_007_4
008,M051818,-6.71875,-8.97914,29.61894,46,3,0.219124,1,0.005875441,15.29099,1.968758,7.766821,46d,M051818_008_3
010,M051818,-7.75,-16.96932,24.73848,44.525,3,0.8320861,0.9926557,0.001762632,11.02185,1.85374,5.94574,12r,M051818_010_3
010,M051818,-7.75,-16.96932,24.73848,44.525,4,8.340062,0.9738543,0.04553467,9.164057,1.568258,5.843462,12r,M051818_010_4
011,M051818,-6.90625,-15.96754,26.51046,44.495,2,3.239586,0.9970623,0.001762632,11.17713,1.71638,6.512036,46v,M051818_011_2
013,M051818,-10.9375,-13.89058,24.157,44.39,1,0.8446676,0.9303761,0.008225617,8.776576,1.348845,6.506734,11ml,M051818_013_1
013,M051818,-10.9375,-13.89058,24.157,44.39,3,2.538131,0.9621034,0.007050529,12.26565,2.164042,5.667937,11ml,M051818_013_3
013,M051818,-10.9375,-13.89058,24.157,44.39,6,2.821223,0.9618096,0.004994125,10.0528,1.51254,6.646303,11ml,M051818_013_6
014,M051818,-11.375,-11.08952,25.00846,44.48,2,2.538787,0.9879553,0.005287896,10.40011,1.612977,6.447771,11ml,M051818_014_2
017,M051818,-7.75,-18.952,24.03174,42.911,3,0.5479614,0.996181,0.002643948,10.18022,1.564145,6.508492,12l,M051818_017_3
018,M051818,-7.125,-17.85412,25.95299,43.1135,3,1.39295,0.9797297,0.02555817,11.30885,1.685294,6.710314,12l,M051818_018_3
036,M051818,-8.75,-18.75302,24.82958,40.5255,3,8.890224,0.979436,0.01586369,8.652301,1.611316,5.369709,45,M051818_036_3
045,M051818,-8,-20.821,23.8518,39.2,2,5.694848,0.9694477,0.1427732,6.940988,1.560738,4.447246,45,M051818_045_2
045,M051818,-8,-20.821,23.8518,39.2,4,4.152381,0.983255,0.03378378,11.63605,1.6408,7.091695,45,M051818_045_4
054,M051818,-20.8125,-8.12184,19.48604,39.145,3,3.432245,0.9970623,0.004112808,10.62662,1.374279,7.732502,13m,M051818_054_3
065,M051818,-10,-6.3756,30.86676,37.554,2,10.89898,0.9876616,0.08225617,8.17163,1.937204,4.21826,6DR,M051818_065_2
066,M051818,-11.25,-21.19352,20.70888,36.518,3,8.164286,0.9988249,0.007638073,13.48028,1.435797,9.388706,45,M051818_066_3
072,M051818,-13.3125,-12.00253,26.10165,36.2385,3,0.1061637,0.9987752,0.007348438,13.93384,1.788092,7.792572,46d,M051818_072_3
078,M051818,-10.3125,-20.0717,23.78603,35.255,2,3.241698,0.9744418,0.01292597,8.369821,1.941338,4.311368,45,M051818_078_2
080,M051818,-12.3125,-16.8848,24.2588,35.32,2,2.447847,0.9747356,0.0273208,8.745676,1.390535,6.289433,46v,M051818_080_2
080,M051818,-12.3125,-16.8848,24.2588,35.32,3,31.56293,0.985899,0.01586369,5.390503,1.152996,4.675215,46v,M051818_080_3
083,M051818,-23.875,-12.16476,15.88876,35.01,3,5.575245,0.9506463,0.07373678,5.668259,1.786302,3.17318,13l,M051818_083_3
090,M051818,-13.75,-20.90019,20.06564,33.9445,3,6.142657,0.9970623,0.001175088,13.29165,1.879765,7.070906,45,M051818_090_3
091,M051818,-14.875,-19.1534,20.48192,33.957,2,3.504827,0.9985312,0.02908343,11.02394,2.042956,5.396072,44,M051818_091_2
096,M051818,-13.5,-10.8065,26.67976,33.431,2,6.892702,0.996181,0.008225617,11.47138,1.286083,8.919628,8B,M051818_096_2
099,M051818,-19.875,-6.36346,21.76638,32.0245,4,7.483761,0.9976498,0.003231492,9.704171,1.28071,7.577182,cd,M051818_099_4
100,M051818,-9.625,-4.7426,31.9594,32.272,3,0.9490215,0.9988249,0.007638073,13.62447,1.761081,7.736423,6DR,M051818_100_3
101,M051818,-8.875,-21.7568,23.9314,32.659,2,8.832504,0.9826674,0.003819037,7.151721,1.482781,4.823181,46v,M051818_101_2
104,M051818,-18.125,-14.97925,19.4662,28.005,2,15.81904,0.9994125,0.004700352,10.18135,1.340899,7.592927,6VaVb,M051818_104_2
106,M051818,-12.875,-12.48972,26.6585,28.8375,3,4.025706,0.9985312,0.008519389,12.22531,1.348095,9.068581,6DR,M051818_106_3
106,M051818,-12.875,-12.48972,26.6585,28.8375,4,7.059679,0.9988249,0.003525264,13.32787,1.369147,9.734432,6DR,M051818_106_4
109,M051818,-13.625,-10.33598,26.9403,32.153,3,1.259011,0.9800235,0.02379553,9.359678,1.567475,5.971181,8B,M051818_109_3
113,M051818,-8.625,-3.77672,33.17356,30.847,2,4.253803,0.9759107,0.003525264,4.30474,1.036714,4.152294,6DR,M051818_113_2
113,M051818,-8.625,-3.77672,33.17356,30.847,5,0.3879056,1,0,39.62844,3.384624,11.70837,6DR,M051818_113_5
113,M051818,-8.625,-3.77672,33.17356,30.847,6,1.111712,0.9982374,0.01233843,12.83026,1.332562,9.62826,6DR,M051818_113_6
114,M051818,-15.125,-21.20166,19.14535,31.0345,3,0.3507962,0.9941245,0.007050529,9.045331,1.557127,5.808988,44,M051818_114_3
116,M051818,-17.125,-15.1081,20.80424,26.817,3,17.26593,0.9183314,0.02056404,5.94992,1.213489,4.903152,6DC,M051818_116_3
116,M051818,-17.125,-15.1081,20.80424,26.817,4,0.2789962,0.9885429,0.00293772,15.56247,1.760737,8.838609,6DC,M051818_116_4
116,M051818,-17.125,-15.1081,20.80424,26.817,5,0.2279137,0.9885429,0.0005875441,22.26382,2.009712,11.07811,6DC,M051818_116_5
117,M051818,-12.375,-14.1318,26.3021,27.462,2,3.464032,0.9656287,0.004112808,5.974344,1.465856,4.07567,6DC,M051818_117_2
117,M051818,-12.375,-14.1318,26.3021,27.462,4,8.17144,0.9668038,0.01821387,6.791119,1.19326,5.69123,6DC,M051818_117_4
117,M051818,-12.375,-14.1318,26.3021,27.462,6,0.8823211,0.9879553,0.01292597,9.028806,1.818272,4.965598,6DC,M051818_117_6
130,M051818,-24.4375,-11.406,15.76301,24.3285,2,0.3462895,0.9994125,0.007931845,9.219666,1.696393,5.434864,pu,M051818_130_2
134,M051818,-10.75,-6.74825,31.0868,28.2225,3,10.92883,0.987074,0.02467685,7.409974,1.286584,5.759419,6DR,M051818_134_3
139,M051818,-13.375,-14.41112,25.3363,24.563,3,1.096897,0.9521152,0.04083431,7.582428,1.449299,5.231791,6DC,M051818_139_3
144,M051818,-8.75,-7.52132,32.89796,26.5108,3,1.465682,0.9879553,0.06962397,7.162861,1.531586,4.67676,6DC,M051818_144_3
146,M051818,-8,-5.398,34.28884,26.482,1,12.86304,0.8830788,0.0220329,6.30731,1.295396,4.869019,6DC,M051818_146_1
146,M051818,-8,-5.398,34.28884,26.482,3,12.8481,0.9585782,0.04670975,7.639017,1.567619,4.873006,6DC,M051818_146_3
147,M051818,-7.75,-4.2475,34.89475,26.4795,3,2.356569,0.9905993,0.009106933,9.08672,1.298844,6.996004,6DC,M051818_147_3
152,M051818,-8.5625,-10.64217,32.75012,23.7125,2,4.245669,0.9955934,0.000293772,8.139559,1.265254,6.433145,6DC,M051818_152_2
152,M051818,-8.5625,-10.64217,32.75012,23.7125,4,10.10878,0.9994125,0.001175088,13.51621,1.505469,8.978073,6DC,M051818_152_4
154,M051818,-18.6875,-7.6994,23.1164,25.365,3,8.69461,0.9738543,0.1089894,6.381657,1.251176,5.100525,cd,M051818_154_3
157,M051818,-12.625,-4.5464,29.9526,25.115,3,13.85057,0.9785547,0.0472973,6.561989,1.19381,5.496678,24c,M051818_157_3
004,M052118,-8.625,-13.4998,24.9262,45.835,3,1.405611,0.9905993,0.007050529,7.082984,2.544569,2.783569,11ml,M052118_004_3
005,M052118,-9.5625,-12.00996,25.0392,45.775,2,3.717046,0.953584,0.004112808,8.552529,1.798534,4.755277,11ml,M052118_005_2
005,M052118,-9.5625,-12.00996,25.0392,45.775,3,4.312224,0.953584,0.03965922,8.028714,1.889423,4.249294,11ml,M052118_005_3
006,M052118,-11.40625,-10.70858,23.99504,45.7525,2,2.651038,0.9829612,0.1242656,8.38573,1.414739,5.927406,11ml,M052118_006_2
006,M052118,-11.40625,-10.70858,23.99504,45.7525,4,18.1022,0.9336075,0.0146886,5.773306,1.373629,4.202959,11ml,M052118_006_4
008,M052118,-6.71875,-8.97914,29.61894,46,1,8.405859,0.9503525,0.02908343,6.650012,1.522192,4.368709,46d,M052118_008_1
008,M052118,-6.71875,-8.97914,29.61894,46,5,2.625404,0.9876616,0.01410106,9.972682,3.040509,3.279939,46d,M052118_008_5
010,M052118,-7.75,-16.96932,24.73848,44.525,3,0.9077771,0.9988249,0,12.69368,2.037015,6.231509,12r,M052118_010_3
013,M052118,-10.9375,-13.89058,24.157,44.39,1,2.824642,0.9894242,0.005287896,9.72673,1.653318,5.883159,11ml,M052118_013_1
013,M052118,-10.9375,-13.89058,24.157,44.39,4,0.6816005,0.9709166,0.001762632,15.304,1.781606,8.589999,11ml,M052118_013_4
014,M052118,-11.375,-11.08952,25.00846,44.48,3,0.840566,0.9944183,0.007638073,10.51802,1.523329,6.904628,11ml,M052118_014_3
017,M052118,-7.75,-18.952,24.03174,42.911,2,25.6571,0.9153937,0.06227967,4.195685,1.082913,3.874443,12l,M052118_017_2
017,M052118,-7.75,-18.952,24.03174,42.911,4,0.5100853,0.9964747,0.003231492,10.65378,1.895639,5.62015,12l,M052118_017_4
018,M052118,-7.125,-17.85412,25.95299,43.1135,3,0.9542185,0.9715041,0.009106933,12.27546,1.564877,7.844358,12l,M052118_018_3
018,M052118,-7.125,-17.85412,25.95299,43.1135,4,0.6860542,0.9715041,0.0126322,13.39533,1.665591,8.042394,12l,M052118_018_4
023,M052118,-12.8125,-11.38307,24.61032,43.1885,3,12.20891,0.9615158,0.02262045,7.599623,1.741139,4.364742,11ml,M052118_023_3
023,M052118,-12.8125,-11.38307,24.61032,43.1885,4,1.209375,0.9885429,0.0252644,9.89604,1.797109,5.506645,11ml,M052118_023_4
024,M052118,-11.3125,-10.01928,26.4525,43.276,3,0.9307791,0.9321387,0.007344301,12.51263,1.742011,7.182867,46v,M052118_024_3
024,M052118,-11.3125,-10.01928,26.4525,43.276,4,1.535704,0.9321387,0.007050529,11.17041,1.525759,7.321219,46v,M052118_024_4
025,M052118,-11.375,-8.8023,26.89516,43.26,3,6.270162,0.9929495,0.004406581,9.463763,1.229778,7.695508,46v,M052118_025_3
025,M052118,-11.375,-8.8023,26.89516,43.26,4,7.098278,0.9844301,0.1178026,7.145457,1.255571,5.691001,46v,M052118_025_4
033,M052118,-14.625,-10.2111,23.7464,41.793,2,5.077614,0.9735605,0.01645123,6.101273,1.442324,4.230167,11ml,M052118_033_2
036,M052118,-8.75,-18.75302,24.82958,40.5255,1,10.22203,0.9955934,0.009694478,14.81464,1.978432,7.488073,45,M052118_036_1
036,M052118,-8.75,-18.75302,24.82958,40.5255,4,1.745304,0.949765,0.03113984,3.679121,0.9125571,4.031661,45,M052118_036_4
036,M052118,-8.75,-18.75302,24.82958,40.5255,5,1.931909,0.9914806,0.04759107,7.718685,1.16206,6.642243,45,M052118_036_5
042,M052118,-13.5,-10.06814,25.53866,40.655,3,0.3927513,0.9982374,0.007344301,11.57718,2.9871,3.875727,46v,M052118_042_3
061,M052118,-17.75,-12.01405,21.27234,37.8835,3,0.4807427,0.9668038,0,13.63834,1.528554,8.922379,13l,M052118_061_3
061,M052118,-17.75,-12.01405,21.27234,37.8835,4,0.8918397,0.9988249,0.0005875441,21.99181,1.784601,12.3231,13l,M052118_061_4
061,M052118,-17.75,-12.01405,21.27234,37.8835,5,0.7391641,0.9668038,0.006462985,13.28259,1.639423,8.10199,13l,M052118_061_5
063,M052118,-22.875,-9.71674,17.13358,37.789,3,4.66099,0.9726792,0.03495887,5.908554,2.447089,2.414523,13m,M052118_063_3
065,M052118,-10,-6.3756,30.86676,37.554,2,2.635761,0.9782609,0.01439483,4.314655,1.953329,2.208873,6DR,M052118_065_2
065,M052118,-10,-6.3756,30.86676,37.554,4,9.335614,0.9920682,0.01880141,9.126777,2.068686,4.411872,6DR,M052118_065_4
078,M052118,-10.3125,-20.0717,23.78603,35.255,3,1.405774,0.9861927,0.06433608,8.608832,1.579888,5.449014,45,M052118_078_3
079,M052118,-15.5,-18.5836,20.1406,35.27,2,29.13736,0.9994125,0.0672738,8.922264,1.134782,7.862535,45,M052118_079_2
080,M052118,-12.3125,-16.8848,24.2588,35.32,1,29.90252,0.972973,0.02027027,5.291673,1.103705,4.794462,46v,M052118_080_1
088,M052118,-20.125,-5.6753,21.1347,33.315,1,5.193976,0.980611,0.01439483,7.916436,2.63478,3.004591,cd,M052118_088_1
090,M052118,-13.75,-20.90019,20.06564,33.9445,2,6.986147,0.985899,0.01204465,12.11722,1.884985,6.428284,45,M052118_090_2
091,M052118,-14.875,-19.1534,20.48192,33.957,2,6.369236,0.9574031,0.03936545,6.620075,1.568443,4.220795,44,M052118_091_2
091,M052118,-14.875,-19.1534,20.48192,33.957,4,3.25001,0.9835488,0.06698003,9.032308,1.620285,5.574516,44,M052118_091_4
096,M052118,-13.5,-10.8065,26.67976,33.431,2,12.45703,0.9383079,0.1477673,5.855716,1.56356,3.745118,8B,M052118_096_2
099,M052118,-19.875,-6.36346,21.76638,32.0245,3,7.619569,0.9985312,0.001762632,9.318163,1.680035,5.546409,cd,M052118_099_3
100,M052118,-9.625,-4.7426,31.9594,32.272,2,0.9592418,0.9970623,0.0146886,9.201237,1.802071,5.105923,6DR,M052118_100_2
101,M052118,-8.875,-21.7568,23.9314,32.659,2,35.96698,0.9077556,0.1286722,5.366209,1.191041,4.505476,46v,M052118_101_2
101,M052118,-8.875,-21.7568,23.9314,32.659,3,1.452715,0.9820799,0.005581669,7.906623,2.013699,3.926417,46v,M052118_101_3
104,M052118,-18.125,-14.97925,19.4662,28.005,1,17.46705,1,0.02614571,10.72758,1.002624,10.69951,6VaVb,M052118_104_1
106,M052118,-12.875,-12.48972,26.6585,28.8375,1,4.882787,0.9997062,0.001762632,22.49475,1.970994,11.4129,6DR,M052118_106_1
106,M052118,-12.875,-12.48972,26.6585,28.8375,2,8.236438,0.9186252,0.02115159,4.4073,1.149771,3.833197,6DR,M052118_106_2
109,M052118,-13.625,-10.33598,26.9403,32.153,3,23.74507,0.9318449,0.09635723,4.424581,1.087345,4.069161,8B,M052118_109_3
113,M052118,-8.75,-3.77672,33.17356,30.847,2,1.196774,1,0.01615746,11.98882,1.449514,8.270922,6DR,M052118_113_2
113,M052118,-8.75,-3.77672,33.17356,30.847,4,2.725089,0.9814923,0.04024677,8.48478,1.934979,4.384947,6DR,M052118_113_4
113,M052118,-8.75,-3.77672,33.17356,30.847,9,0.9522905,0.9944183,0.00146886,13.48204,1.648864,8.176564,6DR,M052118_113_9
113,M052118,-8.75,-3.77672,33.17356,30.847,10,0.2902724,0.9496612,0,25.46663,2.127032,11.97284,6DR,M052118_113_10
116,M052118,-17.125,-15.1081,20.80424,26.817,3,0.1765774,0.9988249,0.003231492,16.87856,2.891664,5.83697,6DC,M052118_116_3
117,M052118,-12.375,-14.1318,26.3021,27.462,1,28.25587,0.9712104,0.08548766,6.006768,1.476611,4.067941,6DC,M052118_117_1
134,M052118,-10.75,-6.74825,31.0868,28.2225,2,1.550704,0.9861927,0.01116334,9.63985,1.633129,5.902688,6DR,M052118_134_2
135,M052118,-10.125,-5.53619,31.95271,27.8395,3,0.2351754,0.9773796,0.0293772,9.936793,2.538192,3.91491,6DR,M052118_135_3
136,M052118,-10.625,-4.5048,31.96632,27.842,2,0.5082979,0.9988249,0.01086957,11.4852,1.384227,8.297196,24c,M052118_136_2
136,M052118,-10.625,-4.5048,31.96632,27.842,3,1.262353,0.9955934,0.01410106,6.261323,1.367867,4.577435,24c,M052118_136_3
136,M052118,-10.625,-4.5048,31.96632,27.842,7,0.604556,0.9997062,0,23.16148,2.292026,10.10524,24c,M052118_136_7
139,M052118,-14.625,-14.36666,24.15115,24.4055,3,0.9588668,0.9891304,0.06521739,8.835989,1.805714,4.893348,6DC,M052118_139_3
139,M052118,-14.625,-14.36666,24.15115,24.4055,4,1.531845,0.9891304,0.02408931,8.223447,1.83861,4.472642,6DC,M052118_139_4
140,M052118,-12.125,-13.1237,27.3809,24.698,3,2.547009,0.9932432,0.06874266,7.253456,1.459684,4.969194,6DC,M052118_140_3
146,M052118,-8,-5.398,34.28884,26.482,1,26.8392,0.9377204,0.03495887,6.682868,1.280801,5.217724,6DC,M052118_146_1
149,M052118,-13.25,-14.63664,26.18848,23.215,3,3.061591,0.9829612,0.07226792,7.999677,1.709147,4.680508,6DC,M052118_149_3
152,M052118,-8.5625,-10.64217,32.75012,23.7125,1,17.03741,0.9947121,0.02291422,8.478429,1.03349,8.203686,6DC,M052118_152_1
152,M052118,-8.5625,-10.64217,32.75012,23.7125,3,7.861668,0.9888366,0.0126322,6.518772,1.114717,5.847914,6DC,M052118_152_3
152,M052118,-8.5625,-10.64217,32.75012,23.7125,5,6.321826,0.9988249,0.001175088,16.36428,1.997178,8.193701,6DC,M052118_152_5
154,M052118,-18.6875,-7.6994,23.1164,25.365,2,8.578407,0.9350764,0.08166862,5.893561,2.659639,2.215925,cd,M052118_154_2
156,M052118,-14.125,-5.70685,28.1944,25.29,2,3.28492,0.93302,0.04377203,8.430318,1.541077,5.470408,24c,M052118_156_2
156,M052118,-14.125,-5.70685,28.1944,25.29,3,0.4066367,0.9532539,0.002350176,14.29969,2.410313,5.932713,24c,M052118_156_3
157,M052118,-12.625,-4.5464,29.9526,25.115,1,15.11767,0.9885429,0.1380728,7.120588,1.258906,5.656172,24c,M052118_157_1
004,M052218,-8.75,-13.49588,24.78332,45.8275,3,0.8775992,1,0.007344301,13.48423,1.426759,9.450948,11ml,M052218_004_3
005,M052218,-9.5625,-12.00996,25.0392,45.775,3,3.31402,0.947121,0.01145711,8.310255,1.436134,5.786544,11ml,M052218_005_3
005,M052218,-9.5625,-12.00996,25.0392,45.775,4,4.053151,0.947121,0.05405406,8.245058,1.822401,4.524283,11ml,M052218_005_4
008,M052218,-6.71875,-8.97914,29.61894,46,3,5.968299,0.9550529,0.0472973,6.16236,1.725461,3.571428,46d,M052218_008_3
008,M052218,-6.71875,-8.97914,29.61894,46,5,2.507578,0.9550529,0.02027027,8.028481,1.207854,6.646897,46d,M052218_008_5
010,M052218,-7.75,-16.96932,24.73848,44.525,3,1.282101,0.9958872,0.001175088,10.96552,1.781996,6.153501,12r,M052218_010_3
013,M052218,-10.9375,-13.89058,24.157,44.39,3,1.695386,0.9553466,0.004112808,11.08743,1.540305,7.198206,11ml,M052218_013_3
013,M052218,-10.9375,-13.89058,24.157,44.39,5,0.1503,0.9626909,0.008519389,13.70779,1.184966,11.56809,11ml,M052218_013_5
014,M052218,-11.375,-11.08952,25.00846,44.48,3,1.226072,0.9973561,0.0440658,11.24112,1.565978,7.178342,11ml,M052218_014_3
017,M052218,-7.75,-18.952,24.03174,42.911,3,0.2611062,0.9988249,0.004700352,10.67876,1.772098,6.026055,12l,M052218_017_3
018,M052218,-7.125,-17.85412,25.95299,43.1135,3,0.9203979,0.9900118,0.01527615,12.50165,1.609011,7.769773,12l,M052218_018_3
023,M052218,-12.8125,-11.38307,24.61032,43.1885,3,1.616019,0.9917744,0.09195065,11.03611,1.572135,7.019823,11ml,M052218_023_3
024,M052218,-11.3125,-10.01928,26.4525,43.276,3,1.613183,0.987074,0.008813161,10.85813,1.663069,6.528973,46v,M052218_024_3
025,M052218,-11.375,-8.8023,26.89516,43.26,3,9.313366,0.9591657,0.09165687,6.094709,1.886651,3.230437,46v,M052218_025_3
036,M052218,-8.75,-18.75302,24.82958,40.5255,1,10.55071,0.9970623,0.002350176,15.08465,2.024715,7.450259,45,M052218_036_1
036,M052218,-8.75,-18.75302,24.82958,40.5255,3,1.816325,0.9970623,0.01292597,6.832178,1.160299,5.888288,45,M052218_036_3
042,M052218,-13.625,-10.07947,25.30743,40.6525,1,1.034314,0.9512339,0.01175088,8.939054,1.811263,4.93526,46v,M052218_042_1
042,M052218,-13.625,-10.07947,25.30743,40.6525,6,1.032938,0.9638661,0.006169213,9.924414,1.409292,7.042128,46v,M052218_042_6
042,M052218,-13.625,-10.07947,25.30743,40.6525,7,0.1111458,0.9958872,0.000293772,24.52188,2.327031,10.53784,46v,M052218_042_7
045,M052218,-8.5,-20.84365,23.25786,39.1775,3,5.181073,0.9629847,0.001762632,8.928972,1.506858,5.925556,45,M052218_045_3
045,M052218,-8.5,-20.84365,23.25786,39.1775,4,0.718417,0.976792,0.01498237,13.55949,1.919742,7.063182,45,M052218_045_4
055,M052218,-12.75,-21.09012,19.25488,37.894,4,3.262764,0.9679788,0.02643948,3.901212,1.408523,2.769718,12l,M052218_055_4
061,M052218,-17.75,-12.01405,21.27234,37.8835,2,1.493272,0.9964747,0,16.45545,1.842253,8.93224,13l,M052218_061_2
061,M052218,-17.75,-12.01405,21.27234,37.8835,3,1.543976,0.979436,0.01645123,14.12568,1.285169,10.9913,13l,M052218_061_3
061,M052218,-17.75,-12.01405,21.27234,37.8835,5,1.470718,0.9292009,0.02144536,9.278457,1.702765,5.449055,13l,M052218_061_5
065,M052218,-10,-6.3756,30.86676,37.554,3,10.75469,0.9820799,0.07814336,6.911791,1.533288,4.507822,6DR,M052218_065_3
066,M052218,-12,-21.21896,20.01924,36.503,3,0.2137398,0.9994125,0.001762632,28.01978,3.468549,8.078243,45,M052218_066_3
078,M052218,-10.4375,-20.0856,23.47694,35.25,1,2.026686,0.9532902,0.003231492,9.17891,1.386561,6.619913,45,M052218_078_1
078,M052218,-10.4375,-20.0856,23.47694,35.25,4,0.9580027,0.9823737,0.005875441,14.83579,1.702798,8.712596,45,M052218_078_4
079,M052218,-15.5,-18.5836,20.1406,35.27,1,27.58518,0.9994125,0.01968273,8.677073,1.10421,7.858169,45,M052218_079_1
080,M052218,-12.3125,-16.8848,24.2588,35.32,1,10.90216,0.9656287,0.1316099,7.0634,1.736527,4.067544,46v,M052218_080_1
080,M052218,-12.3125,-16.8848,24.2588,35.32,4,26.92689,0.9412456,0.04083431,4.390334,1.068421,4.109179,46v,M052218_080_4
090,M052218,-13.75,-20.90019,20.06564,33.9445,3,7.969469,0.9964747,0.00293772,13.09425,1.817179,7.205813,45,M052218_090_3
096,M052218,-13.625,-10.8065,26.67976,33.431,3,2.152071,0.983255,0.03495887,7.214019,1.603057,4.500163,8B,M052218_096_3
097,M052218,-14.25,-9.2935,26.5657,33.4535,3,2.951552,0.9762045,0.01292597,5.92908,1.862123,3.184043,8B,M052218_097_3
097,M052218,-14.25,-9.2935,26.5657,33.4535,4,3.04235,0.9735605,0.01968273,7.739668,1.539828,5.02632,8B,M052218_097_4
097,M052218,-14.25,-9.2935,26.5657,33.4535,6,0.108554,0.9967685,0.0005875441,24.04445,2.476929,9.70736,8B,M052218_097_6
099,M052218,-19.875,-6.36346,21.76638,32.0245,4,8.659035,0.9994125,0.00146886,9.2867,1.625665,5.712553,cd,M052218_099_4
101,M052218,-8.875,-21.7568,23.9314,32.659,1,7.448382,0.9967685,0.001762632,9.999342,1.231071,8.122476,46v,M052218_101_1
101,M052218,-8.875,-21.7568,23.9314,32.659,5,22.26395,0.9923619,0.02849589,4.806211,0.7200951,6.674411,46v,M052218_101_5
101,M052218,-8.875,-21.7568,23.9314,32.659,6,44.486,1,0.02702703,7.223627,0.6371985,11.33654,46v,M052218_101_6
101,M052218,-8.875,-21.7568,23.9314,32.659,20,0.5296474,0.9982374,0,15.18798,2.566027,5.918869,46v,M052218_101_20
104,M052218,-18.125,-14.97925,19.4662,28.005,3,16.51474,0.9985312,0.02878966,9.465315,1.057665,8.949253,6VaVb,M052218_104_3
106,M052218,-12.875,-12.48972,26.6585,28.8375,1,5.288044,1,0.001175088,31.04295,2.51596,12.33841,6DR,M052218_106_1
109,M052218,-13.625,-10.33598,26.9403,32.153,3,23.56917,0.9148061,0.07520564,4.392903,1.365307,3.217521,8B,M052218_109_3
113,M052218,-8.75,-3.77672,33.17356,30.847,3,1.768757,0.9952996,0.01057579,9.803284,1.403055,6.987096,6DR,M052218_113_3
113,M052218,-8.75,-3.77672,33.17356,30.847,4,0.6563684,0.989718,0.002643948,8.82006,1.373178,6.4231,6DR,M052218_113_4
113,M052218,-8.75,-3.77672,33.17356,30.847,7,0.3817427,0.9994125,0,26.63713,2.769934,9.616522,6DR,M052218_113_7
114,M052218,-15.5,-21.23722,18.50745,31.0395,2,0.2287432,0.9982374,0.0146886,11.79789,1.856083,6.356338,44,M052218_114_2
116,M052218,-17.125,-15.1081,20.80424,26.817,3,0.1363364,0.9979436,0.008225617,12.93107,2.272742,5.689636,6DC,M052218_116_3
117,M052218,-12.375,-14.1318,26.3021,27.462,1,12.82684,0.9976498,0.006462985,10.70549,1.582996,6.762804,6DC,M052218_117_1
119,M052218,-18.875,-11.34178,21.21112,26.462,2,0.814588,0.987074,0.0126322,8.595249,1.448897,5.932271,pu,M052218_119_2
119,M052218,-18.875,-11.34178,21.21112,26.462,3,0.678421,0.9988249,0.001762632,11.47026,1.558257,7.36096,pu,M052218_119_3
124,M052218,-20.875,-5.57679,21.23786,29.4855,4,0.0462786,0.9683258,0.001131222,21.84217,1.738018,12.56728,cd,M052218_124_4
129,M052218,-33.5625,-12.4254,6.04863,23.0635,3,0.7172453,0.9979436,0.006462985,9.793178,2.335929,4.192412,AMG,M052218_129_3
129,M052218,-33.5625,-12.4254,6.04863,23.0635,4,0.07690854,0.9921322,0.002360346,13.2605,1.913695,6.929261,AMG,M052218_129_4
133,M052218,-11.1875,-7.63392,30.4346,28.299,2,0.143895,0.9312574,0.01086957,11.22522,1.670391,6.720119,6DR,M052218_133_2
134,M052218,-10.75,-6.74825,31.0868,28.2225,3,7.485819,0.9629847,0.04171563,7.032591,1.902254,3.696978,6DR,M052218_134_3
135,M052218,-10.125,-5.53619,31.95271,27.8395,3,1.153184,0.9976498,0.005581669,11.80677,1.521767,7.758593,6DR,M052218_135_3
136,M052218,-10.625,-4.5048,31.96632,27.842,2,4.247541,0.9776734,0.03789659,9.302511,1.53692,6.052697,24c,M052218_136_2
139,M052218,-14.875,-14.36666,24.15115,24.4055,3,0.8074838,0.9950058,0.01351351,11.01078,1.643256,6.700589,6DC,M052218_139_3
144,M052218,-8.75,-7.52132,32.89796,26.5108,2,0.06594575,0.9971415,0.006193426,17.66366,1.909463,9.250592,6DC,M052218_144_2
146,M052218,-8,-5.398,34.28884,26.482,2,3.381316,0.9735605,0.007638073,5.886787,1.36292,4.319247,6DC,M052218_146_2
152,M052218,-8.5625,-10.64217,32.75012,23.7125,2,15.57473,0.9292009,0.04964747,3.577844,1.004795,3.560771,6DC,M052218_152_2
152,M052218,-8.5625,-10.64217,32.75012,23.7125,6,22.23046,0.9820799,0.07696828,6.951881,1.185656,5.863318,6DC,M052218_152_6
152,M052218,-8.5625,-10.64217,32.75012,23.7125,7,3.48877,0.989718,0.004406581,10.07856,1.406559,7.1654,6DC,M052218_152_7
155,M052218,-18.6875,-6.8004,23.4488,25.365,3,1.154642,0.9882491,0.08108108,6.912806,1.950651,3.543846,cd,M052218_155_3
156,M052218,-14.125,-5.70685,28.1944,25.29,2,10.32771,0.9788484,0.009988249,6.927933,1.660548,4.172075,24c,M052218_156_2
157,M052218,-12.625,-4.5464,29.9526,25.115,2,18.16451,0.9747356,0.1139835,6.751321,1.169854,5.771081,24c,M052218_157_2
007,M052318,-11.5,-10.0138,24.311,45.7975,4,1.944898,0.9908931,0.02379553,5.616407,1.45622,3.856841,11ml,M052318_007_4
008,M052318,-6.71875,-8.97914,29.61894,46,5,0.636751,0.9923619,0.002643948,6.047267,1.326247,4.559685,46d,M052318_008_5
008,M052318,-6.71875,-8.97914,29.61894,46,6,5.633984,0.9982374,0.000293772,16.73456,1.690258,9.900599,46d,M052318_008_6
008,M052318,-6.71875,-8.97914,29.61894,46,7,0.3370091,0.9988249,0.004994125,11.95923,1.577887,7.579273,46d,M052318_008_7
010,M052318,-7.75,-16.96932,24.73848,44.525,3,1.430234,0.9788484,0.007638073,9.024502,1.733966,5.204545,12r,M052318_010_3
011,M052318,-6.90625,-15.96754,26.51046,44.495,2,11.2978,0.9453584,0.07138661,5.987985,1.668506,3.58883,46v,M052318_011_2
013,M052318,-10.9375,-13.89058,24.157,44.39,3,3.396592,0.9712104,0.003819037,10.51559,2.157604,4.873734,11ml,M052318_013_3
013,M052318,-10.9375,-13.89058,24.157,44.39,4,2.038652,0.9712104,0.0005875441,11.46561,1.570117,7.302393,11ml,M052318_013_4
014,M052318,-11.5,-11.087,24.85525,44.4725,2,0.9490623,0.9976498,0.008225617,9.489552,1.589844,5.968859,11ml,M052318_014_2
018,M052318,-7.125,-17.85412,25.95299,43.1135,3,0.6007122,0.9979436,0.003231492,15.94931,1.776699,8.976932,12l,M052318_018_3
024,M052318,-11.3125,-10.01928,26.4525,43.276,2,2.212162,0.9720917,0.01204465,12.54401,1.384084,9.06304,46v,M052318_024_2
024,M052318,-11.3125,-10.01928,26.4525,43.276,4,6.229446,0.972973,0.08989424,6.953822,1.671653,4.159847,46v,M052318_024_4
024,M052318,-11.3125,-10.01928,26.4525,43.276,5,1.866212,0.9720917,0.02614571,9.524714,1.39331,6.836032,46v,M052318_024_5
025,M052318,-11.375,-8.8023,26.89516,43.26,2,0.7204065,0.9885429,0.0326087,9.106486,1.595369,5.708076,46v,M052318_025_2
025,M052318,-11.375,-8.8023,26.89516,43.26,4,23.39288,0.9591657,0.04905993,5.410562,1.099989,4.918742,46v,M052318_025_4
033,M052318,-14.75,-10.2111,23.7464,41.793,4,1.750159,0.9814923,0.03642773,8.951917,2.014815,4.443047,11ml,M052318_033_4
033,M052318,-14.75,-10.2111,23.7464,41.793,5,0.8344154,0.9814923,0.005287896,14.04632,1.391856,10.09179,11ml,M052318_033_5
036,M052318,-8.75,-18.75302,24.82958,40.5255,1,10.09731,0.9994125,0.004112808,13.94182,3.194883,4.363798,45,M052318_036_1
036,M052318,-8.75,-18.75302,24.82958,40.5255,2,5.248741,0.9221504,0.02643948,3.477688,0.8550867,4.067058,45,M052318_036_2
043,M052318,-16.375,-8.9741,22.9194,40.535,3,3.138373,0.9336075,0.03437133,6.552352,1.556612,4.209367,13m,M052318_043_3
043,M052318,-16.375,-8.9741,22.9194,40.535,4,8.237288,0.9955934,0.003231492,6.934196,1.204063,5.758997,13m,M052318_043_4
045,M052318,-8.5,-20.84365,23.25786,39.1775,2,0.8536962,0.9973561,0.01292597,11.17083,1.439232,7.761656,45,M052318_045_2
051,M052318,-19,-11.7202,19.8152,39.3,3,5.060776,0.9738543,0.03319624,5.338169,1.536858,3.473431,13m,M052318_051_3
054,M052318,-20.9375,-8.13881,19.19836,39.145,2,3.684067,0.9732667,0.03437133,8.042296,1.597651,5.033827,13m,M052318_054_2
061,M052318,-17.75,-12.01405,21.27234,37.8835,4,2.258309,0.9712104,0.01086957,12.00474,1.68511,7.12401,13l,M052318_061_4
061,M052318,-17.75,-12.01405,21.27234,37.8835,5,0.3197367,0.9712104,0.00146886,11.36683,2.358629,4.819252,13l,M052318_061_5
061,M052318,-17.75,-12.01405,21.27234,37.8835,6,0.2363517,0.9911869,0.002056404,15.30846,1.850452,8.272821,13l,M052318_061_6
065,M052318,-10,-6.3756,30.86676,37.554,3,9.104211,0.9885429,0.03819036,7.573689,1.884644,4.018631,6DR,M052318_065_3
066,M052318,-12.125,-21.22744,19.78936,36.498,4,3.40113,0.9882491,0.01615746,6.685383,1.64087,4.074291,45,M052318_066_4
066,M052318,-12.125,-21.22744,19.78936,36.498,5,0.3946224,0.9939074,0.001762632,13.72619,2.150753,6.382037,45,M052318_066_5
069,M052318,-18.125,-16.6364,18.17153,36.6155,3,2.135541,0.9809048,0.01527615,8.244954,1.516585,5.436526,AI,M052318_069_3
074,M052318,-23.75,-9.90964,16.85812,36.321,2,0.2973289,0.996181,0.003231492,9.755859,2.326463,4.19343,13m,M052318_074_2
078,M052318,-10.4375,-20.0856,23.47694,35.25,1,15.83548,0.9632785,0.03525265,7.856833,1.939785,4.050364,45,M052318_078_1
079,M052318,-15.5,-18.5836,20.1406,35.27,1,28.55891,0.9823737,0.1019389,6.370896,1.027442,6.200733,45,M052318_079_1
087,M052318,-21.25,-6.75232,19.982,33.16,3,1.337338,0.9756169,0.002643948,11.42396,1.752623,6.518209,cd,M052318_087_3
087,M052318,-21.25,-6.75232,19.982,33.16,4,3.758405,0.96651,0.0493537,4.932372,2.3411,2.10686,cd,M052318_087_4
087,M052318,-21.25,-6.75232,19.982,33.16,7,0.742616,0.9756169,0.006756757,12.27265,2.443075,5.023446,cd,M052318_087_7
090,M052318,-13.75,-20.90019,20.06564,33.9445,1,8.665963,0.9947121,0.001175088,13.57804,1.771491,7.664749,45,M052318_090_1
091,M052318,-15.125,-19.1687,20.17171,33.9545,2,6.705129,0.956228,0.06286722,6.746832,1.268018,5.320772,44,M052318_091_2
091,M052318,-15.125,-19.1687,20.17171,33.9545,6,9.674101,0.9973561,0.0005875441,10.54427,1.467256,7.186387,44,M052318_091_6
091,M052318,-15.125,-19.1687,20.17171,33.9545,7,1.743405,0.9991187,0.005287896,17.58089,1.893708,9.283844,44,M052318_091_7
097,M052318,-14.25,-9.2935,26.5657,33.4535,3,0.122098,0.9950058,0.009988249,10.82706,2.364992,4.578054,8B,M052318_097_3
099,M052318,-19.875,-6.36346,21.76638,32.0245,1,9.866776,0.9994125,0.0005875441,8.768847,1.591479,5.509875,cd,M052318_099_1
100,M052318,-10,-4.75862,31.63718,32.2645,3,0.7628546,0.9994125,0.003231492,11.55807,1.755118,6.585352,6DR,M052318_100_3
101,M052318,-8.875,-21.7568,23.9314,32.659,1,39.70067,0.9926557,0.01792009,8.016231,0.6414418,12.49721,46v,M052318_101_1
101,M052318,-8.875,-21.7568,23.9314,32.659,2,21.00389,0.9926557,0.009694478,5.877881,0.6740828,8.71982,46v,M052318_101_2
101,M052318,-8.875,-21.7568,23.9314,32.659,3,7.181331,0.9879553,0.003525264,9.673459,1.186817,8.150761,46v,M052318_101_3
101,M052318,-8.875,-21.7568,23.9314,32.659,5,9.668412,0.9987684,0.0619859,3.655552,0.4700205,7.77743,46v,M052318_101_5
104,M052318,-18.125,-14.97925,19.4662,28.005,1,16.53907,0.9829612,0.03407755,7.832562,1.067749,7.335583,6VaVb,M052318_104_1
106,M052318,-12.875,-12.48972,26.6585,28.8375,1,7.090492,1,0.001175088,28.89577,2.353719,12.27665,6DR,M052318_106_1
106,M052318,-12.875,-12.48972,26.6585,28.8375,2,0.3713863,1,0.07814336,3.646769,0.8930666,4.083424,6DR,M052318_106_2
109,M052318,-13.625,-10.33598,26.9403,32.153,3,12.54149,0.9888366,0.01321974,6.839968,1.240234,5.515064,8B,M052318_109_3
113,M052318,-8.75,-3.77672,33.17356,30.847,3,1.346559,0.9759107,0.03936545,9.109812,1.599978,5.693709,6DR,M052318_113_3
113,M052318,-8.75,-3.77672,33.17356,30.847,4,0.3507003,0.9759107,0.0005875441,14.8651,2.554879,5.818319,6DR,M052318_113_4
113,M052318,-8.75,-3.77672,33.17356,30.847,5,0.2948324,1,0,26.51244,2.549632,10.39853,6DR,M052318_113_5
113,M052318,-8.75,-3.77672,33.17356,30.847,6,1.311732,0.9903055,0.008813161,11.10145,1.301427,8.530215,6DR,M052318_113_6
116,M052318,-17.375,-15.08865,20.40546,26.757,3,1.078424,0.9972785,0.003525264,17.30935,1.660787,10.42238,6DC,M052318_116_3
116,M052318,-17.375,-15.08865,20.40546,26.757,4,0.07656442,0.9972785,0.002419111,19.15002,2.040479,9.385058,6DC,M052318_116_4
117,M052318,-12.375,-14.1318,26.3021,27.462,1,16.48401,1,0.001175088,11.73002,1.732512,6.770526,6DC,M052318_117_1
117,M052318,-12.375,-14.1318,26.3021,27.462,4,3.227622,0.9988249,0.03701528,5.21924,1.257695,4.149846,6DC,M052318_117_4
118,M052318,-18.875,-12.57628,20.51886,26.462,3,6.440262,0.9485899,0.01909518,8.522296,2.058523,4.140004,pu,M052318_118_3
118,M052318,-18.875,-12.57628,20.51886,26.462,4,4.922331,0.9952996,0.005875441,8.53009,1.401252,6.087478,pu,M052318_118_4
119,M052318,-18.875,-11.34178,21.21112,26.462,5,0.6692605,0.9938308,0.009694478,10.15152,1.378901,7.362035,pu,M052318_119_5
125,M052318,-10.75,-3.9925,31.3086,29.5655,4,0.6740509,0.9988249,0.0005875441,14.89418,2.149725,6.928413,24c,M052318_125_4
128,M052318,-13.375,-14.17613,25.16893,25.9385,2,3.314792,0.985899,0.002350176,11.07272,1.681137,6.58645,6DC,M052318_128_2
128,M052318,-13.375,-14.17613,25.16893,25.9385,3,0.4452531,0.9938308,0.00293772,17.97491,1.708647,10.51996,6DC,M052318_128_3
133,M052318,-11.1875,-7.63392,30.4346,28.299,4,0.1272474,0.9676851,0,16.29686,1.748101,9.322607,6DR,M052318_133_4
134,M052318,-11,-6.7588,30.77748,28.22,5,2.312372,0.9847239,0.03495887,7.830972,1.574805,4.972661,6DR,M052318_134_5
135,M052318,-10.125,-5.53619,31.95271,27.8395,4,1.372075,0.9985312,0.00293772,10.446,1.595107,6.548779,6DR,M052318_135_4
136,M052318,-10.875,-4.5285,31.6573,27.8445,7,3.055325,0.9864865,0.03495887,8.574731,1.764611,4.859276,24c,M052318_136_7
136,M052318,-10.875,-4.5285,31.6573,27.8445,8,7.061639,0.9955934,0.005287896,4.847694,1.122364,4.319182,24c,M052318_136_8
139,M052318,-14.875,-14.36666,24.15115,24.4055,4,1.680202,0.9932432,0.008225617,9.553719,1.471885,6.490805,6DC,M052318_139_4
140,M052318,-12.75,-13.11339,26.97553,24.643,7,1.335449,0.979436,0,23.209,3.170928,7.319309,6DC,M052318_140_7
140,M052318,-12.75,-13.11339,26.97553,24.643,8,0.1592594,0.9814923,0.005581669,11.8167,1.836077,6.43584,6DC,M052318_140_8
144,M052318,-8.75,-7.52132,32.89796,26.5108,5,0.9000103,0.9947121,0.01733255,9.548126,2.09718,4.552841,6DC,M052318_144_5
146,M052318,-8,-5.398,34.28884,26.482,2,7.957617,0.8069918,0.1668625,6.166232,1.279392,4.819657,6DC,M052318_146_2
146,M052318,-8,-5.398,34.28884,26.482,4,8.648678,0.9626909,0.04171563,8.810975,2.059876,4.27743,6DC,M052318_146_4
147,M052318,-8,-4.267,34.59034,26.482,1,39.9622,0.9973561,0.04230317,7.253083,1.117851,6.48842,6DC,M052318_147_1
147,M052318,-8,-4.267,34.59034,26.482,2,11.90032,0.9973561,0.05141011,3.59017,0.6824042,5.261061,6DC,M052318_147_2
152,M052318,-8.5625,-10.64217,32.75012,23.7125,2,18.37552,0.9250881,0.1357227,6.062554,1.118849,5.418564,6DC,M052318_152_2
152,M052318,-8.5625,-10.64217,32.75012,23.7125,4,7.405226,0.9800235,0.01556992,8.180925,1.230699,6.647383,6DC,M052318_152_4
155,M052318,-18.6875,-6.8004,23.4488,25.365,3,0.6606753,0.9988249,0.01204465,15.19731,1.69574,8.962052,cd,M052318_155_3
155,M052318,-18.6875,-6.8004,23.4488,25.365,5,0.4191852,0.9547591,0.01028202,10.60595,1.80609,5.872325,cd,M052318_155_5
157,M052318,-12.625,-4.5464,29.9526,25.115,1,19.05434,0.9829612,0.1621622,6.652208,1.121783,5.930033,24c,M052318_157_1
003,M052418,-7.15625,-14.56349,25.36068,45.8425,3,2.738896,0.93302,0.03319624,10.53834,1.542281,6.832958,12r,M052418_003_3
005,M052418,-9.5625,-12.00996,25.0392,45.775,2,1.808373,0.9864865,0.001175088,12.52626,1.842029,6.800251,11ml,M052418_005_2
006,M052418,-11.53125,-10.70556,23.83528,45.745,3,0.7918909,0.9579906,0.05199765,8.303482,1.295095,6.411486,11ml,M052418_006_3
006,M052418,-11.53125,-10.70556,23.83528,45.745,5,24.88223,0.9985312,0.009106933,9.451306,1.15739,8.166049,11ml,M052418_006_5
008,M052418,-6.71875,-8.97914,29.61894,46,2,0.642682,0.9923619,0.03319624,8.69489,1.890473,4.59932,46d,M052418_008_2
008,M052418,-6.71875,-8.97914,29.61894,46,4,3.23004,0.9521152,0.02555817,14.11119,1.361493,10.36449,46d,M052418_008_4
010,M052418,-7.75,-16.96932,24.73848,44.525,3,1.559963,0.9882491,0.00293772,6.95401,2.145634,3.241005,12r,M052418_010_3
011,M052418,-6.90625,-15.96754,26.51046,44.495,3,1.489387,0.9864865,0.02320799,8.6927,1.633347,5.322017,46v,M052418_011_3
013,M052418,-10.9375,-13.89058,24.157,44.39,3,1.900644,0.9468272,0.001175088,9.960719,1.346851,7.395561,11ml,M052418_013_3
013,M052418,-10.9375,-13.89058,24.157,44.39,4,2.662475,0.9468272,0.02115159,11.25543,1.292449,8.708609,11ml,M052418_013_4
014,M052418,-11.5,-11.087,24.85525,44.4725,3,1.215419,0.9979436,0.04994125,9.915249,1.594023,6.220269,11ml,M052418_014_3
017,M052418,-7.75,-18.952,24.03174,42.911,3,23.07425,0.9521152,0.03554641,4.710295,1.083089,4.348947,12l,M052418_017_3
017,M052418,-7.75,-18.952,24.03174,42.911,4,0.5071569,0.9967685,0.005287896,11.44018,2.314082,4.943724,12l,M052418_017_4
018,M052418,-7.125,-17.85412,25.95299,43.1135,3,6.555813,0.9538778,0.03877791,7.966496,2.005585,3.972156,12l,M052418_018_3
023,M052418,-12.8125,-11.38307,24.61032,43.1885,3,1.149429,0.9900118,0.008519389,12.18097,1.998714,6.094404,11ml,M052418_023_3
024,M052418,-11.3125,-10.01928,26.4525,43.276,3,1.851456,0.9715041,0.01586369,11.64558,1.438467,8.095827,46v,M052418_024_3
026,M052418,-8,-19.319,24.2764,41.715,3,1.872422,0.9841363,0.007931845,8.8335,1.900134,4.648883,45,M052418_026_3
036,M052418,-8.75,-18.75302,24.82958,40.5255,1,6.813158,1,0,23.48352,2.906064,8.08087,45,M052418_036_1
043,M052418,-16.375,-8.9741,22.9194,40.535,2,11.89214,0.9970623,0.003525264,7.671926,1.276431,6.010449,13m,M052418_043_2
055,M052418,-13.5,-21.11304,18.59296,37.879,3,1.633783,0.9891304,0.01028202,7.242663,2.552336,2.83766,12l,M052418_055_3
061,M052418,-17.75,-12.01405,21.27234,37.8835,2,6.838236,0.9447709,0.01380729,7.261887,1.61603,4.493659,13l,M052418_061_2
061,M052418,-17.75,-12.01405,21.27234,37.8835,4,1.717264,0.9991187,0,18.65173,1.719281,10.84856,13l,M052418_061_4
065,M052418,-10,-6.3756,30.86676,37.554,2,11.89141,0.9803173,0.02115159,8.620713,2.074748,4.155066,6DR,M052418_065_2
065,M052418,-10,-6.3756,30.86676,37.554,5,3.187844,0.9770858,0.01204465,3.870532,1.271526,3.044007,6DR,M052418_065_5
066,M052418,-12.125,-21.22744,19.78936,36.498,2,0.3504196,0.9726792,0.03378378,8.302802,2.877361,2.885561,45,M052418_066_2
069,M052418,-18.375,-16.6364,18.17153,36.6155,3,2.138512,0.9976498,0,23.20992,2.571089,9.027271,AI,M052418_069_3
072,M052418,-13.3125,-12.00253,26.10165,36.2385,3,6.887095,0.9597532,0.01850764,7.56721,1.541535,4.908879,46d,M052418_072_3
078,M052418,-10.4375,-20.0856,23.47694,35.25,3,3.729721,0.9609283,0.01175088,8.686183,1.456255,5.964742,45,M052418_078_3
078,M052418,-10.4375,-20.0856,23.47694,35.25,4,2.302887,0.9917744,0.02291422,10.4735,1.805861,5.799724,45,M052418_078_4
087,M052418,-21.375,-6.75232,19.982,33.16,3,0.1956497,0.9970623,0.0005875441,17.10046,4.627417,3.695466,cd,M052418_087_3
090,M052418,-13.75,-20.90019,20.06564,33.9445,2,8.627835,0.9985312,0.007931845,14.71421,1.762075,8.350502,45,M052418_090_2
090,M052418,-13.75,-20.90019,20.06564,33.9445,5,8.141396,0.9606345,0.07638073,6.878679,1.343578,5.119673,45,M052418_090_5
091,M052418,-15.125,-19.1687,20.17171,33.9545,2,3.714916,0.9153937,0.04142186,7.162997,1.189932,6.019667,44,M052418_091_2
091,M052418,-15.125,-19.1687,20.17171,33.9545,5,6.372414,0.9982374,0.004112808,7.995129,1.288058,6.207119,44,M052418_091_5
091,M052418,-15.125,-19.1687,20.17171,33.9545,6,2.042407,1,0.003231492,19.75729,1.874379,10.54071,44,M052418_091_6
097,M052418,-14.5,-9.3048,26.25196,33.461,3,9.295753,0.9412456,0.09430082,5.693627,1.377342,4.13378,8B,M052418_097_3
097,M052418,-14.5,-9.3048,26.25196,33.461,4,0.4231904,0.9932432,0.005875441,12.9228,2.782173,4.644857,8B,M052418_097_4
099,M052418,-19.875,-6.36346,21.76638,32.0245,6,7.066474,0.9994125,0.002350176,7.264895,1.576126,4.609337,cd,M052418_099_6
101,M052418,-8.875,-21.7568,23.9314,32.659,1,0.1719677,0.972973,0,9.012654,2.340268,3.851121,46v,M052418_101_1
101,M052418,-8.875,-21.7568,23.9314,32.659,9,0.2246286,0.8748531,0.007931845,8.146454,1.844171,4.417408,46v,M052418_101_9
101,M052418,-8.875,-21.7568,23.9314,32.659,18,20.68744,0.9990762,0.01145711,4.652443,0.5687243,8.18049,46v,M052418_101_18
104,M052418,-18.125,-14.97925,19.4662,28.005,1,15.91329,0.9309636,0.02967098,6.854418,1.281776,5.347594,6VaVb,M052418_104_1
104,M052418,-18.125,-14.97925,19.4662,28.005,3,19.09623,0.970329,0.1321974,6.832086,1.168592,5.846427,6VaVb,M052418_104_3
106,M052418,-12.875,-12.48972,26.6585,28.8375,1,7.935248,1,0.002056404,22.48971,1.680508,13.38269,6DR,M052418_106_1
109,M052418,-13.875,-10.36017,26.61745,32.1655,3,1.210504,0.9967685,0.009400705,10.31129,2.547307,4.047917,8B,M052418_109_3
113,M052418,-8.75,-3.77672,33.17356,30.847,3,0.2773457,0.9905993,0.00293772,19.08403,2.714434,7.030575,6DR,M052418_113_3
113,M052418,-8.75,-3.77672,33.17356,30.847,4,1.494629,0.9905993,0.002643948,9.933978,1.520523,6.533263,6DR,M052418_113_4
117,M052418,-12.375,-14.1318,26.3021,27.462,1,17.6598,0.9468272,0.09753232,7.416233,1.135414,6.531745,6DC,M052418_117_1
119,M052418,-19.125,-11.33521,20.80684,26.3995,3,1.557376,0.9847239,0.04024677,8.788961,1.535373,5.724318,pu,M052418_119_3
119,M052418,-19.125,-11.33521,20.80684,26.3995,4,0.04699506,1,0.002467613,24.11501,3.788001,6.366157,pu,M052418_119_4
128,M052418,-13.375,-14.17613,25.16893,25.9385,3,11.21494,0.9753231,0.04259694,4.530431,1.184824,3.823718,6DC,M052418_128_3
133,M052418,-11.1875,-7.63392,30.4346,28.299,2,0.2160461,0.9353701,0.001175088,14.48515,3.967945,3.650543,6DR,M052418_133_2
134,M052418,-11,-6.7588,30.77748,28.22,3,0.596302,0.9958872,0.004112808,13.04194,2.344131,5.563658,6DR,M052418_134_3
135,M052418,-10.125,-5.53619,31.95271,27.8395,3,2.048553,0.9885429,0.01057579,8.31227,1.992995,4.170743,6DR,M052418_135_3
136,M052418,-10.875,-4.5285,31.6573,27.8445,1,1.320019,0.9982374,0.002643948,3.566707,0.9783463,3.645648,24c,M052418_136_1
136,M052418,-10.875,-4.5285,31.6573,27.8445,2,1.952531,0.9917744,0.008225617,7.111624,1.026874,6.92551,24c,M052418_136_2
136,M052418,-10.875,-4.5285,31.6573,27.8445,3,20.30921,0.9941245,0.02673326,9.6323,1.659081,5.805803,24c,M052418_136_3
136,M052418,-10.875,-4.5285,31.6573,27.8445,7,5.038338,0.9735605,0.008225617,3.994862,0.8679308,4.602743,24c,M052418_136_7
144,M052418,-8.75,-7.52132,32.89796,26.5108,3,0.5958914,0.9976498,0.007050529,14.82415,2.375483,6.240477,6DC,M052418_144_3
146,M052418,-8,-5.398,34.28884,26.482,3,9.140533,0.972973,0.03525265,6.232235,1.017879,6.122765,6DC,M052418_146_3
146,M052418,-8,-5.398,34.28884,26.482,4,6.419903,0.9929495,0.02408931,8.657958,1.552033,5.578462,6DC,M052418_146_4
147,M052418,-8,-4.267,34.59034,26.482,1,36.78402,0.9964747,0.01645123,7.590163,1.198852,6.331192,6DC,M052418_147_1
147,M052418,-8,-4.267,34.59034,26.482,2,11.62014,0.9934509,0.03525265,3.600455,0.6356981,5.663782,6DC,M052418_147_2
150,M052418,-15.25,-13.1887,24.74602,22.915,3,0.4281565,0.9970623,0.006756757,8.905735,3.595752,2.476738,6DC,M052418_150_3
152,M052418,-8.5625,-10.64217,32.75012,23.7125,2,10.3393,0.974148,0.004406581,5.966524,1.20731,4.941999,6DC,M052418_152_2
152,M052418,-8.5625,-10.64217,32.75012,23.7125,5,31.44199,0.9568155,0.1101645,5.94472,1.368659,4.343462,6DC,M052418_152_5
157,M052418,-12.625,-4.5464,29.9526,25.115,2,21.27567,0.9468272,0.2247356,6.042833,1.110588,5.441111,24c,M052418_157_2
003,M052518,-7.15625,-14.56349,25.36068,45.8425,1,4.059876,0.9239131,0.01351351,9.642167,1.810158,5.3267,12r,M052518_003_1
004,M052518,-8.875,-13.49196,24.64044,45.82,3,6.626374,0.96651,0.06815511,6.244314,1.522344,4.101777,11ml,M052518_004_3
005,M052518,-9.5625,-12.00996,25.0392,45.775,3,3.275393,0.9929495,0.004994125,11.13762,1.757741,6.336326,11ml,M052518_005_3
006,M052518,-11.53125,-10.70556,23.83528,45.745,1,4.298564,0.9541715,0.01703878,5.673363,1.269825,4.467832,11ml,M052518_006_1
006,M052518,-11.53125,-10.70556,23.83528,45.745,2,0.6591317,0.9850176,0.04024677,9.669926,1.447961,6.678306,11ml,M052518_006_2
006,M052518,-11.53125,-10.70556,23.83528,45.745,6,28.90891,1,0.01086957,9.479452,1.119214,8.469744,11ml,M052518_006_6
007,M052518,-11.6875,-10.01532,24.1336,45.79,3,1.648947,0.993537,0.01145711,5.408707,1.142909,4.732403,11ml,M052518_007_3
008,M052518,-6.71875,-8.97914,29.61894,46,3,0.3960375,0.9638661,0.05992949,6.405134,1.664988,3.846954,46d,M052518_008_3
010,M052518,-7.75,-16.96932,24.73848,44.525,3,2.050973,0.9967685,0.004112808,9.000258,1.576431,5.709264,12r,M052518_010_3
011,M052518,-6.90625,-15.96754,26.51046,44.495,3,1.736013,0.9914806,0.01762632,11.09182,2.112958,5.249427,46v,M052518_011_3
013,M052518,-10.9375,-13.89058,24.157,44.39,1,2.874263,0.9776734,0.005287896,13.86225,1.939533,7.147208,11ml,M052518_013_1
013,M052518,-10.9375,-13.89058,24.157,44.39,4,1.321262,0.947121,0.008813161,11.18153,1.224547,9.131156,11ml,M052518_013_4
014,M052518,-11.5,-11.087,24.85525,44.4725,3,1.791846,0.9985312,0.1733255,10.08613,1.281185,7.872499,11ml,M052518_014_3
017,M052518,-7.75,-18.952,24.03174,42.911,2,27.54161,0.9632785,0.01850764,5.134715,1.025003,5.009461,12l,M052518_017_2
017,M052518,-7.75,-18.952,24.03174,42.911,4,5.062241,0.9879553,0.07608695,9.209086,1.551646,5.935045,12l,M052518_017_4
018,M052518,-7.125,-17.85412,25.95299,43.1135,3,1.043106,1,0.001175088,17.59445,1.98975,8.842546,12l,M052518_018_3
023,M052518,-12.8125,-11.38307,24.61032,43.1885,3,1.109023,0.9952996,0.005287896,11.77146,1.475373,7.978635,11ml,M052518_023_3
024,M052518,-11.3125,-10.01928,26.4525,43.276,4,2.219592,0.996181,0.05875441,11.01621,1.363825,8.077435,46v,M052518_024_4
024,M052518,-11.3125,-10.01928,26.4525,43.276,5,1.341748,0.9829612,0.01145711,7.336979,1.186261,6.18496,46v,M052518_024_5
025,M052518,-11.375,-8.8023,26.89516,43.26,3,1.110927,0.9967685,0.007344301,10.40212,1.643283,6.330081,46v,M052518_025_3
026,M052518,-8,-19.319,24.2764,41.715,3,0.6319245,0.9976498,0.007050529,14.44352,1.695226,8.520118,45,M052518_026_3
036,M052518,-8.75,-18.75302,24.82958,40.5255,3,5.716986,0.993537,0.05199765,7.409766,2.364393,3.133898,45,M052518_036_3
042,M052518,-15.375,-10.15878,23.68882,40.635,1,11.99349,0.9662162,0.01527615,5.188684,1.229504,4.220143,13l,M052518_042_1
042,M052518,-15.375,-10.15878,23.68882,40.635,4,4.060058,0.9826674,0.007931845,9.351108,1.74456,5.360153,13l,M052518_042_4
043,M052518,-16.375,-8.9741,22.9194,40.535,3,7.054338,0.9782609,0.01321974,5.871861,1.07486,5.462906,13m,M052518_043_3
045,M052518,-8.5,-20.84365,23.25786,39.1775,3,3.724308,0.9465335,0.01204465,9.639345,1.530728,6.297228,45,M052518_045_3
045,M052518,-8.5,-20.84365,23.25786,39.1775,6,14.40921,0.9641598,0.009988249,5.960294,1.600307,3.724469,45,M052518_045_6
054,M052518,-20.9375,-8.13881,19.19836,39.145,3,2.88248,0.985899,0.06286722,8.229437,1.347272,6.108221,13m,M052518_054_3
061,M052518,-17.75,-12.01405,21.27234,37.8835,3,1.230499,0.985899,0.007931845,12.15853,1.669217,7.28397,13l,M052518_061_3
061,M052518,-17.75,-12.01405,21.27234,37.8835,4,1.533141,0.9917744,0.003819037,16.79793,2.145405,7.829724,13l,M052518_061_4
065,M052518,-10,-6.3756,30.86676,37.554,2,11.29651,0.9955934,0.04347826,8.362381,2.180024,3.835912,6DR,M052518_065_2
066,M052518,-12.125,-21.22744,19.78936,36.498,2,7.026361,1,0,13.04296,1.52688,8.54223,45,M052518_066_2
078,M052518,-10.4375,-20.0856,23.47694,35.25,3,4.408149,0.9958872,0.009694478,11.20249,1.423246,7.87109,45,M052518_078_3
090,M052518,-13.75,-20.90019,20.06564,33.9445,2,8.876888,0.9574031,0.1692127,6.510361,1.28053,5.084115,45,M052518_090_2
090,M052518,-13.75,-20.90019,20.06564,33.9445,4,8.718666,0.9988249,0.0008813161,15.06023,1.703761,8.839402,45,M052518_090_4
091,M052518,-15.125,-19.1687,20.17171,33.9545,1,5.414207,0.9532902,0.06580494,6.18706,1.206544,5.12792,44,M052518_091_1
091,M052518,-15.125,-19.1687,20.17171,33.9545,2,1.55876,0.9803173,0.003819037,8.266922,1.163772,7.103558,44,M052518_091_2
091,M052518,-15.125,-19.1687,20.17171,33.9545,6,6.588873,0.9861927,0.009400705,5.935798,1.164806,5.095953,44,M052518_091_6
091,M052518,-15.125,-19.1687,20.17171,33.9545,7,2.112345,0.9920682,0.007638073,14.35269,1.743987,8.229813,44,M052518_091_7
097,M052518,-14.5,-9.3048,26.25196,33.461,3,2.309487,0.9823737,0.01028202,9.703774,2.101296,4.617994,8B,M052518_097_3
099,M052518,-19.875,-6.36346,21.76638,32.0245,4,6.927848,0.9979436,0.0005875441,7.149724,1.383552,5.167659,cd,M052518_099_4
101,M052518,-8.875,-21.7568,23.9314,32.659,1,14.18704,0.9988249,0.07784959,3.420718,0.7801453,4.384719,46v,M052518_101_1
101,M052518,-8.875,-21.7568,23.9314,32.659,2,1.096511,0.9803173,0.0005875441,11.63611,2.262678,5.14263,46v,M052518_101_2
101,M052518,-8.875,-21.7568,23.9314,32.659,3,43.97148,0.9988249,0.04318449,7.234504,0.7938331,9.113381,46v,M052518_101_3
104,M052518,-18.125,-14.97925,19.4662,28.005,2,26.24391,0.9268507,0.0913631,4.411589,1.068246,4.12975,6VaVb,M052518_104_2
106,M052518,-12.875,-12.48972,26.6585,28.8375,4,7.884367,0.9964747,0.05728555,8.297487,1.192873,6.955887,6DR,M052518_106_4
109,M052518,-13.875,-10.36017,26.61745,32.1655,3,1.162727,0.9955934,0.008813161,9.010056,2.185047,4.123506,8B,M052518_109_3
113,M052518,-8.75,-3.77672,33.17356,30.847,3,0.2488651,0.9903055,0.01439483,8.589592,1.714001,5.011428,6DR,M052518_113_3
113,M052518,-8.75,-3.77672,33.17356,30.847,4,2.556779,0.9920675,0.005287896,9.523717,1.754683,5.4276,6DR,M052518_113_4
113,M052518,-8.75,-3.77672,33.17356,30.847,6,0.1020702,0.9981238,0.0006253909,20.23502,2.491603,8.121286,6DR,M052518_113_6
116,M052518,-17.375,-15.08865,20.40546,26.757,3,0.08843586,0.9963873,0.00433526,13.83321,1.912635,7.232541,6DC,M052518_116_3
117,M052518,-12.375,-14.1318,26.3021,27.462,1,28.17722,0.9985312,0.005581669,10.79022,1.241024,8.694607,6DC,M052518_117_1
117,M052518,-12.375,-14.1318,26.3021,27.462,3,12.34326,0.9967574,0.009988249,5.594096,0.905741,6.176264,6DC,M052518_117_3
117,M052518,-12.375,-14.1318,26.3021,27.462,5,9.53892,0.9803173,0.09430082,4.004104,1.093434,3.661952,6DC,M052518_117_5
117,M052518,-12.375,-14.1318,26.3021,27.462,10,0.2403944,0.972973,0.05581669,5.213824,1.130746,4.610957,6DC,M052518_117_10
124,M052518,-21.125,-5.59016,20.92844,29.483,3,0.03216187,1,0.0008410429,9.109531,2.018009,4.514117,cd,M052518_124_3
128,M052518,-13.375,-14.17613,25.16893,25.9385,4,2.671945,0.9388954,0.01292597,4.663243,1.281032,3.640225,6DC,M052518_128_4
128,M052518,-13.375,-14.17613,25.16893,25.9385,7,1.106739,0.9952996,0.08695652,10.34984,1.576658,6.564417,6DC,M052518_128_7
129,M052518,-33.8125,-12.4152,5.65024,23.006,2,17.90955,0.9356639,0.2015276,5.595119,1.689765,3.311181,AMG,M052518_129_2
133,M052518,-11.1875,-7.63392,30.4346,28.299,1,3.608627,0.9706228,0.04670975,6.608917,1.525495,4.33231,6DR,M052518_133_1
133,M052518,-11.1875,-7.63392,30.4346,28.299,4,9.889459,0.9644536,0.03172738,6.156296,1.419385,4.337299,6DR,M052518_133_4
134,M052518,-11,-6.7588,30.77748,28.22,2,3.600255,0.9785547,0.08783784,6.628411,1.732509,3.825902,6DR,M052518_134_2
134,M052518,-11,-6.7588,30.77748,28.22,3,0.6691477,0.9903063,0.0005875441,12.12288,1.449945,8.360921,6DR,M052518_134_3
135,M052518,-10.125,-5.53619,31.95271,27.8395,3,2.056511,0.9867803,0.008519389,8.870322,1.9115,4.640504,6DR,M052518_135_3
136,M052518,-10.875,-4.5285,31.6573,27.8445,1,21.03189,1,0.05787309,10.21781,0.9390875,10.88057,24c,M052518_136_1
136,M052518,-10.875,-4.5285,31.6573,27.8445,3,1.087291,0.9850176,0.01145711,5.227315,0.923335,5.661342,24c,M052518_136_3
138,M052518,-10.5,-15.85224,27.51022,25.168,3,0.338801,0.9994125,0.02702703,13.55074,1.320821,10.25933,6DC,M052518_138_3
144,M052518,-8.75,-7.52132,32.89796,26.5108,3,0.4148954,0.9976498,0.007638073,12.85361,1.800126,7.140391,6DC,M052518_144_3
146,M052518,-8,-5.398,34.28884,26.482,2,10.3933,0.9885429,0.004406581,12.56233,1.366829,9.190855,6DC,M052518_146_2
146,M052518,-8,-5.398,34.28884,26.482,3,10.45766,0.9415393,0.02908343,5.187164,1.111966,4.664857,6DC,M052518_146_3
146,M052518,-8,-5.398,34.28884,26.482,4,9.113824,0.9735605,0.09958872,4.813581,1.167102,4.124389,6DC,M052518_146_4
146,M052518,-8,-5.398,34.28884,26.482,6,1.87334,0.9885429,0.01233843,9.612743,1.253958,7.66592,6DC,M052518_146_6
147,M052518,-8,-4.267,34.59034,26.482,1,37.39895,0.9982374,0.01850764,7.960457,1.018511,7.81578,6DC,M052518_147_1
147,M052518,-8,-4.267,34.59034,26.482,2,4.62808,0.9118684,0.02467685,3.33145,0.5895895,5.650457,6DC,M052518_147_2
150,M052518,-15.375,-13.1887,24.74602,22.915,1,0.2676332,1,0,20.57978,1.518937,13.54881,6DC,M052518_150_1
152,M052518,-8.5625,-10.64217,32.75012,23.7125,3,0.491122,0.996181,0.02702703,10.31736,1.260885,8.182632,6DC,M052518_152_3
152,M052518,-8.5625,-10.64217,32.75012,23.7125,4,0.3329462,0.9970623,0.007638073,15.81078,1.515925,10.42979,6DC,M052518_152_4
156,M052518,-15.125,-5.74564,27.25756,25.305,3,0.3737555,0.9964747,0.002643948,7.075486,1.511452,4.68125,24c,M052518_156_3
156,M052518,-15.125,-5.74564,27.25756,25.305,4,1.043737,0.9644536,0.004700352,13.07299,2.583642,5.059908,24c,M052518_156_4
157,M052518,-12.75,-4.56426,29.63909,25.1225,2,19.76649,0.9518214,0.1154524,6.234624,1.196601,5.210277,24c,M052518_157_2
157,M052518,-12.75,-4.56426,29.63909,25.1225,3,8.318737,0.9679788,0.01703878,4.378681,1.03021,4.250278,24c,M052518_157_3
003,M052918,-7.15625,-14.56349,25.36068,45.8425,1,1.378153,0.9259694,0.03172738,9.502815,1.393348,6.820131,12r,M052918_003_1
005,M052918,-9.5625,-12.00996,25.0392,45.775,2,4.071671,0.983255,0.007050529,9.327636,1.872566,4.981205,11ml,M052918_005_2
006,M052918,-11.53125,-10.70556,23.83528,45.745,3,15.69262,0.9941245,0.003525264,8.076906,1.130681,7.143399,11ml,M052918_006_3
008,M052918,-6.71875,-8.97914,29.61894,46,3,0.2417488,0.9988249,0.002350176,18.12239,1.609156,11.26205,46d,M052918_008_3
010,M052918,-7.75,-16.96932,24.73848,44.525,1,2.563108,0.9474148,0.03084606,8.859586,1.536201,5.767206,12r,M052918_010_1
012,M052918,-9.84375,-14.95332,24.30012,44.375,3,3.150281,0.9888366,0.06022327,10.07762,1.800361,5.597554,12r,M052918_012_3
013,M052918,-10.9375,-13.89058,24.157,44.39,3,3.468071,0.9882491,0.02908343,11.13461,1.938826,5.742966,11ml,M052918_013_3
017,M052918,-7.75,-18.952,24.03174,42.911,2,2.468787,0.9653349,0.0146886,8.521976,1.729373,4.927783,12l,M052918_017_2
017,M052918,-7.75,-18.952,24.03174,42.911,6,1.865779,0.9723854,0.007344301,7.388552,1.239945,5.958773,12l,M052918_017_6
018,M052918,-7.125,-17.85412,25.95299,43.1135,3,2.053697,0.9867803,0.02908343,8.496754,2.024462,4.197043,12l,M052918_018_3
023,M052918,-12.8125,-11.38307,24.61032,43.1885,1,2.925931,0.9644536,0.01028202,8.103092,1.41768,5.715741,11ml,M052918_023_1
023,M052918,-12.8125,-11.38307,24.61032,43.1885,5,1.647361,0.979436,0.01880141,9.256876,1.847349,5.010899,11ml,M052918_023_5
024,M052918,-11.375,-10.01928,26.4525,43.276,4,8.318663,0.9653349,0.1292597,7.456482,1.445585,5.158107,46v,M052918_024_4
025,M052918,-11.375,-8.8023,26.89516,43.26,2,1.780155,0.9850176,0.05052879,6.617805,2.422225,2.732118,46v,M052918_025_2
025,M052918,-11.375,-8.8023,26.89516,43.26,5,1.410139,0.9764982,0.0146886,9.795692,2.663327,3.677991,46v,M052918_025_5
033,M052918,-14.8125,-10.22163,23.53662,41.788,3,2.058252,0.9823737,0.07138661,8.550753,1.504965,5.681694,11ml,M052918_033_3
036,M052918,-9.25,-18.76298,24.47042,40.5105,1,3.096298,0.9579906,0.03172738,10.53372,1.915367,5.499583,45,M052918_036_1
036,M052918,-9.25,-18.76298,24.47042,40.5105,4,5.401115,0.9579906,0.07638073,7.353299,2.03914,3.606078,45,M052918_036_4
039,M052918,-13.0625,-14.64446,24.01798,40.563,2,6.421751,0.9838426,0.01733255,8.897842,1.752041,5.078557,13l,M052918_039_2
045,M052918,-8.5,-20.84365,23.25786,39.1775,2,8.171711,0.979436,0.007344301,7.64846,1.632332,4.685605,45,M052918_045_2
045,M052918,-8.5,-20.84365,23.25786,39.1775,4,3.344329,0.974148,0.009988249,10.29169,1.508331,6.823227,45,M052918_045_4
045,M052918,-8.5,-20.84365,23.25786,39.1775,5,2.130314,0.974148,0.0146886,14.18367,2.26462,6.263159,45,M052918_045_5
054,M052918,-20.9375,-8.13881,19.19836,39.145,3,17.31008,0.9374266,0.1398355,5.714824,1.641816,3.480795,13m,M052918_054_3
061,M052918,-17.75,-12.01405,21.27234,37.8835,3,0.630062,0.9850176,0.004406581,12.06218,1.626641,7.41539,13l,M052918_061_3
072,M052918,-13.3125,-12.00253,26.10165,36.2385,1,1.259876,0.9579906,0.005287896,16.52712,1.811078,9.125569,46d,M052918_072_1
072,M052918,-13.3125,-12.00253,26.10165,36.2385,4,4.573425,0.9856052,0.01938896,8.411612,1.598039,5.263709,46d,M052918_072_4
076,M052918,-21.1875,-7.28224,19.87116,34.425,2,1.275462,0.9823737,0.03525265,6.439384,2.066683,3.115806,cd,M052918_076_2
078,M052918,-10.4375,-20.0856,23.47694,35.25,3,0.455248,0.9958872,0.01057579,12.74097,1.830469,6.960497,45,M052918_078_3
080,M052918,-12.8125,-16.89767,23.94867,35.3175,3,4.309128,0.9844301,0.03760282,10.03436,1.15189,8.711207,46v,M052918_080_3
080,M052918,-12.8125,-16.89767,23.94867,35.3175,4,0.365322,0.9967685,0.002056404,16.66309,1.597354,10.43169,46v,M052918_080_4
088,M052918,-20.6875,-5.71188,20.55952,33.3,2,5.109426,0.9835488,0.01733255,6.459135,1.921619,3.361299,cd,M052918_088_2
090,M052918,-13.75,-20.90019,20.06564,33.9445,3,8.09686,0.9955934,0,13.11868,1.832007,7.160822,45,M052918_090_3
091,M052918,-15.125,-19.1687,20.17171,33.9545,2,4.307123,0.9747356,0.05141011,7.289394,1.361033,5.355781,44,M052918_091_2
091,M052918,-15.125,-19.1687,20.17171,33.9545,4,9.6724,0.9747356,0.03701528,6.507213,1.30452,4.988207,44,M052918_091_4
101,M052918,-8.875,-21.7568,23.9314,32.659,1,9.856692,1,0.009400705,20.5141,2.342141,8.758698,46v,M052918_101_1
101,M052918,-8.875,-21.7568,23.9314,32.659,2,19.01224,0.947121,0.05317274,3.775592,1.213698,3.110817,46v,M052918_101_2
109,M052918,-14,-10.36017,26.61745,32.1655,1,4.950957,0.972973,0.05934195,6.448653,1.92039,3.357991,8B,M052918_109_1
109,M052918,-14,-10.36017,26.61745,32.1655,2,1.321699,0.9750293,0.006462985,9.229461,1.552083,5.946498,8B,M052918_109_2
113,M052918,-8.75,-3.77672,33.17356,30.847,1,14.2149,0.9456522,0.0672738,6.378783,1.180455,5.403665,6DR,M052918_113_1
113,M052918,-8.75,-3.77672,33.17356,30.847,2,0.1082176,0.8369803,0.0006596306,23.36514,2.357699,9.910143,6DR,M052918_113_2
116,M052918,-17.625,-15.0692,20.00668,26.697,2,1.251823,1,0.004112808,21.01958,2.089142,10.06134,6DC,M052918_116_2
116,M052918,-17.625,-15.0692,20.00668,26.697,3,17.28729,0.9459459,0.04112808,6.860793,1.405993,4.879676,6DC,M052918_116_3
117,M052918,-12.375,-14.1318,26.3021,27.462,3,1.083388,0.9970623,0.01057579,10.18212,1.433055,7.105188,6DC,M052918_117_3
129,M052918,-33.875,-12.4152,5.65024,23.006,1,9.101283,0.9759107,0.04289072,6.826757,1.637604,4.168746,AMG,M052918_129_1
133,M052918,-11.1875,-7.63392,30.4346,28.299,3,3.588506,0.9917744,0.01703878,8.118006,1.500646,5.409676,6DR,M052918_133_3
134,M052918,-11,-6.7588,30.77748,28.22,3,1.492729,0.9920682,0.0126322,9.155369,1.603191,5.710714,6DR,M052918_134_3
136,M052918,-10.875,-4.5285,31.6573,27.8445,3,6.718975,0.9988249,0.00293772,9.486401,1.073983,8.832911,24c,M052918_136_3
140,M052918,-13.125,-13.10308,26.57016,24.588,3,3.475199,0.9647474,0.05816686,5.317887,1.758798,3.023592,6DC,M052918_140_3
146,M052918,-8,-5.398,34.28884,26.482,1,11.61348,1,0.007931845,17.25066,1.390808,12.40333,6DC,M052918_146_1
146,M052918,-8,-5.398,34.28884,26.482,2,11.4089,0.9891304,0.005875441,6.432736,0.9522731,6.755138,6DC,M052918_146_2
146,M052918,-8,-5.398,34.28884,26.482,6,0.8136553,0.9903055,0.03025852,3.382291,1.330378,2.542353,6DC,M052918_146_6
147,M052918,-8,-4.267,34.59034,26.482,1,36.10044,0.9917744,0.01527615,7.37381,1.370435,5.380632,6DC,M052918_147_1
147,M052918,-8,-4.267,34.59034,26.482,3,5.49782,0.9430082,0.07608695,3.350245,0.7582747,4.418248,6DC,M052918_147_3
150,M052918,-15.375,-13.1887,24.74602,22.915,3,0.2405028,0.9976498,0.01733255,8.641887,1.430521,6.041077,6DC,M052918_150_3
152,M052918,-8.5625,-10.64217,32.75012,23.7125,2,1.502857,0.9994125,0.02408931,8.77067,1.576145,5.564635,6DC,M052918_152_2
157,M052918,-12.75,-4.56426,29.63909,25.1225,2,16.31751,0.9888366,0.02849589,7.859225,1.213988,6.473893,24c,M052918_157_2
003,M053018,-7.15625,-14.56349,25.36068,45.8425,3,5.966778,0.9750293,0.05199765,9.410975,1.462232,6.436035,12r,M053018_003_3
006,M053018,-11.53125,-10.70556,23.83528,45.745,4,17.74682,0.9885429,0.01086957,6.905387,1.244611,5.548231,11ml,M053018_006_4
010,M053018,-7.75,-16.96932,24.73848,44.525,2,2.478436,0.9715041,0.003231492,7.722907,1.585632,4.870554,12r,M053018_010_2
011,M053018,-6.90625,-15.96754,26.51046,44.495,3,1.36807,0.9976498,0.06786134,10.74469,1.984533,5.414215,46v,M053018_011_3
012,M053018,-9.84375,-14.95332,24.30012,44.375,2,7.955656,0.9958872,0.03143361,9.146719,2.02692,4.512619,12r,M053018_012_2
013,M053018,-10.9375,-13.89058,24.157,44.39,3,2.169942,0.953584,0.07050529,10.33005,2.366425,4.365257,11ml,M053018_013_3
013,M053018,-10.9375,-13.89058,24.157,44.39,5,4.034922,0.9712104,0.01175088,7.832589,1.683713,4.651975,11ml,M053018_013_5
017,M053018,-7.75,-18.952,24.03174,42.911,3,4.254093,0.934195,0.05846063,7.112401,1.412676,5.0347,12l,M053018_017_3
024,M053018,-11.375,-10.01928,26.4525,43.276,3,7.816809,0.9720917,0.06756756,8.192453,1.982548,4.132285,46v,M053018_024_3
025,M053018,-11.375,-8.8023,26.89516,43.26,3,1.68066,0.9894242,0.0293772,6.752995,1.435081,4.705655,46v,M053018_025_3
033,M053018,-14.8125,-10.22163,23.53662,41.788,2,1.888006,0.9371328,0.01733255,6.714465,6.879525,0.976007,11ml,M053018_033_2
036,M053018,-9.25,-18.76298,24.47042,40.5105,1,12.22755,0.9480023,0.172738,6.905837,1.73226,3.986606,45,M053018_036_1
039,M053018,-13.0625,-14.64446,24.01798,40.563,3,5.453912,0.9735605,0.02996475,7.52917,1.668569,4.512352,13l,M053018_039_3
061,M053018,-17.75,-12.01405,21.27234,37.8835,2,0.4639953,0.9964747,0.0005875441,14.4862,1.771514,8.177299,13l,M053018_061_2
065,M053018,-10,-6.3756,30.86676,37.554,3,5.149976,0.9500588,0.0220329,4.96542,1.423221,3.488859,6DR,M053018_065_3
066,M053018,-12.5,-21.23592,19.55948,36.493,3,3.712874,0.972973,0.02878966,9.125828,1.742944,5.235871,45,M053018_066_3
071,M053018,-22.125,-13.55486,16.64005,36.35749,2,1.181507,0.9911869,0.039953,7.783955,2.15616,3.610101,13l,M053018_071_2
072,M053018,-13.3125,-12.00253,26.10165,36.2385,3,7.512562,0.985899,0.01880141,8.781244,1.673687,5.246646,46d,M053018_072_3
072,M053018,-13.3125,-12.00253,26.10165,36.2385,4,1.340719,0.9882491,0,15.72047,1.830675,8.587256,46d,M053018_072_4
077,M053018,-16.25,-21.62176,16.2398,35.11,3,4.358661,0.9785547,0.02878966,7.75288,1.568744,4.942094,AI,M053018_077_3
078,M053018,-10.4375,-20.0856,23.47694,35.25,4,1.529158,1,0.01351351,8.183511,1.824914,4.484327,45,M053018_078_4
078,M053018,-10.4375,-20.0856,23.47694,35.25,7,0.9621203,0.9477086,0.00293772,12.2613,2.213856,5.538436,45,M053018_078_7
080,M053018,-12.8125,-16.89767,23.94867,35.3175,3,5.071562,0.9750293,0.0420094,8.752553,1.838374,4.761031,46v,M053018_080_3
080,M053018,-12.8125,-16.89767,23.94867,35.3175,4,0.3549239,0.9955934,0.007638073,17.28088,1.657124,10.42823,46v,M053018_080_4
090,M053018,-13.75,-20.90019,20.06564,33.9445,3,7.821135,0.9932432,0.004112808,12.50009,1.852455,6.747852,45,M053018_090_3
091,M053018,-15.1875,-19.1687,20.17171,33.9545,3,0.5789008,0.9973561,0.03319624,10.66921,1.820554,5.860417,44,M053018_091_3
097,M053018,-14.5,-9.3048,26.25196,33.461,4,0.0895372,0.9839471,0.002454741,20.14129,1.637794,12.29781,8B,M053018_097_4
097,M053018,-14.5,-9.3048,26.25196,33.461,6,0.1555099,0.9847239,0.01351351,10.28792,1.483968,6.932708,8B,M053018_097_6
101,M053018,-8.875,-21.7568,23.9314,32.659,2,5.991614,0.9706228,0.1084019,8.643896,1.281268,6.746363,46v,M053018_101_2
101,M053018,-8.875,-21.7568,23.9314,32.659,3,9.889488,0.9988249,0.005875441,15.7827,2.003537,7.877419,46v,M053018_101_3
106,M053018,-13,-12.48972,26.6585,28.8375,3,2.638594,0.9673913,0.03936545,5.768446,1.365352,4.224878,6DR,M053018_106_3
106,M053018,-13,-12.48972,26.6585,28.8375,4,11.44501,0.9988249,0.002056404,14.28537,1.363392,10.47782,6DR,M053018_106_4
109,M053018,-14.0625,-10.36017,26.61745,32.1655,1,9.146117,0.9224442,0.0005875441,16.75632,2.166937,7.732723,8B,M053018_109_1
113,M053018,-9,-3.79596,32.86083,30.8445,2,14.42299,0.9994125,0.004406581,12.71686,1.420652,8.951427,6DR,M053018_113_2
116,M053018,-17.625,-15.0692,20.00668,26.697,3,0.7926499,1,0.0005875441,24.42502,2.157108,11.32304,6DC,M053018_116_3
117,M053018,-12.375,-14.1318,26.3021,27.462,3,3.602662,0.9762045,0.01968273,4.871152,1.13975,4.273879,6DC,M053018_117_3
128,M053018,-13.5,-14.17613,25.16893,25.9385,3,5.341197,0.9920682,0.008813161,7.946291,2.050957,3.874431,6DC,M053018_128_3
133,M053018,-11.1875,-7.63392,30.4346,28.299,3,5.200872,0.9932432,0.03172738,7.582704,1.496143,5.068169,6DR,M053018_133_3
134,M053018,-11,-6.7588,30.77748,28.22,3,1.488481,0.9926557,0.01175088,10.31512,1.5508,6.651487,6DR,M053018_134_3
135,M053018,-10.125,-5.53619,31.95271,27.8395,2,1.00645,0.9800235,0.008519389,7.631579,1.940586,3.932616,6DR,M053018_135_2
135,M053018,-10.125,-5.53619,31.95271,27.8395,3,0.5001985,0.9800235,0.02790834,12.75989,1.608933,7.930649,6DR,M053018_135_3
136,M053018,-10.875,-4.5285,31.6573,27.8445,2,6.360499,0.9994125,0.02350176,10.94152,1.187196,9.216273,24c,M053018_136_2
138,M053018,-10.5,-15.85224,27.51022,25.168,3,1.30213,0.9938308,0.03848414,7.369217,1.715211,4.296391,6DC,M053018_138_3
146,M053018,-8,-5.398,34.28884,26.482,1,0.7354727,0.9994125,0.005875441,5.700035,1.045702,5.450916,6DC,M053018_146_1
146,M053018,-8,-5.398,34.28884,26.482,2,11.99864,1,0.000293772,16.64804,1.426987,11.66657,6DC,M053018_146_2
146,M053018,-8,-5.398,34.28884,26.482,4,2.373736,0.9873678,0.02820211,4.305315,1.046027,4.115875,6DC,M053018_146_4
146,M053018,-8,-5.398,34.28884,26.482,5,8.728259,0.9850176,0.02761457,5.197498,0.9425507,5.514291,6DC,M053018_146_5
146,M053018,-8,-5.398,34.28884,26.482,8,1.162584,0.9850176,0.007638073,7.040567,1.079786,6.520335,6DC,M053018_146_8
147,M053018,-8,-4.267,34.59034,26.482,1,40.16174,0.9967685,0.01703878,7.580706,1.179898,6.424884,6DC,M053018_147_1
147,M053018,-8,-4.267,34.59034,26.482,4,1.391826,0.9480023,0.1034078,3.401038,0.9822824,3.462383,6DC,M053018_147_4
152,M053018,-8.5625,-10.64217,32.75012,23.7125,3,4.26631,0.9811986,0.01233843,4.734912,1.086443,4.358177,6DC,M053018_152_3
152,M053018,-8.5625,-10.64217,32.75012,23.7125,4,1.703995,0.9888366,0.03642773,8.716951,1.416897,6.152142,6DC,M053018_152_4
156,M053018,-15.375,-5.75857,26.94528,25.31,3,0.2139162,0.9923619,0.004112808,14.2125,1.93777,7.334465,24c,M053018_156_3
157,M053018,-12.75,-4.56426,29.63909,25.1225,1,17.07226,0.985899,0.08871915,7.263499,1.198802,6.058964,24c,M053018_157_1
003,M053118,-7.15625,-14.56349,25.36068,45.8425,2,7.482267,0.9283196,0.01792009,9.8348,1.541119,6.381595,12r,M053118_003_2
005,M053118,-9.5625,-12.00996,25.0392,45.775,2,5.808757,0.9582844,0.04759107,7.17995,1.76325,4.071999,11ml,M053118_005_2
005,M053118,-9.5625,-12.00996,25.0392,45.775,5,0.1725651,0.9976498,0.001175088,18.18189,1.706353,10.65541,11ml,M053118_005_5
006,M053118,-11.53125,-10.70556,23.83528,45.745,1,20.37043,0.9853114,0.01733255,7.074655,1.136629,6.224244,11ml,M053118_006_1
007,M053118,-11.9375,-10.01684,23.9562,45.7825,3,2.224122,0.9958872,0.005875441,6.055827,1.092602,5.542574,11ml,M053118_007_3
008,M053118,-7.03125,-8.9882,29.2702,45.985,3,2.650866,0.9785547,0.03642773,9.133646,1.236694,7.385537,46d,M053118_008_3
008,M053118,-7.03125,-8.9882,29.2702,45.985,4,0.05991024,0.9980545,0.0004863813,19.56906,2.147376,9.11301,46d,M053118_008_4
010,M053118,-7.75,-16.96932,24.73848,44.525,3,2.551919,0.9850176,0.006756757,9.324498,1.905261,4.894079,12r,M053118_010_3
011,M053118,-6.90625,-15.96754,26.51046,44.495,3,20.06155,0.9297885,0.04759107,5.633483,1.764767,3.192197,46v,M053118_011_3
012,M053118,-9.84375,-14.95332,24.30012,44.375,3,5.901347,0.9268507,0.08548766,5.870853,1.464342,4.009208,12r,M053118_012_3
012,M053118,-9.84375,-14.95332,24.30012,44.375,5,3.737039,0.9941245,0.01204465,13.24153,1.653633,8.007539,12r,M053118_012_5
013,M053118,-10.9375,-13.89058,24.157,44.39,3,2.262063,0.9532902,0.008225617,15.07404,2.441556,6.173946,11ml,M053118_013_3
018,M053118,-7.1875,-17.85412,25.95299,43.1135,3,1.673163,0.9967685,0.01233843,12.34853,1.639722,7.530871,12l,M053118_018_3
018,M053118,-7.1875,-17.85412,25.95299,43.1135,4,1.072938,1,0.001175088,29.95818,2.492312,12.02024,12l,M053118_018_4
024,M053118,-11.375,-10.01928,26.4525,43.276,2,0.716562,0.9950058,0.003231492,7.189625,2.319704,3.099372,46v,M053118_024_2
025,M053118,-11.375,-8.8023,26.89516,43.26,3,1.368928,0.979436,0.05199765,5.704017,1.271305,4.486742,46v,M053118_025_3
026,M053118,-8.0625,-19.319,24.2764,41.715,3,4.434451,0.9773796,0.01556992,8.785206,2.090225,4.202996,45,M053118_026_3
033,M053118,-14.875,-10.22163,23.53662,41.788,3,0.5688449,0.9979436,0.007638073,11.74524,2.586637,4.540737,11ml,M053118_033_3
036,M053118,-9.25,-18.76298,24.47042,40.5105,1,3.37991,0.9292009,0.03025852,7.758753,1.436427,5.401426,45,M053118_036_1
039,M053118,-13.0625,-14.64446,24.01798,40.563,3,3.830598,0.9861927,0.009694478,9.024786,1.648931,5.473112,13l,M053118_039_3
042,M053118,-15.5,-10.17011,23.45759,40.6325,2,8.868689,0.9068742,0.0293772,5.245016,1.228112,4.270798,13l,M053118_042_2
042,M053118,-15.5,-10.17011,23.45759,40.6325,3,10.52599,0.9929495,0.009694478,14.15598,2.246951,6.300085,13l,M053118_042_3
045,M053118,-8.5,-20.84365,23.25786,39.1775,1,1.488621,0.9391892,0.07755582,7.985957,1.698409,4.702023,45,M053118_045_1
056,M053118,-15.5,-19.97173,17.91616,37.6815,1,10.51852,0.9994125,0,11.40771,1.998357,5.708543,12o,M053118_056_1
061,M053118,-17.75,-12.01405,21.27234,37.8835,1,0.2820393,0.9982374,0.0008813161,18.82292,1.901294,9.900057,13l,M053118_061_1
069,M053118,-18.8125,-16.6576,17.55287,36.6105,1,1.23744,0.9867803,0.01498237,5.281156,1.037479,5.090373,12o,M053118_069_1
072,M053118,-13.3125,-12.00253,26.10165,36.2385,2,1.447756,0.9850176,0.0126322,10.38241,1.513832,6.858362,46d,M053118_072_2
072,M053118,-13.3125,-12.00253,26.10165,36.2385,4,0.2834185,0.9867803,0.01116334,18.35639,1.700856,10.79244,46d,M053118_072_4
077,M053118,-16.25,-21.62176,16.2398,35.11,3,4.687205,0.9779671,0.03025852,7.570058,1.537202,4.924571,AI,M053118_077_3
080,M053118,-12.8125,-16.89767,23.94867,35.3175,3,14.29356,0.9876616,0.007344301,7.207123,1.157773,6.224986,46v,M053118_080_3
080,M053118,-12.8125,-16.89767,23.94867,35.3175,4,1.22847,0.9732667,0.01527615,9.99007,1.682926,5.936131,46v,M053118_080_4
080,M053118,-12.8125,-16.89767,23.94867,35.3175,5,0.2808194,0.9732667,0.007344301,12.54709,1.678329,7.475942,46v,M053118_080_5
090,M053118,-13.75,-20.90019,20.06564,33.9445,2,7.404402,0.9994125,0.002350176,14.05679,1.677075,8.38173,45,M053118_090_2
091,M053118,-15.1875,-19.1687,20.17171,33.9545,2,1.900226,0.9668038,0.03730905,9.420993,1.664721,5.659204,44,M053118_091_2
091,M053118,-15.1875,-19.1687,20.17171,33.9545,5,13.75189,0.9944183,0.007344301,8.505983,1.170627,7.26618,44,M053118_091_5
097,M053118,-14.5,-9.3048,26.25196,33.461,3,4.695609,0.9811986,0.06433608,7.350464,1.905573,3.857352,8B,M053118_097_3
097,M053118,-14.5,-9.3048,26.25196,33.461,4,0.3393298,0.9994125,0,17.50458,1.812862,9.655772,8B,M053118_097_4
101,M053118,-8.875,-21.7568,23.9314,32.659,2,36.57401,0.9597532,0.02790834,6.118547,1.052852,5.811401,46v,M053118_101_2
101,M053118,-8.875,-21.7568,23.9314,32.659,3,13.1281,0.9518214,0.1178026,6.033346,1.177842,5.122371,46v,M053118_101_3
101,M053118,-8.875,-21.7568,23.9314,32.659,5,9.94827,0.9629847,0.01145711,10.76734,1.575861,6.832671,46v,M053118_101_5
106,M053118,-13,-12.48972,26.6585,28.8375,1,2.533487,0.9621034,0.03172738,5.780829,1.355855,4.263604,6DR,M053118_106_1
106,M053118,-13,-12.48972,26.6585,28.8375,3,9.171069,1,0.0005875441,16.50822,1.466751,11.25496,6DR,M053118_106_3
109,M053118,-14.0625,-10.36017,26.61745,32.1655,3,0.5482442,0.9988249,0.002350176,15.24051,1.6651,9.152909,8B,M053118_109_3
110,M053118,-19.0625,-7.31776,22.2806,30.735,3,0.4761943,0.9988249,0.003525264,11.36979,2.531122,4.491995,cd,M053118_110_3
113,M053118,-9,-3.79596,32.86083,30.8445,1,14.82979,1,0.005287896,14.54998,1.42372,10.21969,6DR,M053118_113_1
116,M053118,-17.625,-15.0692,20.00668,26.697,2,18.77798,0.9365453,0.1257344,6.76236,1.302043,5.193652,6DC,M053118_116_2
116,M053118,-17.625,-15.0692,20.00668,26.697,4,1.51771,1,0.001762632,26.61011,2.12732,12.50875,6DC,M053118_116_4
117,M053118,-12.375,-14.1318,26.3021,27.462,3,1.604744,0.9838426,0.06374853,7.346809,1.761338,4.171153,6DC,M053118_117_3
133,M053118,-11.1875,-7.63392,30.4346,28.299,3,4.251182,0.9944183,0.01762632,7.995037,1.558812,5.12893,6DR,M053118_133_3
133,M053118,-11.1875,-7.63392,30.4346,28.299,4,9.922165,0.9447709,0.0273208,5.905891,1.230117,4.801082,6DR,M053118_133_4
134,M053118,-11,-6.7588,30.77748,28.22,3,1.050752,0.9903055,0.01850764,9.180489,1.639819,5.598476,6DR,M053118_134_3
135,M053118,-10.125,-5.53619,31.95271,27.8395,3,3.749681,0.9629847,0.03437133,10.42151,1.298884,8.023437,6DR,M053118_135_3
136,M053118,-10.875,-4.5285,31.6573,27.8445,3,3.608315,0.9988249,0.04171563,11.63338,1.322848,8.794195,24c,M053118_136_3
138,M053118,-10.5,-15.85224,27.51022,25.168,3,0.6624646,0.9952996,0.05346651,7.367717,1.795685,4.103012,6DC,M053118_138_3
139,M053118,-15.75,-14.33702,23.36105,24.3005,3,1.922278,0.9841363,0.04435958,9.822906,1.470586,6.679585,6DC,M053118_139_3
140,M053118,-13.375,-13.09277,26.16479,24.533,3,0.4293602,0.9979436,0.02849589,10.71233,1.218269,8.79307,6DC,M053118_140_3
146,M053118,-8,-5.398,34.28884,26.482,1,12.68556,1,0.001175088,18.71044,1.54892,12.07967,6DC,M053118_146_1
146,M053118,-8,-5.398,34.28884,26.482,2,8.452324,0.9876616,0.008519389,5.13235,0.7580435,6.770522,6DC,M053118_146_2
146,M053118,-8,-5.398,34.28884,26.482,10,2.671482,0.9876616,0.04876616,4.46037,0.7657186,5.825078,6DC,M053118_146_10
147,M053118,-8,-4.267,34.59034,26.482,1,38.83852,0.9911869,0.02115159,6.887115,1.499201,4.593858,6DC,M053118_147_1
147,M053118,-8,-4.267,34.59034,26.482,3,4.846809,0.9253819,0.09224442,3.352691,0.7361711,4.554227,6DC,M053118_147_3
152,M053118,-8.5625,-10.64217,32.75012,23.7125,3,3.941102,0.9973561,0.001762632,6.832057,1.329342,5.139426,6DC,M053118_152_3
156,M053118,-15.375,-5.75857,26.94528,25.31,3,1.758753,0.9985312,0.01292597,9.264729,1.54762,5.986436,24c,M053118_156_3
157,M053118,-12.75,-4.56426,29.63909,25.1225,2,19.6054,0.960047,0.08607521,6.764631,1.201905,5.628257,24c,M053118_157_2
003,M060118,-7.15625,-14.56349,25.36068,45.8425,3,7.967106,0.9779671,0.02115159,9.445982,1.492854,6.327463,12r,M060118_003_3
005,M060118,-9.5625,-12.00996,25.0392,45.775,3,0.0813567,0.9978145,0.005619732,19.1037,1.930312,9.89669,11ml,M060118_005_3
007,M060118,-11.9375,-10.01684,23.9562,45.7825,2,2.162861,0.9970623,0.002056404,6.369981,1.061999,5.998102,11ml,M060118_007_2
007,M060118,-11.9375,-10.01684,23.9562,45.7825,4,8.281915,0.9509401,0.02702703,8.334394,1.880746,4.431431,11ml,M060118_007_4
010,M060118,-7.78125,-16.96781,24.62559,44.5175,2,2.886938,0.9970623,0.008519389,13.08386,2.047459,6.390292,12r,M060118_010_2
011,M060118,-6.90625,-15.96754,26.51046,44.495,2,21.45901,0.9529965,0.05611046,6.291466,1.566024,4.017477,46v,M060118_011_2
012,M060118,-9.84375,-14.95332,24.30012,44.375,3,4.863975,0.9882491,0.007050529,14.26498,1.551317,9.195397,12r,M060118_012_3
012,M060118,-9.84375,-14.95332,24.30012,44.375,4,1.975825,0.983255,0.03055229,9.002203,1.299236,6.928845,12r,M060118_012_4
013,M060118,-10.9375,-13.89058,24.157,44.39,3,2.938588,1,0.002350176,17.03542,2.481885,6.863903,11ml,M060118_013_3
017,M060118,-7.75,-18.952,24.03174,42.911,3,4.203461,0.9682726,0.02379553,7.311535,1.43872,5.081972,12l,M060118_017_3
018,M060118,-7.1875,-17.85412,25.95299,43.1135,1,3.293163,0.9168625,0.1321974,5.335107,1.222622,4.363661,12l,M060118_018_1
018,M060118,-7.1875,-17.85412,25.95299,43.1135,4,10.55141,0.9982374,0.004112808,13.2038,1.5134,8.724595,12l,M060118_018_4
018,M060118,-7.1875,-17.85412,25.95299,43.1135,5,2.196555,0.9982374,0.003819037,20.67698,2.117735,9.763722,12l,M060118_018_5
023,M060118,-12.84375,-11.38307,24.61032,43.1885,2,5.80843,0.9923619,0.007638073,9.03579,1.623847,5.564434,11ml,M060118_023_2
024,M060118,-11.5,-10.02872,26.26975,43.271,2,4.089949,0.907168,0.01292597,4.298411,1.224131,3.511399,46v,M060118_024_2
024,M060118,-11.5,-10.02872,26.26975,43.271,5,5.622076,0.9905993,0.01351351,9.848915,1.525279,6.457124,46v,M060118_024_5
025,M060118,-11.5,-8.8023,26.89516,43.26,1,9.070314,0.9882491,0.06991775,6.799599,1.395507,4.872492,46v,M060118_025_1
036,M060118,-9.25,-18.76298,24.47042,40.5105,3,2.954289,0.9841363,0.01233843,10.7593,1.720152,6.254854,45,M060118_036_3
036,M060118,-9.25,-18.76298,24.47042,40.5105,4,3.355959,0.9841363,0.03525265,8.21328,1.588992,5.16886,45,M060118_036_4
039,M060118,-13.0625,-14.64446,24.01798,40.563,3,1.918913,0.9738543,0.056698,8.631735,1.186912,7.272433,13l,M060118_039_3
039,M060118,-13.0625,-14.64446,24.01798,40.563,4,4.062705,0.9905993,0.0326087,10.65912,1.612274,6.611234,13l,M060118_039_4
042,M060118,-15.5,-10.17011,23.45759,40.6325,3,8.137076,0.983255,0.039953,7.428117,1.75067,4.243014,13l,M060118_042_3
061,M060118,-17.75,-12.01405,21.27234,37.8835,2,9.781165,0.9770858,0.0146886,6.570346,1.299387,5.056499,13l,M060118_061_2
061,M060118,-17.75,-12.01405,21.27234,37.8835,3,0.1983583,0.9988249,0,16.21228,1.698385,9.545706,13l,M060118_061_3
072,M060118,-13.3125,-12.00253,26.10165,36.2385,2,0.09655558,0.9817861,0.001762632,13.37905,2.311977,5.786843,46d,M060118_072_2
072,M060118,-13.3125,-12.00253,26.10165,36.2385,3,6.051201,0.9764982,0.01880141,7.950408,1.844295,4.310811,46d,M060118_072_3
074,M060118,-24.15625,-9.94142,16.23736,36.326,3,0.5581663,0.9955934,0,11.58844,2.512463,4.61238,13m,M060118_074_3
077,M060118,-16.25,-21.62176,16.2398,35.11,3,0.5830421,0.9994125,0.003819037,12.06035,1.338875,9.007823,AI,M060118_077_3
078,M060118,-10.4375,-20.0856,23.47694,35.25,2,1.13157,0.9941127,0.01057579,13.05174,2.259603,5.776122,45,M060118_078_2
078,M060118,-10.4375,-20.0856,23.47694,35.25,5,2.715211,0.9811986,0.01439483,4.459294,1.343315,3.319619,45,M060118_078_5
078,M060118,-10.4375,-20.0856,23.47694,35.25,6,0.2245057,0.9949538,0.001762632,16.61346,4.410349,3.766925,45,M060118_078_6
088,M060118,-20.9375,-5.73017,20.27193,33.2925,3,0.7484646,0.9785547,0.01527615,8.316105,2.193845,3.790654,cd,M060118_088_3
090,M060118,-13.75,-20.90019,20.06564,33.9445,3,9.390788,0.9958872,0.01410106,12.29075,1.485038,8.276389,45,M060118_090_3
091,M060118,-15.1875,-19.1687,20.17171,33.9545,3,2.711759,0.9888366,0.02115159,8.733296,1.630097,5.357531,44,M060118_091_3
097,M060118,-14.5,-9.3048,26.25196,33.461,2,1.576389,0.9997062,0,14.02721,2.183336,6.42467,8B,M060118_097_2
100,M060118,-10.875,-4.80668,30.67052,32.242,1,8.962135,0.9944183,0.001175088,8.199067,1.71319,4.785848,24c,M060118_100_1
100,M060118,-10.875,-4.80668,30.67052,32.242,3,1.975504,1,0.003525264,24.07781,5.034498,4.782565,24c,M060118_100_3
101,M060118,-8.875,-21.7568,23.9314,32.659,2,11.15911,0.985899,0.004994125,11.27909,1.63364,6.904269,46v,M060118_101_2
101,M060118,-8.875,-21.7568,23.9314,32.659,4,11.85676,0.9609283,0.0787309,6.520906,1.365981,4.77379,46v,M060118_101_4
106,M060118,-13,-12.48972,26.6585,28.8375,1,3.06461,0.9723854,0.0440658,6.729132,1.497093,4.494797,6DR,M060118_106_1
106,M060118,-13,-12.48972,26.6585,28.8375,3,9.584164,0.9988249,0.005581669,13.42527,1.368318,9.811512,6DR,M060118_106_3
109,M060118,-14.0625,-10.36017,26.61745,32.1655,3,3.068707,0.9888366,0.05023502,7.652773,1.539962,4.969457,8B,M060118_109_3
109,M060118,-14.0625,-10.36017,26.61745,32.1655,4,0.4945399,0.9970623,0.00146886,15.94378,1.560083,10.21983,8B,M060118_109_4
113,M060118,-9,-3.79596,32.86083,30.8445,2,13.46049,1,0.00293772,13.55297,1.372328,9.875896,6DR,M060118_113_2
116,M060118,-17.625,-15.0692,20.00668,26.697,4,0.9049375,1,0.007931845,24.93522,2.210521,11.28025,6DC,M060118_116_4
118,M060118,-19.4375,-12.56596,20.11177,26.3995,3,0.3947665,0.9929495,0.009106933,9.274898,1.579309,5.872756,pu,M060118_118_3
119,M060118,-20.1875,-11.32207,19.99828,26.2745,3,3.660506,0.9905993,0.0693302,11.26826,2.512928,4.484117,pu,M060118_119_3
119,M060118,-20.1875,-11.32207,19.99828,26.2745,4,3.809365,0.9826674,0.01880141,7.568664,1.220698,6.200278,pu,M060118_119_4
125,M060118,-11.625,-4.0295,30.68772,29.5605,2,9.123547,0.9512339,0.06139835,4.603399,1.108669,4.152185,24c,M060118_125_2
128,M060118,-13.625,-14.16174,24.76814,25.881,3,0.9817683,0.9988249,0.005287896,8.882597,1.312976,6.765239,6DC,M060118_128_3
128,M060118,-13.625,-14.16174,24.76814,25.881,4,2.071218,0.9914806,0.056698,9.369598,1.532606,6.113509,6DC,M060118_128_4
133,M060118,-11.1875,-7.63392,30.4346,28.299,3,3.652412,0.9979436,0.01498237,8.306095,1.546252,5.371761,6DR,M060118_133_3
134,M060118,-11,-6.7588,30.77748,28.22,3,1.263902,0.9982374,0.01850764,9.753541,1.512012,6.450705,6DR,M060118_134_3
135,M060118,-10.125,-5.53619,31.95271,27.8395,2,4.282558,0.9929495,0.01703878,10.18029,1.315807,7.736917,6DR,M060118_135_2
136,M060118,-10.875,-4.5285,31.6573,27.8445,2,3.444546,0.9668038,0.1013514,7.790602,1.508371,5.164911,24c,M060118_136_2
136,M060118,-10.875,-4.5285,31.6573,27.8445,4,2.28378,0.9668038,0.06698003,11.59615,1.622977,7.144991,24c,M060118_136_4
138,M060118,-10.5,-15.85224,27.51022,25.168,3,0.3955087,0.9908931,0.03672151,7.437122,1.675162,4.439644,6DC,M060118_138_3
139,M060118,-15.75,-14.33702,23.36105,24.3005,2,1.324049,0.9876616,0.01028202,9.040402,1.885015,4.795931,6DC,M060118_139_2
146,M060118,-8,-5.398,34.28884,26.482,1,7.316757,0.989718,0.008519389,5.253541,0.9625039,5.458202,6DC,M060118_146_1
146,M060118,-8,-5.398,34.28884,26.482,2,2.43494,0.989718,0.01145711,5.912927,0.7989165,7.401183,6DC,M060118_146_2
146,M060118,-8,-5.398,34.28884,26.482,5,14.45541,1,0.00146886,15.78018,1.276485,12.36221,6DC,M060118_146_5
147,M060118,-8,-4.267,34.59034,26.482,1,32.18937,0.9894242,0.01204465,6.967844,1.746012,3.99072,6DC,M060118_147_1
147,M060118,-8,-4.267,34.59034,26.482,6,5.543208,0.9482961,0.04024677,3.380528,0.6888586,4.907433,6DC,M060118_147_6
156,M060118,-15.5,-5.7715,26.633,25.315,2,7.976841,0.983255,0.004994125,7.868629,1.370321,5.742179,24c,M060118_156_2
157,M060118,-12.75,-4.56426,29.63909,25.1225,2,17.96235,0.9706228,0.02585194,7.021331,1.145796,6.127904,24c,M060118_157_2
003,M060418,-7.15625,-14.56349,25.36068,45.8425,2,6.789913,0.9670975,0.02702703,8.695841,1.2319,7.058885,12r,M060418_003_2
005,M060418,-9.5625,-12.00996,25.0392,45.775,2,8.208067,0.947121,0.02849589,4.436752,1.159652,3.825933,11ml,M060418_005_2
005,M060418,-9.5625,-12.00996,25.0392,45.775,3,0.7299652,0.980611,0.002350176,10.05894,1.411407,7.126888,11ml,M060418_005_3
006,M060418,-11.59375,-10.70556,23.83528,45.745,2,2.244318,0.9903055,0.04054054,7.240034,1.302768,5.557424,11ml,M060418_006_2
007,M060418,-11.9375,-10.01684,23.9562,45.7825,2,19.88704,0.9550529,0.1136898,6.624407,1.992382,3.324868,11ml,M060418_007_2
008,M060418,-7.28125,-8.99726,28.92146,45.97,3,1.698853,0.9876616,0.02056404,5.466969,1.049637,5.20844,46d,M060418_008_3
010,M060418,-7.78125,-16.96781,24.62559,44.5175,2,2.148828,0.9911869,0.007638073,12.26888,2.637755,4.651257,12r,M060418_010_2
010,M060418,-7.78125,-16.96781,24.62559,44.5175,4,2.147067,0.989718,0.002350176,13.22927,1.857422,7.12238,12r,M060418_010_4
012,M060418,-9.84375,-14.95332,24.30012,44.375,3,2.84321,0.9952996,0.0005875441,15.51376,1.628484,9.526508,12r,M060418_012_3
012,M060418,-9.84375,-14.95332,24.30012,44.375,4,1.947772,0.9882491,0.007050529,9.492692,1.260275,7.532239,12r,M060418_012_4
013,M060418,-10.9375,-13.89058,24.157,44.39,3,0.2806119,0.9712104,0.005581669,11.59176,1.620389,7.153692,11ml,M060418_013_3
013,M060418,-10.9375,-13.89058,24.157,44.39,4,1.040424,0.9712104,0.002350176,14.13626,1.414399,9.994533,11ml,M060418_013_4
017,M060418,-7.75,-18.952,24.03174,42.911,3,1.752837,0.9900118,0.001762632,15.86153,1.511938,10.49086,12l,M060418_017_3
017,M060418,-7.75,-18.952,24.03174,42.911,4,0.9709669,0.9900118,0.02027027,11.77388,1.864765,6.31387,12l,M060418_017_4
018,M060418,-7.1875,-17.85412,25.95299,43.1135,1,1.514431,0.9697415,0.001762632,13.82941,1.671539,8.273459,12l,M060418_018_1
018,M060418,-7.1875,-17.85412,25.95299,43.1135,4,5.191339,0.9697415,0.008813161,12.5326,1.619315,7.739444,12l,M060418_018_4
022,M060418,-14,-12.69538,23.03664,43.091,2,2.047392,0.9970623,0.007344301,9.547828,1.462175,6.52988,11ml,M060418_022_2
024,M060418,-11.5,-10.02872,26.26975,43.271,3,3.532958,0.9923619,0.02614571,9.651336,2.305421,4.186366,46v,M060418_024_3
025,M060418,-11.5,-8.8023,26.89516,43.26,3,7.853376,0.9844301,0.05581669,8.510834,1.333018,6.384635,46v,M060418_025_3
026,M060418,-8.0625,-19.319,24.2764,41.715,3,0.4050724,0.9926557,0.00293772,13.81344,2.01575,6.852755,45,M060418_026_3
026,M060418,-8.0625,-19.319,24.2764,41.715,4,0.2055084,0.9926557,0.005875441,16.42472,1.540356,10.66294,45,M060418_026_4
033,M060418,-14.9375,-10.22163,23.53662,41.788,3,1.370153,1,0.001175088,15.19113,1.995003,7.614589,11ml,M060418_033_3
036,M060418,-9.25,-18.76298,24.47042,40.5105,2,3.731337,0.989022,0.01556992,14.79879,1.134592,13.04327,45,M060418_036_2
039,M060418,-13.0625,-14.64446,24.01798,40.563,3,2.432717,0.9738543,0.02291422,8.016936,1.531519,5.23463,13l,M060418_039_3
042,M060418,-15.5,-10.17011,23.45759,40.6325,2,5.790641,0.9347826,0.04788484,6.186719,2.848526,2.171902,13l,M060418_042_2
043,M060418,-17,-8.9998,22.4222,40.53,4,6.994613,0.9715041,0.01674501,4.278089,1.078636,3.966203,13m,M060418_043_4
045,M060418,-8.5,-20.84365,23.25786,39.1775,2,12.40787,0.9468272,0.02408931,5.478067,1.265161,4.329938,45,M060418_045_2
045,M060418,-8.5,-20.84365,23.25786,39.1775,4,1.779721,0.9967685,0.07491187,11.03042,1.745941,6.317751,45,M060418_045_4
056,M060418,-15.5,-19.97173,17.91616,37.6815,3,3.749613,0.9988249,0.02350176,10.25015,1.50156,6.826333,12o,M060418_056_3
061,M060418,-17.75,-12.01405,21.27234,37.8835,3,0.1634892,1,0,18.72043,1.947828,9.610927,13l,M060418_061_3
068,M060418,-19.40625,-18.62544,15.82876,36.443,2,3.77918,0.9764982,0.01439483,6.634671,1.335725,4.967094,12o,M060418_068_2
072,M060418,-13.3125,-12.00253,26.10165,36.2385,3,8.20643,0.9647474,0.0346651,6.923992,1.434811,4.825715,46d,M060418_072_3
072,M060418,-13.3125,-12.00253,26.10165,36.2385,4,0.7784708,0.9885429,0,22.15295,2.217061,9.992037,46d,M060418_072_4
072,M060418,-13.3125,-12.00253,26.10165,36.2385,5,0.2414668,0.9885429,0.001175088,15.96012,1.631108,9.784836,46d,M060418_072_5
078,M060418,-10.4375,-20.0856,23.47694,35.25,3,3.058718,0.9950058,0.04054054,10.23364,1.441626,7.098684,45,M060418_078_3
079,M060418,-17.6875,-18.66469,17.83579,35.2475,3,1.706172,0.9838426,0.02438308,4.62303,1.320538,3.500868,AI,M060418_079_3
088,M060418,-21,-5.73017,20.27193,33.2925,3,0.04435324,0.993994,0.009009009,12.41376,2.813607,4.412047,cd,M060418_088_3
090,M060418,-13.75,-20.90019,20.06564,33.9445,2,8.018265,0.9991187,0.008225617,16.10179,1.660157,9.698955,45,M060418_090_2
091,M060418,-15.1875,-19.1687,20.17171,33.9545,2,8.388468,0.960047,0.0472973,5.951612,0.9291378,6.405521,44,M060418_091_2
091,M060418,-15.1875,-19.1687,20.17171,33.9545,3,24.28109,0.9985312,0.01410106,8.688093,1.020355,8.514778,44,M060418_091_3
091,M060418,-15.1875,-19.1687,20.17171,33.9545,5,2.853371,0.9973561,0.01292597,10.5947,2.6356,4.019844,44,M060418_091_5
097,M060418,-14.5,-9.3048,26.25196,33.461,2,4.317891,0.960047,0.007638073,10.72013,1.240467,8.642005,8B,M060418_097_2
097,M060418,-14.5,-9.3048,26.25196,33.461,4,3.042509,0.960047,0.003819037,12.10359,1.576534,7.677341,8B,M060418_097_4
097,M060418,-14.5,-9.3048,26.25196,33.461,5,0.1678286,0.9979436,0.002350176,16.56733,1.81487,9.128659,8B,M060418_097_5
104,M060418,-18.25,-14.97925,19.4662,28.005,1,24.13896,0.9788484,0.2238543,5.428483,0.7729468,7.023099,6VaVb,M060418_104_1
104,M060418,-18.25,-14.97925,19.4662,28.005,3,30.8181,0.9955934,0.004700352,11.48507,1.219236,9.419887,6VaVb,M060418_104_3
106,M060418,-13,-12.48972,26.6585,28.8375,3,4.802346,0.9903055,0.03789659,7.153039,2.222425,3.218573,6DR,M060418_106_3
106,M060418,-13,-12.48972,26.6585,28.8375,4,6.958683,0.9903055,0.01498237,8.636013,1.552567,5.562411,6DR,M060418_106_4
106,M060418,-13,-12.48972,26.6585,28.8375,5,0.3991163,0.9903055,0.02643948,14.27372,1.788519,7.980747,6DR,M060418_106_5
113,M060418,-9,-3.79596,32.86083,30.8445,1,12.28274,1,0.003819037,16.05145,1.240097,12.94371,6DR,M060418_113_1
116,M060418,-17.625,-15.0692,20.00668,26.697,2,1.021807,0.9668038,0.004994125,16.70033,2.239347,7.457678,6DC,M060418_116_2
119,M060418,-20.1875,-11.32207,19.99828,26.2745,3,5.52804,0.9559342,0.02467685,4.467862,1.50727,2.964207,pu,M060418_119_3
119,M060418,-20.1875,-11.32207,19.99828,26.2745,5,9.129977,0.9556404,0.08078731,7.625324,1.657204,4.60132,pu,M060418_119_5
119,M060418,-20.1875,-11.32207,19.99828,26.2745,6,19.94599,0.9988249,0.003525264,9.160284,1.570863,5.831372,pu,M060418_119_6
129,M060418,-34.125,-12.405,5.25185,22.9485,3,11.75609,0.9559342,0.1045828,6.441613,1.702588,3.783424,AMG,M060418_129_3
133,M060418,-11.1875,-7.63392,30.4346,28.299,3,5.836395,0.9762045,0.06786134,6.61358,1.545843,4.278299,6DR,M060418_133_3
134,M060418,-11,-6.7588,30.77748,28.22,3,1.042369,0.9888366,0.02232667,8.206494,2.093503,3.919981,6DR,M060418_134_3
140,M060418,-14.625,-13.06184,24.94868,24.368,3,0.7736779,0.9958872,0.01086957,11.27685,2.159115,5.222906,6DC,M060418_140_3
144,M060418,-9,-7.52626,32.58453,26.51415,3,0.04518631,0.9580071,0.02846975,12.21703,1.630382,7.493354,6DC,M060418_144_3
146,M060418,-8,-5.398,34.28884,26.482,1,4.738453,0.9944183,0.004700352,9.257621,1.18581,7.807003,6DC,M060418_146_1
146,M060418,-8,-5.398,34.28884,26.482,2,11.83652,0.9976498,0.004406581,13.8606,1.506211,9.202292,6DC,M060418_146_2
146,M060418,-8,-5.398,34.28884,26.482,3,2.279246,0.993537,0.006169213,8.148156,1.082226,7.52907,6DC,M060418_146_3
147,M060418,-8,-4.267,34.59034,26.482,4,4.361439,0.9976498,0,11.18053,1.684417,6.637628,6DC,M060418_147_4
147,M060418,-8,-4.267,34.59034,26.482,5,0.1052801,0.9992722,0.001455604,17.90226,1.69614,10.55471,6DC,M060418_147_5
150,M060418,-15.8125,-13.17885,24.34381,22.865,3,1.076253,0.9911869,0.01233843,9.209628,1.186471,7.762205,6DC,M060418_150_3
152,M060418,-8.8125,-10.64094,32.34484,23.66,1,14.34166,0.9938308,0.05934195,8.333095,1.036515,8.039533,6DC,M060418_152_1
152,M060418,-8.8125,-10.64094,32.34484,23.66,3,22.03396,0.9647474,0.08166862,4.412516,0.994128,4.438579,6DC,M060418_152_3
152,M060418,-8.8125,-10.64094,32.34484,23.66,4,19.81151,0.9982374,0.0005875441,11.03166,1.328185,8.305816,6DC,M060418_152_4
003,M060518,-7.15625,-14.56349,25.36068,45.8425,3,13.27131,0.970329,0.1125147,7.044529,1.48689,4.737761,12r,M060518_003_3
005,M060518,-9.5625,-12.00996,25.0392,45.775,3,0.1280386,1,0,20.35524,1.987153,10.24342,11ml,M060518_005_3
006,M060518,-11.59375,-10.70556,23.83528,45.745,3,2.228503,0.9982374,0.005875441,9.900007,1.316587,7.51945,11ml,M060518_006_3
007,M060518,-11.9375,-10.01684,23.9562,45.7825,1,12.75023,0.9603408,0.08666275,7.642572,2.066651,3.698046,11ml,M060518_007_1
008,M060518,-7.40625,-8.99726,28.92146,45.97,3,0.5530127,0.9717979,0.00146886,16.37721,1.90932,8.577507,46d,M060518_008_3
012,M060518,-9.84375,-14.95332,24.30012,44.375,3,12.49921,0.9911869,0.02085781,9.579337,1.722041,5.56278,12r,M060518_012_3
013,M060518,-10.9375,-13.89058,24.157,44.39,2,3.542442,1,0.02467685,12.66887,1.696573,7.467332,11ml,M060518_013_2
014,M060518,-11.90625,-11.07944,24.39562,44.45,2,2.309297,0.9720917,0.007931845,7.769061,1.467758,5.293147,11ml,M060518_014_2
014,M060518,-11.90625,-11.07944,24.39562,44.45,3,1.28071,0.9588719,0.03701528,10.61244,1.22052,8.695016,11ml,M060518_014_3
014,M060518,-11.90625,-11.07944,24.39562,44.45,5,2.179264,0.9588719,0.1260282,13.34537,1.243598,10.73126,11ml,M060518_014_5
017,M060518,-7.75,-18.952,24.03174,42.911,4,0.9733797,0.9576969,0.02820211,10.67517,1.617414,6.600144,12l,M060518_017_4
017,M060518,-7.75,-18.952,24.03174,42.911,6,1.906434,0.9903055,0.002350176,17.6229,1.760388,10.01081,12l,M060518_017_6
022,M060518,-14,-12.69538,23.03664,43.091,3,1.996537,0.9985312,0.006756757,9.011476,1.668491,5.400972,11ml,M060518_022_3
023,M060518,-12.84375,-11.38307,24.61032,43.1885,3,9.083613,0.9527027,0.03113984,7.377699,1.551135,4.756322,11ml,M060518_023_3
024,M060518,-11.5,-10.02872,26.26975,43.271,2,2.489393,0.9888366,0.007931845,9.923375,1.769218,5.608905,46v,M060518_024_2
025,M060518,-11.5,-8.8023,26.89516,43.26,2,6.816696,0.9914806,0.02555817,8.923687,1.317476,6.773321,46v,M060518_025_2
026,M060518,-8.0625,-19.319,24.2764,41.715,3,0.602231,0.9885429,0.0008813161,20.4596,1.685622,12.13772,45,M060518_026_3
033,M060518,-14.9375,-10.22163,23.53662,41.788,3,2.00669,0.9979436,0.02027027,10.96299,1.589069,6.899006,11ml,M060518_033_3
036,M060518,-9.25,-18.76298,24.47042,40.5105,1,4.911186,1,0.002643948,16.59575,1.32032,12.56949,45,M060518_036_1
039,M060518,-13.0625,-14.64446,24.01798,40.563,2,3.938928,0.9791422,0.04641598,7.376398,1.445488,5.10305,13l,M060518_039_2
054,M060518,-20.96875,-8.13881,19.19836,39.145,3,0.1872727,0.9894242,0.02291422,10.21747,1.959669,5.213877,13m,M060518_054_3
054,M060518,-20.96875,-8.13881,19.19836,39.145,6,0.90242,0.9811986,0.0252644,5.994809,1.445709,4.146621,13m,M060518_054_6
061,M060518,-17.75,-12.01405,21.27234,37.8835,3,2.160886,0.9814923,0.003525264,11.7288,1.89099,6.202466,13l,M060518_061_3
064,M060518,-22.96875,-8.46365,17.78805,37.6065,3,0.4629158,0.9950058,0.05552291,9.676239,1.777341,5.444222,13m,M060518_064_3
066,M060518,-12.84375,-21.25288,19.09972,36.483,1,2.487462,0.9841363,0.03349001,7.624014,2.183375,3.491848,45,M060518_066_1
072,M060518,-13.3125,-12.00253,26.10165,36.2385,3,20.57178,0.9574031,0.05522914,6.842473,1.659864,4.122309,46d,M060518_072_3
072,M060518,-13.3125,-12.00253,26.10165,36.2385,4,0.1715891,0.9982374,0,17.13143,1.887349,9.076981,46d,M060518_072_4
078,M060518,-10.4375,-20.0856,23.47694,35.25,1,4.147793,0.9809048,0.02643948,8.767432,1.397415,6.274035,45,M060518_078_1
079,M060518,-17.6875,-18.66469,17.83579,35.2475,4,22.62801,0.9952996,0.01233843,8.051135,1.188134,6.776286,AI,M060518_079_4
079,M060518,-17.6875,-18.66469,17.83579,35.2475,8,3.892701,0.9712104,0.02056404,4.869116,1.336424,3.643393,AI,M060518_079_8
088,M060518,-21,-5.73017,20.27193,33.2925,1,5.289552,0.980611,0.02614571,6.252875,1.245957,5.01853,cd,M060518_088_1
090,M060518,-13.75,-20.90019,20.06564,33.9445,3,7.104985,0.9964747,0.002643948,14.11284,1.717449,8.217325,45,M060518_090_3
091,M060518,-15.1875,-19.1687,20.17171,33.9545,3,28.79742,0.9991187,0.003231492,9.747472,1.061091,9.186272,44,M060518_091_3
091,M060518,-15.1875,-19.1687,20.17171,33.9545,4,0.7840918,0.9900118,0.007050529,10.83352,1.906443,5.682582,44,M060518_091_4
097,M060518,-14.5,-9.3048,26.25196,33.461,3,2.612346,0.9779671,0.001175088,12.09977,1.573415,7.690134,8B,M060518_097_3
097,M060518,-14.5,-9.3048,26.25196,33.461,4,1.168567,0.9779671,0.002350176,14.29219,1.490773,9.5871,8B,M060518_097_4
097,M060518,-14.5,-9.3048,26.25196,33.461,5,0.2606208,0.9973561,0.002056404,12.62237,1.624344,7.770754,8B,M060518_097_5
104,M060518,-18.25,-14.97925,19.4662,28.005,2,20.39038,0.9709166,0.08783784,5.760389,0.8609366,6.69084,6VaVb,M060518_104_2
104,M060518,-18.25,-14.97925,19.4662,28.005,3,27.21228,0.993537,0.003525264,11.77339,1.263094,9.321077,6VaVb,M060518_104_3
106,M060518,-13,-12.48972,26.6585,28.8375,2,7.851857,0.9879553,0.006462985,9.907454,2.009054,4.931402,6DR,M060518_106_2
106,M060518,-13,-12.48972,26.6585,28.8375,4,2.401159,0.9879553,0.008813161,11.27877,1.2583,8.963496,6DR,M060518_106_4
113,M060518,-9,-3.79596,32.86083,30.8445,1,11.01357,1,0.1360165,3.84624,1.136924,3.383022,6DR,M060518_113_1
113,M060518,-9,-3.79596,32.86083,30.8445,2,12.13598,1,0.001175088,18.00002,1.399865,12.8584,6DR,M060518_113_2
116,M060518,-17.625,-15.0692,20.00668,26.697,3,1.393202,0.8845476,0.003525264,18.91441,2.315321,8.169241,6DC,M060518_116_3
119,M060518,-20.1875,-11.32207,19.99828,26.2745,1,11.5079,0.9532902,0.0420094,8.796074,1.709852,5.144348,pu,M060518_119_1
119,M060518,-20.1875,-11.32207,19.99828,26.2745,5,8.720395,0.9532902,0.02820211,5.754069,1.505387,3.82232,pu,M060518_119_5
129,M060518,-34.15625,-12.405,5.25185,22.9485,2,11.91101,0.9720917,0.09430082,6.439524,1.811033,3.555719,AMG,M060518_129_2
133,M060518,-11.1875,-7.63392,30.4346,28.299,4,5.578985,0.9764982,0.03290247,7.015968,1.50189,4.671427,6DR,M060518_133_4
134,M060518,-11,-6.7588,30.77748,28.22,3,0.9039775,0.9982374,0.01086957,9.261529,1.686057,5.49301,6DR,M060518_134_3
135,M060518,-10.125,-5.53619,31.95271,27.8395,2,5.45263,0.987074,0.1175088,9.345726,1.144801,8.163623,6DR,M060518_135_2
136,M060518,-10.875,-4.5285,31.6573,27.8445,1,5.20636,0.9679788,0.1968273,7.633428,1.264701,6.035757,24c,M060518_136_1
136,M060518,-10.875,-4.5285,31.6573,27.8445,2,0.129865,0.9941245,0.006462985,12.63791,1.628385,7.761006,24c,M060518_136_2
138,M060518,-10.8125,-15.83348,27.11369,25.113,1,25.88959,0.9982374,0.01850764,10.09134,0.917275,11.00144,6DC,M060518_138_1
146,M060518,-8,-5.398,34.28884,26.482,1,13.53956,1,0.00146886,15.95996,1.336144,11.94479,6DC,M060518_146_1
146,M060518,-8,-5.398,34.28884,26.482,4,2.135668,0.9926557,0.01233843,5.969417,0.7300827,8.176357,6DC,M060518_146_4
146,M060518,-8,-5.398,34.28884,26.482,7,3.749997,0.9926557,0.006462985,5.720598,0.7912607,7.229726,6DC,M060518_146_7
147,M060518,-8,-4.267,34.59034,26.482,3,5.045115,0.9829612,0.004406581,6.707891,1.407178,4.76691,6DC,M060518_147_3
147,M060518,-8,-4.267,34.59034,26.482,4,0.2029808,0.9976498,0.002056404,13.52732,1.552947,8.710743,6DC,M060518_147_4
149,M060518,-14,-14.60868,25.37276,23.115,3,1.696941,0.9820799,0.01615746,8.760529,1.185328,7.390806,6DC,M060518_149_3
152,M060518,-8.8125,-10.64094,32.34484,23.66,2,1.327271,0.9929495,0.003525264,10.82579,1.521928,7.113208,6DC,M060518_152_2
152,M060518,-8.8125,-10.64094,32.34484,23.66,3,6.802475,0.970329,0.01674501,6.062127,1.516464,3.997542,6DC,M060518_152_3
152,M060518,-8.8125,-10.64094,32.34484,23.66,7,17.34504,0.9938308,0.008813161,9.769323,1.213681,8.049337,6DC,M060518_152_7
152,M060518,-8.8125,-10.64094,32.34484,23.66,8,3.376195,0.9788484,0.008813161,6.210564,1.220936,5.086724,6DC,M060518_152_8
152,M060518,-8.8125,-10.64094,32.34484,23.66,9,0.6758341,0.9615158,0.0440658,5.15544,1.375206,3.748851,6DC,M060518_152_9
154,M060518,-18.75,-7.6994,23.1164,25.365,3,4.973552,0.9732667,0.01527615,4.592234,1.366004,3.361802,cd,M060518_154_3
157,M060518,-12.75,-4.56426,29.63909,25.1225,2,15.71807,0.970329,0.0472973,6.830537,1.265779,5.39631,24c,M060518_157_2
003,M060618,-7.15625,-14.56349,25.36068,45.8425,2,16.96241,0.9386017,0.1433607,6.119644,1.531824,3.995004,12r,M060618_003_2
005,M060618,-9.5625,-12.00996,25.0392,45.775,3,0.07466903,0.9992197,0.0007803356,20.0507,1.868187,10.7327,11ml,M060618_005_3
006,M060618,-11.59375,-10.70556,23.83528,45.745,4,1.935217,0.9985312,0.005875441,11.13455,1.355477,8.21449,11ml,M060618_006_4
007,M060618,-11.96875,-10.01684,23.9562,45.7825,2,5.658923,0.9861927,0.05875441,10.02832,1.997408,5.020665,11ml,M060618_007_2
008,M060618,-7.40625,-8.99726,28.92146,45.97,3,0.6926511,0.9994125,0.0005875441,17.54245,2.088825,8.398239,46d,M060618_008_3
012,M060618,-9.84375,-14.95332,24.30012,44.375,3,2.327432,0.9377204,0.01351351,11.76554,1.474856,7.977421,12r,M060618_012_3
013,M060618,-10.9375,-13.89058,24.157,44.39,3,3.018385,0.9982374,0.02320799,13.06729,1.870194,6.987132,11ml,M060618_013_3
017,M060618,-7.75,-18.952,24.03174,42.911,3,1.907063,0.9905993,0.001762632,17.3775,1.507852,11.52467,12l,M060618_017_3
017,M060618,-7.75,-18.952,24.03174,42.911,4,1.731158,0.9838426,0.003525264,11.86476,1.598251,7.423593,12l,M060618_017_4
022,M060618,-14,-12.69538,23.03664,43.091,2,1.440538,0.9920785,0.007050529,9.143354,1.577889,5.794676,11ml,M060618_022_2
023,M060618,-12.90625,-11.39326,24.36976,43.181,2,0.9637934,0.9923619,0.04318449,9.374763,1.382189,6.78255,11ml,M060618_023_2
023,M060618,-12.90625,-11.39326,24.36976,43.181,3,1.20897,0.9932432,0.01204465,14.43235,1.411698,10.22339,11ml,M060618_023_3
024,M060618,-11.5,-10.02872,26.26975,43.271,3,8.172277,0.9673913,0.1084019,7.778361,1.91489,4.062042,46v,M060618_024_3
025,M060618,-11.5,-8.8023,26.89516,43.26,3,5.942561,0.9926557,0.05552291,9.003025,1.328541,6.776626,46v,M060618_025_3
026,M060618,-8.0625,-19.319,24.2764,41.715,4,1.289073,0.9753231,0.006462985,14.65656,1.475694,9.931974,45,M060618_026_4
036,M060618,-9.25,-18.76298,24.47042,40.5105,2,3.757416,0.9976498,0.005875441,15.00511,1.274156,11.77651,45,M060618_036_2
045,M060618,-8.875,-20.85875,22.8619,39.1625,1,5.632,0.9350764,0.009106933,8.112757,1.463744,5.542468,45,M060618_045_1
045,M060618,-8.875,-20.85875,22.8619,39.1625,5,0.2805779,0.9944183,0.001175088,18.11017,2.280766,7.940388,45,M060618_045_5
061,M060618,-17.75,-12.01405,21.27234,37.8835,2,3.726115,0.9650411,0.05963572,5.796477,1.603522,3.614841,13l,M060618_061_2
061,M060618,-17.75,-12.01405,21.27234,37.8835,4,2.291915,0.9947121,0.03554641,9.595248,2.390983,4.013098,13l,M060618_061_4
066,M060618,-12.96875,-21.25288,19.09972,36.483,3,3.083902,0.989718,0.01410106,7.697582,1.278108,6.022638,45,M060618_066_3
066,M060618,-12.96875,-21.25288,19.09972,36.483,5,7.182214,0.9315511,0.01145711,6.091966,1.714771,3.552642,45,M060618_066_5
072,M060618,-13.4375,-12.00253,26.10165,36.2385,3,1.111906,0.9976498,0.0005875441,15.35037,1.690752,9.079021,46d,M060618_072_3
072,M060618,-13.4375,-12.00253,26.10165,36.2385,5,0.2852413,0.9904762,0.002643948,13.13565,1.843857,7.124004,46d,M060618_072_5
077,M060618,-16.25,-21.62176,16.2398,35.11,1,1.514227,0.9773796,0.05229142,7.521552,1.515417,4.963355,AI,M060618_077_1
078,M060618,-10.4375,-20.0856,23.47694,35.25,3,0.1098153,0.9985312,0.001175088,17.058,1.527514,11.16716,45,M060618_078_3
078,M060618,-10.4375,-20.0856,23.47694,35.25,4,0.199408,0.9952996,0.008813161,11.24227,1.587008,7.083943,45,M060618_078_4
079,M060618,-17.6875,-18.66469,17.83579,35.2475,1,22.06572,0.9594595,0.01762632,6.079111,1.139417,5.33528,AI,M060618_079_1
079,M060618,-17.6875,-18.66469,17.83579,35.2475,5,9.562236,0.9485899,0.06257344,3.731802,1.011915,3.687861,AI,M060618_079_5
090,M060618,-13.75,-20.90019,20.06564,33.9445,3,8.141594,0.9955934,0.003819037,14.49724,1.667719,8.692857,45,M060618_090_3
091,M060618,-15.1875,-19.1687,20.17171,33.9545,1,26.07815,0.9988249,0.003819037,11.39142,1.18251,9.633254,44,M060618_091_1
091,M060618,-15.1875,-19.1687,20.17171,33.9545,4,1.825031,0.9944183,0.02056404,8.670264,1.63516,5.302396,44,M060618_091_4
097,M060618,-14.5,-9.3048,26.25196,33.461,3,2.749178,0.9885429,0.001762632,10.65981,1.463266,7.284943,8B,M060618_097_3
097,M060618,-14.5,-9.3048,26.25196,33.461,4,1.210245,0.9885429,0.03437133,10.68406,1.276326,8.370951,8B,M060618_097_4
097,M060618,-14.5,-9.3048,26.25196,33.461,5,0.1954233,0.9885429,0.01145711,10.30596,1.431357,7.200137,8B,M060618_097_5
099,M060618,-20.4375,-6.3823,21.1389,32.0095,5,2.301258,0.9982374,0.001175088,9.120049,2.773839,3.28788,cd,M060618_099_5
101,M060618,-9.25,-21.76836,23.63678,32.6565,1,16.7149,0.9477086,0.02673326,7.463302,1.114299,6.697755,46v,M060618_101_1
101,M060618,-9.25,-21.76836,23.63678,32.6565,4,13.66778,0.9917744,0.005287896,11.48064,1.520344,7.551345,46v,M060618_101_4
104,M060618,-18.25,-14.97925,19.4662,28.005,1,23.63424,0.9994125,0.006756757,12.94678,1.366426,9.474919,6VaVb,M060618_104_1
104,M060618,-18.25,-14.97925,19.4662,28.005,3,17.34346,0.9944183,0.0893067,6.453794,0.7863345,8.20744,6VaVb,M060618_104_3
106,M060618,-13,-12.48972,26.6585,28.8375,1,7.717241,0.9712104,0.007931845,10.52613,2.024251,5.200012,6DR,M060618_106_1
106,M060618,-13,-12.48972,26.6585,28.8375,5,2.590444,0.9908931,0.01439483,10.4721,1.07875,9.70763,6DR,M060618_106_5
109,M060618,-14.1875,-10.38436,26.2946,32.178,3,0.4556532,0.9762045,0.1098707,10.14612,1.491932,6.800658,8B,M060618_109_3
109,M060618,-14.1875,-10.38436,26.2946,32.178,5,22.36629,0.9603408,0.02232667,5.640405,1.472944,3.82934,8B,M060618_109_5
110,M060618,-19.40625,-7.3274,21.7225,30.725,3,2.160908,0.9958872,0.08548766,8.639806,1.432716,6.03037,cd,M060618_110_3
110,M060618,-19.40625,-7.3274,21.7225,30.725,4,0.0307191,0.995958,0,14.52105,7.863227,1.846704,cd,M060618_110_4
112,M060618,-22.65625,-5.58169,18.98747,30.72,3,3.50394,0.9876616,0.03202115,7.356142,2.006942,3.665349,cd,M060618_112_3
113,M060618,-9,-3.79596,32.86083,30.8445,1,10.95667,1,0.002350176,17.9456,1.682016,10.6691,6DR,M060618_113_1
113,M060618,-9,-3.79596,32.86083,30.8445,3,1.498411,0.9629847,0.007344301,4.861095,0.7753761,6.269339,6DR,M060618_113_3
116,M060618,-17.625,-15.0692,20.00668,26.697,2,2.456869,0.9958872,0.00293772,20.08855,2.906734,6.911038,6DC,M060618_116_2
116,M060618,-17.625,-15.0692,20.00668,26.697,4,0.7061642,0.9938308,0.03789659,9.77822,1.772654,5.516146,6DC,M060618_116_4
118,M060618,-19.625,-12.55564,19.70468,26.337,2,2.540062,0.9679788,0.05023502,7.636422,1.240358,6.156628,pu,M060618_118_2
118,M060618,-19.625,-12.55564,19.70468,26.337,3,17.28458,0.989718,0.005581669,9.220897,1.429267,6.451486,pu,M060618_118_3
119,M060618,-20.1875,-11.32207,19.99828,26.2745,1,4.765775,0.9289072,0.01175088,6.409001,1.35529,4.728879,pu,M060618_119_1
119,M060618,-20.1875,-11.32207,19.99828,26.2745,7,2.931846,0.9289072,0.02761457,10.30189,1.356046,7.597006,pu,M060618_119_7
128,M060618,-13.78125,-14.16174,24.76814,25.881,3,3.218488,0.9873678,0.01938896,8.839259,1.522652,5.805172,6DC,M060618_128_3
129,M060618,-34.21875,-12.405,5.25185,22.9485,3,10.35827,0.9509401,0.07784959,6.337578,1.520863,4.167092,AMG,M060618_129_3
133,M060618,-11.1875,-7.63392,30.4346,28.299,2,4.033237,0.9512339,0.03025852,3.923161,1.39525,2.811799,6DR,M060618_133_2
133,M060618,-11.1875,-7.63392,30.4346,28.299,4,5.394057,0.9779671,0.04435958,7.219513,1.474804,4.895235,6DR,M060618_133_4
134,M060618,-11.125,-6.7588,30.77748,28.22,4,0.2219042,0.9964747,0.002643948,11.39734,2.281606,4.995315,6DR,M060618_134_4
138,M060618,-10.8125,-15.83348,27.11369,25.113,1,26.5978,1,0.0146886,10.94928,1.076486,10.17132,6DC,M060618_138_1
138,M060618,-10.8125,-15.83348,27.11369,25.113,4,30.71805,0.9527027,0.05934195,3.930564,0.8308877,4.73056,6DC,M060618_138_4
146,M060618,-8,-5.398,34.28884,26.482,1,14.39167,1,0,15.31767,1.290926,11.86565,6DC,M060618_146_1
146,M060618,-8,-5.398,34.28884,26.482,5,5.247344,0.987074,0.003525264,5.778937,0.7839508,7.371556,6DC,M060618_146_5
146,M060618,-8,-5.398,34.28884,26.482,6,0.5489364,0.9694477,0.06286722,3.382306,0.8398919,4.027073,6DC,M060618_146_6
147,M060618,-8,-4.267,34.59034,26.482,2,5.533685,0.9967685,0,10.83388,1.529735,7.082195,6DC,M060618_147_2
147,M060618,-8,-4.267,34.59034,26.482,4,15.96168,0.9430082,0.06286722,4.193581,1.096232,3.825449,6DC,M060618_147_4
147,M060618,-8,-4.267,34.59034,26.482,5,0.297641,0.9967685,0,19.29954,1.745393,11.05742,6DC,M060618_147_5
150,M060618,-16.0625,-13.169,23.9416,22.815,3,3.959843,0.9891304,0.03554641,8.411836,1.287706,6.532421,6DC,M060618_150_3
152,M060618,-8.8125,-10.64094,32.34484,23.66,2,13.82992,0.9888366,0.02585194,8.851645,1.213377,7.29505,6DC,M060618_152_2
152,M060618,-8.8125,-10.64094,32.34484,23.66,5,4.622088,0.9847239,0.01204465,6.592782,1.218614,5.410063,6DC,M060618_152_5
157,M060618,-12.75,-4.56426,29.63909,25.1225,1,16.25962,0.976792,0.07784959,6.461986,1.276151,5.063651,24c,M060618_157_1
003,M060718,-7.15625,-14.56349,25.36068,45.8425,3,3.280936,0.9762045,0.03936545,8.406545,1.402231,5.995119,12r,M060718_003_3
006,M060718,-11.59375,-10.70556,23.83528,45.745,4,2.386185,0.9988249,0.005581669,11.64339,1.389648,8.37866,11ml,M060718_006_4
007,M060718,-11.96875,-10.01684,23.9562,45.7825,3,4.750207,0.9844301,0.03642773,10.07858,2.061222,4.889614,11ml,M060718_007_3
008,M060718,-7.40625,-8.99726,28.92146,45.97,2,14.79642,0.9700353,0.02467685,5.742696,1.07476,5.343234,46d,M060718_008_2
008,M060718,-7.40625,-8.99726,28.92146,45.97,5,0.7298332,1,0.0005875441,18.36996,2.051647,8.953764,46d,M060718_008_5
011,M060718,-7.1875,-15.96956,26.25444,44.475,2,3.549326,0.9559342,0.02056404,6.652165,1.202562,5.531659,46v,M060718_011_2
012,M060718,-9.84375,-14.95332,24.30012,44.375,1,2.707669,0.9673913,0.009988249,11.60701,1.405151,8.260328,12r,M060718_012_1
013,M060718,-10.9375,-13.89058,24.157,44.39,3,3.113528,0.996181,0.004700352,13.78504,2.077409,6.635688,11ml,M060718_013_3
017,M060718,-7.75,-18.952,24.03174,42.911,3,1.925869,0.970329,0.003819037,16.37128,1.666896,9.821415,12l,M060718_017_3
019,M060718,-8.53125,-16.67067,25.82578,43.1135,3,9.111794,0.9958872,0.006169213,8.620285,1.386409,6.217708,12m,M060718_019_3
022,M060718,-14,-12.69538,23.03664,43.091,3,1.822701,0.9850176,0.01233843,8.231257,1.884531,4.367803,11ml,M060718_022_3
023,M060718,-12.90625,-11.39326,24.36976,43.181,2,0.9273651,1,0.004994125,15.364,2.137854,7.186646,11ml,M060718_023_2
024,M060718,-11.5,-10.02872,26.26975,43.271,3,3.85593,0.9911869,0.02643948,9.352435,2.238772,4.177484,46v,M060718_024_3
025,M060718,-11.5,-8.8023,26.89516,43.26,3,5.775052,0.9938308,0.04553467,9.854076,1.293786,7.616463,46v,M060718_025_3
026,M060718,-8.0625,-19.319,24.2764,41.715,3,2.729521,0.9894242,0.02115159,9.900129,1.877952,5.27177,45,M060718_026_3
036,M060718,-9.25,-18.76298,24.47042,40.5105,3,4.804168,0.9973561,0.01145711,13.47023,1.399974,9.621775,45,M060718_036_3
045,M060718,-8.875,-20.85875,22.8619,39.1625,3,9.693867,0.9591657,0.03642773,7.843674,1.666118,4.707755,45,M060718_045_3
054,M060718,-21.03125,-8.13881,19.19836,39.145,3,0.962196,0.974148,0.03143361,7.733053,1.578045,4.900402,13m,M060718_054_3
061,M060718,-17.75,-12.01405,21.27234,37.8835,3,0.04057735,0.9980852,0.007659167,16.52664,2.804402,5.893106,13l,M060718_061_3
066,M060718,-13.09375,-21.26136,18.86984,36.478,3,1.561438,0.9788484,0.02908343,8.746735,2.110515,4.144361,45,M060718_066_3
072,M060718,-13.4375,-12.00253,26.10165,36.2385,5,0.8569235,0.978865,0.01292597,11.2457,1.411656,7.96632,46d,M060718_072_5
078,M060718,-10.4375,-20.0856,23.47694,35.25,3,0.1709559,0.9982374,0.001762632,19.32347,2.194547,8.80522,45,M060718_078_3
080,M060718,-12.9375,-16.91054,23.63854,35.315,3,5.210675,0.9744418,0.0293772,8.327457,1.985731,4.193647,46v,M060718_080_3
080,M060718,-12.9375,-16.91054,23.63854,35.315,4,22.07896,0.913631,0.03877791,5.30222,1.077782,4.919568,46v,M060718_080_4
090,M060718,-13.75,-20.90019,20.06564,33.9445,3,7.291455,0.9967685,0.008813161,14.00062,1.675983,8.353675,45,M060718_090_3
091,M060718,-15.1875,-19.1687,20.17171,33.9545,1,23.50698,0.9994125,0.01233843,11.69,1.199707,9.744049,44,M060718_091_1
091,M060718,-15.1875,-19.1687,20.17171,33.9545,3,1.534511,0.9941245,0.03525265,7.868536,1.619866,4.857522,44,M060718_091_3
097,M060718,-14.5,-9.3048,26.25196,33.461,3,2.702722,0.9929495,0.03789659,9.341727,1.474138,6.33708,8B,M060718_097_3
099,M060718,-20.4375,-6.3823,21.1389,32.0095,3,1.945223,0.9412456,0.03554641,10.60675,2.051325,5.170681,cd,M060718_099_3
101,M060718,-9.25,-21.76836,23.63678,32.6565,1,21.26525,0.9421269,0.1266157,6.638831,1.122772,5.912892,46v,M060718_101_1
101,M060718,-9.25,-21.76836,23.63678,32.6565,4,12.32902,0.9947121,0.007638073,14.40387,1.703564,8.455142,46v,M060718_101_4
104,M060718,-18.25,-14.97925,19.4662,28.005,2,17.49051,0.9773796,0.2253232,6.042603,0.8116496,7.444841,6VaVb,M060718_104_2
104,M060718,-18.25,-14.97925,19.4662,28.005,3,21.38699,0.9988249,0.005287896,13.44889,1.419007,9.477676,6VaVb,M060718_104_3
106,M060718,-13,-12.48972,26.6585,28.8375,4,5.337967,0.9386017,0.00293772,10.96347,1.851169,5.922455,6DR,M060718_106_4
109,M060718,-14.1875,-10.38436,26.2946,32.178,2,9.154205,0.882785,0.006169213,7.764272,1.30249,5.961097,8B,M060718_109_2
109,M060718,-14.1875,-10.38436,26.2946,32.178,3,1.0523,0.9908931,0.01292597,9.499055,1.379178,6.887475,8B,M060718_109_3
110,M060718,-19.46875,-7.3274,21.7225,30.725,5,4.026535,0.9888366,0.06345476,7.642997,1.500183,5.094709,cd,M060718_110_5
113,M060718,-9,-3.79596,32.86083,30.8445,1,13.02384,0.9324324,0.03025852,3.692329,0.6845438,5.393854,6DR,M060718_113_1
113,M060718,-9,-3.79596,32.86083,30.8445,2,12.23611,1,0.00293772,16.15668,1.958691,8.248716,6DR,M060718_113_2
113,M060718,-9,-3.79596,32.86083,30.8445,3,2.484724,0.9503525,0.02467685,3.496748,0.654929,5.339125,6DR,M060718_113_3
116,M060718,-17.625,-15.0692,20.00668,26.697,3,0.6991184,0.9782609,0.008225617,14.76572,1.662832,8.87986,6DC,M060718_116_3
116,M060718,-17.625,-15.0692,20.00668,26.697,4,0.5819519,0.9782609,0.001762632,22.4257,2.277015,9.84873,6DC,M060718_116_4
118,M060718,-19.625,-12.55564,19.70468,26.337,1,14.29281,0.9988249,0.001175088,11.33251,1.60235,7.072429,pu,M060718_118_1
125,M060718,-12.3125,-4.085,29.7564,29.553,2,19.53299,0.9797297,0.2150411,8.020346,1.143548,7.013565,24c,M060718_125_2
128,M060718,-14.03125,-14.14735,24.36735,25.8235,2,3.295995,0.9826674,0.006462985,6.507326,1.217815,5.343445,6DC,M060718_128_2
128,M060718,-14.03125,-14.14735,24.36735,25.8235,5,1.055905,0.9814923,0.0619859,10.84691,2.227175,4.870256,6DC,M060718_128_5
133,M060718,-11.1875,-7.63392,30.4346,28.299,3,4.544103,0.9823737,0.01938896,7.68828,1.475708,5.209893,6DR,M060718_133_3
134,M060718,-11.125,-6.7588,30.77748,28.22,5,0.2173071,0.9982374,0.001175088,14.39669,2.100649,6.853449,6DR,M060718_134_5
136,M060718,-11.125,-4.5522,31.34828,27.847,2,3.277952,0.9958872,0.02291422,7.715812,1.917725,4.023419,24c,M060718_136_2
136,M060718,-11.125,-4.5522,31.34828,27.847,4,2.383767,1,0.001175088,15.34624,1.356288,11.31489,24c,M060718_136_4
138,M060718,-10.8125,-15.83348,27.11369,25.113,1,27.33614,0.9923619,0.03819036,8.757237,1.125171,7.783026,6DC,M060718_138_1
140,M060718,-14.625,-13.06184,24.94868,24.368,3,0.8685505,0.996181,0.01615746,10.20208,1.585911,6.432946,6DC,M060718_140_3
144,M060718,-9.375,-7.5312,32.2711,26.5175,1,16.50797,0.9991187,0.007050529,14.7044,2.124251,6.922156,6DC,M060718_144_1
144,M060718,-9.375,-7.5312,32.2711,26.5175,2,4.323429,0.9888366,0.005287896,6.398224,1.157345,5.528363,6DC,M060718_144_2
144,M060718,-9.375,-7.5312,32.2711,26.5175,4,36.22478,0.9888366,0.0493537,4.15859,0.9201653,4.519395,6DC,M060718_144_4
146,M060718,-8,-5.398,34.28884,26.482,1,16.35564,0.9988249,0.003819037,14.26756,1.34578,10.6017,6DC,M060718_146_1
146,M060718,-8,-5.398,34.28884,26.482,4,6.223577,0.9914806,0.007344301,5.025571,0.711872,7.059655,6DC,M060718_146_4
146,M060718,-8,-5.398,34.28884,26.482,6,2.586108,0.9538778,0.006462985,4.819928,0.6266215,7.691928,6DC,M060718_146_6
147,M060718,-8,-4.267,34.59034,26.482,2,0.4604497,1,0,21.25431,1.94358,10.93565,6DC,M060718_147_2
150,M060718,-16.4375,-13.15915,23.53939,22.765,3,7.53485,0.9594595,0.02027027,6.647213,1.576286,4.217009,6DC,M060718_150_3
152,M060718,-8.8125,-10.64094,32.34484,23.66,3,6.970478,0.9853114,0.007050529,7.154969,1.186728,6.029155,6DC,M060718_152_3
152,M060718,-8.8125,-10.64094,32.34484,23.66,4,14.68801,0.9809048,0.006169213,8.266665,1.292216,6.397279,6DC,M060718_152_4
157,M060718,-12.75,-4.56426,29.63909,25.1225,1,15.47241,0.9626909,0.08490012,6.18132,1.252615,4.934733,24c,M060718_157_1
003,M060818,-7.1875,-14.56349,25.36068,45.8425,2,4.464809,0.9750293,0.03877791,8.086888,1.536696,5.262516,12r,M060818_003_2
004,M060818,-8.96875,-13.48804,24.49756,45.8125,3,5.974294,0.9844301,0.09312573,5.874727,1.454799,4.038171,11ml,M060818_004_3
005,M060818,-9.625,-12.00593,24.8996,45.7675,2,12.03426,0.9850176,0.006462985,6.219035,1.144009,5.436177,11ml,M060818_005_2
005,M060818,-9.625,-12.00593,24.8996,45.7675,3,1.451804,0.9694477,0.01057579,9.113359,1.255776,7.257151,11ml,M060818_005_3
006,M060818,-11.59375,-10.70556,23.83528,45.745,4,1.996647,0.9988249,0.002350176,13.82169,1.466243,9.426601,11ml,M060818_006_4
007,M060818,-11.96875,-10.01684,23.9562,45.7825,1,4.557185,0.920094,0.007638073,10.89926,1.458601,7.472406,11ml,M060818_007_1
008,M060818,-7.40625,-8.99726,28.92146,45.97,3,0.5152074,0.9876616,0.0008813161,14.3243,1.901829,7.531856,46d,M060818_008_3
012,M060818,-9.84375,-14.95332,24.30012,44.375,2,15.30355,0.9450646,0.08754407,6.201437,1.361391,4.555222,12r,M060818_012_2
012,M060818,-9.84375,-14.95332,24.30012,44.375,3,6.208521,0.9374266,0.02379553,9.969323,1.72284,5.786563,12r,M060818_012_3
013,M060818,-10.9375,-13.89058,24.157,44.39,3,2.136072,0.9976498,0.005581669,15.62221,2.365259,6.60486,11ml,M060818_013_3
017,M060818,-7.75,-18.952,24.03174,42.911,2,2.361004,0.9606345,0.01880141,10.64635,2.016817,5.278791,12l,M060818_017_2
017,M060818,-7.75,-18.952,24.03174,42.911,3,3.50139,0.9606345,0.002350176,13.52611,1.829312,7.394098,12l,M060818_017_3
018,M060818,-7.3125,-17.85536,25.83972,43.106,3,1.331295,0.983255,0.02408931,6.9674,1.177372,5.917754,12l,M060818_018_3
018,M060818,-7.3125,-17.85536,25.83972,43.106,4,0.4498183,0.9770858,0,47.72777,3.839104,12.43201,12l,M060818_018_4
019,M060818,-8.53125,-16.67067,25.82578,43.1135,2,7.246287,0.9903055,0.005581669,8.185886,1.43496,5.70461,12m,M060818_019_2
022,M060818,-14,-12.69538,23.03664,43.091,3,3.695243,0.9635723,0.01527615,7.372923,1.972814,3.737262,11ml,M060818_022_3
023,M060818,-12.90625,-11.39326,24.36976,43.181,3,0.8052931,0.9994125,0.003231492,16.15189,2.115913,7.633531,11ml,M060818_023_3
025,M060818,-11.5,-8.8023,26.89516,43.26,3,7.242804,0.980611,0.03642773,8.041128,1.480456,5.431523,46v,M060818_025_3
026,M060818,-8.0625,-19.319,24.2764,41.715,3,2.708116,0.9944183,0.01175088,12.35591,1.304655,9.470637,45,M060818_026_3
026,M060818,-8.0625,-19.319,24.2764,41.715,5,2.001284,0.9750293,0.01498237,5.832146,1.152525,5.060321,45,M060818_026_5
036,M060818,-9.25,-18.76298,24.47042,40.5105,1,4.660922,0.9997062,0.002056404,16.37047,1.833264,8.929688,45,M060818_036_1
045,M060818,-8.875,-20.85875,22.8619,39.1625,2,1.740685,0.9427145,0.04259694,9.29591,1.63436,5.687797,45,M060818_045_2
045,M060818,-8.875,-20.85875,22.8619,39.1625,5,5.182089,0.989718,0.003231492,9.948287,1.828464,5.440791,45,M060818_045_5
045,M060818,-8.875,-20.85875,22.8619,39.1625,6,0.6687246,0.9917744,0.002350176,18.7276,1.739085,10.76865,45,M060818_045_6
061,M060818,-17.75,-12.01405,21.27234,37.8835,3,0.4791891,0.9676851,0.002056404,14.11705,1.522017,9.275223,13l,M060818_061_3
072,M060818,-13.4375,-12.00253,26.10165,36.2385,2,16.68915,0.9885429,0.004406581,10.4566,1.438186,7.270686,46d,M060818_072_2
072,M060818,-13.4375,-12.00253,26.10165,36.2385,3,0.5510829,0.9885429,0.01057579,9.101933,1.420709,6.406615,46d,M060818_072_3
078,M060818,-10.5625,-20.0856,23.47694,35.25,3,4.586658,0.9565217,0.06110458,8.36799,1.609445,5.199302,45,M060818_078_3
080,M060818,-13.0625,-16.91054,23.63854,35.315,3,1.208306,0.9864865,0.004700352,11.73835,1.9719,5.952814,46v,M060818_080_3
080,M060818,-13.0625,-16.91054,23.63854,35.315,4,0.3921602,0.9864865,0.0005875441,18.49225,1.641289,11.26691,46v,M060818_080_4
090,M060818,-13.75,-20.90019,20.06564,33.9445,2,7.712919,0.9952996,0.01116334,12.05835,1.678772,7.182839,45,M060818_090_2
091,M060818,-15.1875,-19.1687,20.17171,33.9545,1,16.47777,0.9973561,0.002056404,10.43304,1.605025,6.500232,44,M060818_091_1
091,M060818,-15.1875,-19.1687,20.17171,33.9545,4,1.603534,0.9926557,0.01439483,8.169953,1.799663,4.539712,44,M060818_091_4
097,M060818,-14.5,-9.3048,26.25196,33.461,3,7.219183,0.9673913,0.02555817,7.617699,1.469926,5.18237,8B,M060818_097_3
099,M060818,-20.5,-6.3823,21.1389,32.0095,3,1.264598,0.9952996,0.007931845,10.04183,1.825146,5.501929,cd,M060818_099_3
100,M060818,-11.8125,-4.85474,29.70386,32.2195,3,3.463797,0.9973561,0.03407755,10.41989,2.244514,4.64238,24c,M060818_100_3
101,M060818,-9.25,-21.76836,23.63678,32.6565,2,10.1504,0.9994125,0.00146886,16.347,1.86125,8.782804,46v,M060818_101_2
101,M060818,-9.25,-21.76836,23.63678,32.6565,3,5.374079,0.9976498,0.01086957,9.083657,1.105608,8.215981,46v,M060818_101_3
104,M060818,-18.25,-14.97925,19.4662,28.005,2,23.39676,0.9988249,0.007638073,12.56184,1.345742,9.334508,6VaVb,M060818_104_2
106,M060818,-13,-12.48972,26.6585,28.8375,2,4.894394,0.907168,0.006169213,9.868664,1.907877,5.172588,6DR,M060818_106_2
109,M060818,-14.1875,-10.38436,26.2946,32.178,2,1.446278,0.9882491,0.02820211,8.485002,1.506687,5.631562,8B,M060818_109_2
109,M060818,-14.1875,-10.38436,26.2946,32.178,4,6.449258,0.9247944,0.01821387,4.917274,1.235084,3.981327,8B,M060818_109_4
110,M060818,-19.46875,-7.3274,21.7225,30.725,3,1.984965,0.9988249,0.03584019,12.37857,1.354278,9.140345,cd,M060818_110_3
110,M060818,-19.46875,-7.3274,21.7225,30.725,5,3.389443,0.9835488,0.09165687,6.555545,1.510155,4.340976,cd,M060818_110_5
113,M060818,-9,-3.79596,32.86083,30.8445,1,6.282949,0.996181,0.01792009,4.2876,0.821401,5.219862,6DR,M060818_113_1
113,M060818,-9,-3.79596,32.86083,30.8445,2,7.855544,1,0.001762632,20.79728,2.634954,7.892841,6DR,M060818_113_2
113,M060818,-9,-3.79596,32.86083,30.8445,4,2.709795,0.9626909,0.02262045,5.761375,0.9215555,6.251794,6DR,M060818_113_4
116,M060818,-17.625,-15.0692,20.00668,26.697,1,3.256819,0.9820799,0.03907168,7.500651,1.758356,4.265718,6DC,M060818_116_1
116,M060818,-17.625,-15.0692,20.00668,26.697,3,0.4686099,0.9820799,0.009400705,16.68827,2.350777,7.099042,6DC,M060818_116_3
118,M060818,-19.625,-12.55564,19.70468,26.337,2,4.209263,0.9541715,0.05757932,7.298223,1.433532,5.091079,pu,M060818_118_2
119,M060818,-20.6875,-11.30893,19.18972,26.1495,3,9.213847,0.9983292,0.002350176,9.937571,2.014024,4.934186,pu,M060818_119_3
119,M060818,-20.6875,-11.30893,19.18972,26.1495,5,3.397248,0.9966583,0,20.05781,2.24506,8.934199,pu,M060818_119_5
128,M060818,-14.03125,-14.14735,24.36735,25.8235,4,19.97851,0.9861927,0.009400705,5.511871,1.412029,3.903512,6DC,M060818_128_4
128,M060818,-14.03125,-14.14735,24.36735,25.8235,6,5.742861,0.9691539,0.01586369,8.3141,1.712907,4.853795,6DC,M060818_128_6
128,M060818,-14.03125,-14.14735,24.36735,25.8235,7,0.04757001,0.9861726,0.006549119,21.00788,2.389662,8.791151,6DC,M060818_128_7
134,M060818,-11.125,-6.7588,30.77748,28.22,2,0.09293535,0.9981857,0.002419111,15.55415,2.442212,6.368877,6DR,M060818_134_2
135,M060818,-10.5,-5.55462,31.64458,27.842,3,0.5842812,0.9967685,0.007931845,14.88968,1.820935,8.176942,6DR,M060818_135_3
135,M060818,-10.5,-5.55462,31.64458,27.842,4,0.3015527,0.996181,0.001762632,6.549716,1.663191,3.938041,6DR,M060818_135_4
138,M060818,-10.8125,-15.83348,27.11369,25.113,5,0.4655666,0.9673913,0.05522914,10.16127,1.590271,6.389646,6DC,M060818_138_5
140,M060818,-14.75,-13.06184,24.94868,24.368,2,1.378115,0.9988249,0.001762632,14.3398,1.77975,8.057201,6DC,M060818_140_2
144,M060818,-9.375,-7.5312,32.2711,26.5175,2,15.42346,0.9491774,0.03025852,7.268616,1.53841,4.724758,6DC,M060818_144_2
146,M060818,-8,-5.398,34.28884,26.482,1,7.562801,0.9735605,0.01321974,4.429507,0.9180557,4.824878,6DC,M060818_146_1
146,M060818,-8,-5.398,34.28884,26.482,2,2.607495,0.9950058,0.004994125,7.822302,0.8671827,9.020363,6DC,M060818_146_2
146,M060818,-8,-5.398,34.28884,26.482,3,0.4596492,0.8716216,0.007344301,19.46806,1.615735,12.04904,6DC,M060818_146_3
146,M060818,-8,-5.398,34.28884,26.482,12,1.317944,0.9950058,0.007050529,5.873724,1.428175,4.112748,6DC,M060818_146_12
147,M060818,-8.25,-4.2865,34.28593,26.4845,1,17.87839,0.9994125,0.003231492,16.28843,2.011699,8.096849,6DC,M060818_147_1
150,M060818,-16.6875,-13.15915,23.53939,22.765,1,2.016777,0.9253819,0.0326087,3.740055,1.362089,2.745823,6DC,M060818_150_1
150,M060818,-16.6875,-13.15915,23.53939,22.765,4,4.492042,0.9853114,0.08225617,8.519607,1.33396,6.386701,6DC,M060818_150_4
152,M060818,-8.8125,-10.64094,32.34484,23.66,1,17.35258,0.9380141,0.1001763,3.760257,1.10933,3.389665,6DC,M060818_152_1
152,M060818,-8.8125,-10.64094,32.34484,23.66,5,4.214584,0.9779671,0.04230317,6.343677,1.493191,4.248402,6DC,M060818_152_5
152,M060818,-8.8125,-10.64094,32.34484,23.66,6,3.634569,1,0,16.57782,2.142041,7.739262,6DC,M060818_152_6
155,M060818,-19.09375,-6.80779,23.13653,25.37,3,5.049262,0.9917744,0.1289659,8.45606,1.445851,5.848499,cd,M060818_155_3
156,M060818,-16.03125,-5.78443,26.32072,25.32,3,1.586678,0.9914911,0.001762632,14.26019,2.640788,5.399976,24c,M060818_156_3
003,M061118,-7.1875,-14.56349,25.36068,45.8425,3,5.227741,0.9726792,0.07050529,8.2664,1.87314,4.413125,12r,M061118_003_3
005,M061118,-9.625,-12.00593,24.8996,45.7675,3,0.9435312,0.9891304,0.09341951,10.92649,1.511576,7.22854,11ml,M061118_005_3
006,M061118,-11.59375,-10.70556,23.83528,45.745,2,2.084018,0.9976498,0.002056404,11.27788,1.384963,8.143092,11ml,M061118_006_2
007,M061118,-11.96875,-10.01684,23.9562,45.7825,2,9.618737,0.9418331,0.02291422,7.144147,1.688753,4.230429,11ml,M061118_007_2
011,M061118,-7.3125,-15.97057,26.12643,44.465,3,1.214153,0.9770858,0.03495887,8.878301,1.663112,5.338365,46v,M061118_011_3
011,M061118,-7.3125,-15.97057,26.12643,44.465,5,0.9228526,0.9888366,0.005287896,17.79397,1.728199,10.29625,46v,M061118_011_5
012,M061118,-9.84375,-14.95332,24.30012,44.375,2,18.60276,0.9653349,0.04142186,8.368632,1.893186,4.420397,12r,M061118_012_2
013,M061118,-10.9375,-13.89058,24.157,44.39,3,0.3497665,0.9509401,0.1283784,9.479534,1.341204,7.067929,11ml,M061118_013_3
013,M061118,-10.9375,-13.89058,24.157,44.39,6,0.725089,0.9979436,0.006169213,19.01977,1.679198,11.3267,11ml,M061118_013_6
014,M061118,-12.09375,-11.07692,24.24241,44.4425,2,3.442143,0.9841363,0.0005875441,7.098279,1.882288,3.771091,11ml,M061118_014_2
017,M061118,-7.75,-18.952,24.03174,42.911,2,0.7750349,0.9891304,0.00293772,14.738,1.564033,9.423078,12l,M061118_017_2
017,M061118,-7.75,-18.952,24.03174,42.911,3,2.031472,0.9809048,0.02115159,8.865509,1.946489,4.554615,12l,M061118_017_3
019,M061118,-8.53125,-16.67067,25.82578,43.1135,2,8.119447,0.9861927,0.008813161,7.927632,1.566247,5.061547,12m,M061118_019_2
022,M061118,-14,-12.69538,23.03664,43.091,3,1.37,0.9841363,0.0493537,7.937135,1.704545,4.656455,11ml,M061118_022_3
025,M061118,-11.5625,-8.81495,26.71084,43.2575,3,9.318386,0.9782609,0.04435958,7.867257,1.229273,6.399925,46v,M061118_025_3
026,M061118,-8.0625,-19.319,24.2764,41.715,3,0.9416681,0.9891304,0.006756757,10.38091,4.059558,2.557153,45,M061118_026_3
036,M061118,-9.25,-18.76298,24.47042,40.5105,3,4.825238,0.9764982,0.09518214,8.497987,1.241192,6.846636,45,M061118_036_3
042,M061118,-15.9375,-10.19277,22.99513,40.6275,3,1.648388,0.9861927,0.03495887,7.758389,1.827836,4.244576,13l,M061118_042_3
045,M061118,-9.125,-20.8663,22.66392,39.155,3,12.37825,0.9459459,0.09312573,6.421923,1.51936,4.226729,45,M061118_045_3
054,M061118,-21.03125,-8.13881,19.19836,39.145,2,6.885345,0.9894242,0.09077556,8.629143,1.27522,6.766789,13m,M061118_054_2
060,M061118,-18.34375,-13.36388,20.07976,37.8785,3,18.88581,0.9988249,0.01351351,9.124733,1.3186,6.920014,13l,M061118_060_3
066,M061118,-13.28125,-21.26984,18.63996,36.473,1,3.49843,0.9891304,0.03701528,3.588674,1.011343,3.548424,45,M061118_066_1
066,M061118,-13.28125,-21.26984,18.63996,36.473,4,0.7868676,0.979436,0.006756757,8.080894,1.90629,4.239069,45,M061118_066_4
068,M061118,-19.40625,-18.62544,15.82876,36.443,1,12.55019,0.9929495,0.05199765,4.022383,1.364148,2.948642,12o,M061118_068_1
069,M061118,-19.375,-16.6788,16.93421,36.6055,2,0.212969,0.9970623,0.005287896,15.76511,2.16415,7.284667,12o,M061118_069_2
072,M061118,-13.4375,-12.00253,26.10165,36.2385,3,1.6049,1,0,22.13508,2.217541,9.981813,46d,M061118_072_3
088,M061118,-21.375,-5.74846,19.98434,33.285,3,0.1832924,0.9952996,0.0008813161,9.628026,3.098389,3.107429,cd,M061118_088_3
090,M061118,-13.75,-20.90019,20.06564,33.9445,3,7.219057,0.9955934,0.008813161,12.94869,1.666147,7.771635,45,M061118_090_3
091,M061118,-15.1875,-19.1687,20.17171,33.9545,3,5.208657,0.9876616,0.05522914,10.04959,1.146882,8.762537,44,M061118_091_3
091,M061118,-15.1875,-19.1687,20.17171,33.9545,4,3.527691,0.9803173,0.02262045,7.639727,1.333178,5.730462,44,M061118_091_4
093,M061118,-19.65625,-16.02604,18.31656,33.6555,3,1.795956,0.9779671,0.01439483,4.796436,1.057859,4.534096,AI,M061118_093_3
097,M061118,-14.5,-9.3048,26.25196,33.461,1,1.299388,0.9756169,0.004406581,7.467284,1.611263,4.634429,8B,M061118_097_1
097,M061118,-14.5,-9.3048,26.25196,33.461,4,1.164117,0.989718,0.007931845,10.32825,2.030331,5.086981,8B,M061118_097_4
100,M061118,-11.8125,-4.85474,29.70386,32.2195,3,7.635437,0.9621034,0.08431257,6.446395,2.129473,3.027226,24c,M061118_100_3
101,M061118,-9.25,-21.76836,23.63678,32.6565,1,8.618786,0.9762045,0.01968273,7.572685,1.044014,7.253433,46v,M061118_101_1
101,M061118,-9.25,-21.76836,23.63678,32.6565,2,12.21982,0.9979436,0.002643948,14.57234,1.704393,8.54987,46v,M061118_101_2
104,M061118,-18.25,-14.97925,19.4662,28.005,3,1.371658,0.9809048,0.01880141,10.33549,1.394302,7.412663,6VaVb,M061118_104_3
104,M061118,-18.25,-14.97925,19.4662,28.005,4,1.813619,0.9867803,0.0146886,15.34101,1.665118,9.213168,6VaVb,M061118_104_4
106,M061118,-13,-12.48972,26.6585,28.8375,4,6.601904,0.9738543,0.0199765,7.705865,1.498904,5.140999,6DR,M061118_106_4
106,M061118,-13,-12.48972,26.6585,28.8375,5,0.9385874,0.9844301,0.03319624,9.097637,1.533472,5.932706,6DR,M061118_106_5
113,M061118,-9,-3.79596,32.86083,30.8445,3,6.286774,0.9218566,0.05757932,3.791976,1.042006,3.63911,6DR,M061118_113_3
113,M061118,-9,-3.79596,32.86083,30.8445,4,34.29097,0.9344888,0.0619859,6.678379,1.5077,4.429515,6DR,M061118_113_4
118,M061118,-24.75,-12.4318,14.8196,25.587,3,0.2338409,0.9920682,0.01762632,9.857374,2.572042,3.832509,pu,M061118_118_3
125,M061118,-12.3125,-4.085,29.7564,29.553,2,7.629582,0.9500588,0.1592244,6.356239,2.087047,3.045567,24c,M061118_125_2
134,M061118,-11.375,-6.76935,30.46816,28.2175,3,9.436522,0.9215629,0.02291422,6.399879,1.504679,4.253318,6DR,M061118_134_3
140,M061118,-14.75,-13.06184,24.94868,24.368,5,0.08616535,0.9711877,0.01159522,11.67737,1.512484,7.720658,6DC,M061118_140_5
144,M061118,-9.375,-7.5312,32.2711,26.5175,1,13.11417,0.987074,0.02408931,10.22626,1.29038,7.924999,6DC,M061118_144_1
144,M061118,-9.375,-7.5312,32.2711,26.5175,2,32.21329,0.9294947,0.05141011,5.599432,1.021727,5.480357,6DC,M061118_144_2
146,M061118,-8,-5.398,34.28884,26.482,1,12.64994,0.9668038,0.05434782,7.202907,1.754427,4.10556,6DC,M061118_146_1
146,M061118,-8,-5.398,34.28884,26.482,5,14.87689,0.9668038,0.003231492,8.785606,1.42941,6.146316,6DC,M061118_146_5
146,M061118,-8,-5.398,34.28884,26.482,7,2.188956,0.9864865,0.01028202,7.913811,1.124433,7.038046,6DC,M061118_146_7
147,M061118,-8.25,-4.2865,34.28593,26.4845,2,0.2359001,0.9877074,0.01821387,8.63192,2.284101,3.779133,6DC,M061118_147_2
147,M061118,-8.25,-4.2865,34.28593,26.4845,3,8.606556,1,0.007344301,11.61461,1.476884,7.864271,6DC,M061118_147_3
150,M061118,-16.6875,-13.15915,23.53939,22.765,3,24.4274,0.9597532,0.04318449,6.070665,1.175963,5.162292,6DC,M061118_150_3
152,M061118,-8.8125,-10.64094,32.34484,23.66,3,15.5286,0.9415393,0.03437133,6.97835,1.277504,5.462487,6DC,M061118_152_3
005,M061218,-9.625,-12.00593,24.8996,45.7675,3,3.486765,0.9550529,0.0346651,8.45107,1.62537,5.199474,11ml,M061218_005_3
006,M061218,-11.59375,-10.70556,23.83528,45.745,5,1.769176,1,0.003525264,14.01761,1.480314,9.469349,11ml,M061218_006_5
008,M061218,-7.59375,-9.00179,28.74709,45.9625,2,5.852042,0.9412456,0.05434782,7.721317,1.4886,5.186965,46d,M061218_008_2
008,M061218,-7.59375,-9.00179,28.74709,45.9625,5,0.9557307,0.9976498,0.005287896,12.63363,1.763021,7.165902,46d,M061218_008_5
011,M061218,-7.3125,-15.97057,26.12643,44.465,3,1.669386,0.9250881,0.02467685,9.201922,1.483646,6.202235,46v,M061218_011_3
011,M061218,-7.3125,-15.97057,26.12643,44.465,4,2.379915,0.989718,0.007931845,9.809192,1.565806,6.264629,46v,M061218_011_4
012,M061218,-9.84375,-14.95332,24.30012,44.375,2,12.24154,0.9515276,0.07285547,7.517318,1.831215,4.105098,12r,M061218_012_2
013,M061218,-10.9375,-13.89058,24.157,44.39,2,0.6615492,0.9950058,0.004700352,17.83004,1.604931,11.10954,11ml,M061218_013_2
013,M061218,-10.9375,-13.89058,24.157,44.39,4,2.459369,0.9550529,0.1186839,7.773427,1.472958,5.277427,11ml,M061218_013_4
017,M061218,-7.75,-18.952,24.03174,42.911,2,0.4339249,0.9717979,0.00293772,12.83775,1.439764,8.91656,12l,M061218_017_2
017,M061218,-7.75,-18.952,24.03174,42.911,5,0.8872307,0.9908931,0.008813161,19.497,2.089593,9.330525,12l,M061218_017_5
019,M061218,-8.59375,-16.67376,25.69084,43.106,3,8.549733,0.9524089,0.01586369,6.613526,1.5464,4.276725,12m,M061218_019_3
022,M061218,-14,-12.69538,23.03664,43.091,3,2.019501,0.985899,0.01674501,8.658043,1.849648,4.680913,11ml,M061218_022_3
023,M061218,-13.0625,-11.39326,24.36976,43.181,3,0.227497,0.9985312,0.003231492,12.07435,3.091014,3.906273,11ml,M061218_023_3
024,M061218,-11.625,-10.03816,26.087,43.266,3,2.940643,0.9947121,0.01145711,12.78266,2.036262,6.277514,46v,M061218_024_3
025,M061218,-11.5625,-8.81495,26.71084,43.2575,3,5.887731,0.9817861,0.01556992,8.42237,1.251212,6.731372,46v,M061218_025_3
033,M061218,-15.28125,-10.24269,23.11706,41.778,2,1.289974,0.9882491,0.005581669,6.227895,1.71394,3.633672,11ml,M061218_033_2
039,M061218,-13.34375,-14.66108,23.62504,40.553,5,1.167726,0.9947121,0.03349001,8.274237,2.076777,3.984173,13l,M061218_039_5
045,M061218,-9.125,-20.8663,22.66392,39.155,3,17.26771,0.9333137,0.1128085,6.848411,1.866784,3.668561,45,M061218_045_3
054,M061218,-21.03125,-8.13881,19.19836,39.145,2,7.055737,0.9905993,0.05992949,8.843815,1.241947,7.120928,13m,M061218_054_2
061,M061218,-17.875,-12.0257,20.96196,37.881,2,0.2449973,0.9976498,0.003819037,6.03551,2.011703,3.0002,13l,M061218_061_2
066,M061218,-13.28125,-21.26984,18.63996,36.473,3,3.602706,0.9694477,0.1410106,8.490919,1.611467,5.269063,45,M061218_066_3
069,M061218,-19.375,-16.6788,16.93421,36.6055,3,0.1808394,0.9941245,0.003819037,15.87671,1.925724,8.244542,12o,M061218_069_3
071,M061218,-22.1875,-13.55486,16.64005,36.35749,3,0.3712883,0.9976498,0.002643948,10.49643,2.402373,4.369192,13l,M061218_071_3
072,M061218,-13.4375,-12.00253,26.10165,36.2385,2,13.83087,0.9817861,0.002350176,7.367569,0.997921,7.382918,46d,M061218_072_2
072,M061218,-13.4375,-12.00253,26.10165,36.2385,3,1.32964,0.9817861,0.01321974,4.44247,1.130672,3.929054,46d,M061218_072_3
072,M061218,-13.4375,-12.00253,26.10165,36.2385,6,2.603946,1,0.0005875441,25.86961,2.115442,12.22894,46d,M061218_072_6
077,M061218,-16.5625,-21.63872,15.7186,35.1,3,27.74069,0.8960047,0.07197415,4.786923,1.301362,3.678394,AI,M061218_077_3
088,M061218,-21.46875,-5.74846,19.98434,33.285,3,4.779484,0.9826674,0.05611046,6.328222,1.19128,5.312122,cd,M061218_088_3
090,M061218,-13.75,-20.90019,20.06564,33.9445,3,8.117728,0.9941245,0.006462985,12.84999,1.636141,7.853842,45,M061218_090_3
091,M061218,-15.1875,-19.1687,20.17171,33.9545,3,3.108303,0.9952996,0.03437133,12.53986,1.247643,10.05084,44,M061218_091_3
097,M061218,-14.5,-9.3048,26.25196,33.461,3,0.8331109,1,0,18.20005,1.981851,9.183356,8B,M061218_097_3
100,M061218,-11.8125,-4.85474,29.70386,32.2195,3,8.730616,0.9908931,0.09253819,6.561823,1.5335,4.278985,24c,M061218_100_3
101,M061218,-9.25,-21.76836,23.63678,32.6565,1,12.18054,0.9245006,0.1131022,6.021916,1.156149,5.2086,46v,M061218_101_1
101,M061218,-9.25,-21.76836,23.63678,32.6565,5,10.53462,0.993537,0.01321974,10.6067,1.442554,7.352727,46v,M061218_101_5
104,M061218,-18.25,-14.97925,19.4662,28.005,3,1.536125,0.9991187,0.003231492,15.4711,1.554381,9.95322,6VaVb,M061218_104_3
106,M061218,-13,-12.48972,26.6585,28.8375,2,6.151298,0.9829612,0.009400705,8.154769,1.513823,5.38687,6DR,M061218_106_2
109,M061218,-14.1875,-10.38436,26.2946,32.178,2,6.824391,0.9720917,0.04964747,7.215895,1.306834,5.521663,8B,M061218_109_2
113,M061218,-9,-3.79596,32.86083,30.8445,4,0.1831932,0.9976498,0.003231492,16.58018,2.195069,7.553375,6DR,M061218_113_4
119,M061218,-21.1875,-11.30236,18.78544,26.087,3,4.00431,0.9835488,0.05141011,7.469189,1.42759,5.232026,pu,M061218_119_3
128,M061218,-14.03125,-14.14735,24.36735,25.8235,3,4.114973,0.9694477,0.01175088,8.90678,1.561828,5.702791,6DC,M061218_128_3
128,M061218,-14.03125,-14.14735,24.36735,25.8235,4,0.3631053,0.9694477,0.01703878,10.4721,1.662312,6.299722,6DC,M061218_128_4
134,M061218,-11.375,-6.76935,30.46816,28.2175,1,9.293973,0.9339013,0.02291422,6.890081,1.502893,4.584546,6DR,M061218_134_1
135,M061218,-10.5,-5.55462,31.64458,27.842,3,0.3070925,0.9920682,0.007050529,11.49403,1.64112,7.003775,6DR,M061218_135_3
136,M061218,-11.65625,-4.5996,30.73024,27.852,3,3.915188,0.9841363,0.01380729,7.096321,1.642158,4.321339,24c,M061218_136_3
138,M061218,-10.8125,-15.83348,27.11369,25.113,3,3.436618,0.8181551,0.04876616,3.554604,1.356732,2.619975,6DC,M061218_138_3
144,M061218,-9.375,-7.5312,32.2711,26.5175,3,28.07684,0.9512339,0.03613396,6.194799,1.063643,5.824133,6DC,M061218_144_3
146,M061218,-8,-5.398,34.28884,26.482,3,12.00284,0.9529965,0.008519389,8.573256,1.318223,6.503648,6DC,M061218_146_3
146,M061218,-8,-5.398,34.28884,26.482,7,2.456396,0.989718,0.00293772,7.845252,0.9360072,8.381615,6DC,M061218_146_7
146,M061218,-8,-5.398,34.28884,26.482,11,9.26898,0.989718,0.04024677,6.730707,1.063914,6.326366,6DC,M061218_146_11
147,M061218,-8.25,-4.2865,34.28593,26.4845,2,7.992463,0.9994125,0.003231492,11.47079,1.452345,7.898115,6DC,M061218_147_2
149,M061218,-14.4375,-14.5947,24.9649,23.065,3,1.146431,0.9612221,0.006756757,7.722829,1.84445,4.187063,6DC,M061218_149_3
006,M061318,-11.59375,-10.70556,23.83528,45.745,1,1.825621,1,0,14.28397,1.525476,9.363615,11ml,M061318_006_1
012,M061318,-9.84375,-14.95332,24.30012,44.375,2,8.627898,0.9124559,0.0913631,7.157109,1.699582,4.211099,12r,M061318_012_2
013,M061318,-10.9375,-13.89058,24.157,44.39,1,4.060507,0.9829612,0.05141011,7.301702,1.470482,4.965515,11ml,M061318_013_1
013,M061318,-10.9375,-13.89058,24.157,44.39,4,2.802879,0.9829612,0.01028202,13.03733,1.60876,8.103962,11ml,M061318_013_4
017,M061318,-7.75,-18.952,24.03174,42.911,3,2.045332,0.9879553,0.006756757,10.43166,1.87931,5.550793,12l,M061318_017_3
017,M061318,-7.75,-18.952,24.03174,42.911,4,1.083128,0.9964747,0.002350176,19.57061,1.830532,10.69122,12l,M061318_017_4
017,M061318,-7.75,-18.952,24.03174,42.911,5,0.7883611,0.9879553,0.003525264,16.52122,2.39906,6.88654,12l,M061318_017_5
018,M061318,-7.375,-17.8566,25.72645,43.0985,1,13.68035,0.9480023,0.0420094,5.612864,1.143804,4.907189,12l,M061318_018_1
018,M061318,-7.375,-17.8566,25.72645,43.0985,4,3.39833,0.9717979,0.01292597,8.897738,1.737131,5.122089,12l,M061318_018_4
022,M061318,-14,-12.69538,23.03664,43.091,2,5.118807,0.9756169,0.06844889,6.963626,1.637934,4.251468,11ml,M061318_022_2
023,M061318,-13.0625,-11.39326,24.36976,43.181,2,0.3673207,0.8116921,0.01733255,9.051142,1.35341,6.687654,11ml,M061318_023_2
023,M061318,-13.0625,-11.39326,24.36976,43.181,4,9.677547,0.9403643,0.07021151,5.09713,1.072751,4.751459,11ml,M061318_023_4
024,M061318,-11.625,-10.03816,26.087,43.266,3,1.100626,0.985899,0.02555817,11.9079,1.418452,8.394995,46v,M061318_024_3
024,M061318,-11.625,-10.03816,26.087,43.266,4,0.840129,0.985899,0.03760282,15.81051,2.021259,7.822112,46v,M061318_024_4
026,M061318,-8.09375,-19.319,24.2764,41.715,2,1.980534,0.9864865,0.01586369,8.892215,2.087708,4.259318,45,M061318_026_2
028,M061318,-10.84375,-16.8804,24.19246,41.7375,3,2.709719,0.9947121,0.01086957,9.873965,1.423462,6.936587,45,M061318_028_3
054,M061318,-21.03125,-8.13881,19.19836,39.145,1,4.874233,0.9976498,0.01674501,9.508167,1.317004,7.219542,13m,M061318_054_1
060,M061318,-18.4375,-13.3742,19.7704,37.876,3,5.742695,0.9903055,0.008225617,5.934883,1.153852,5.143538,13l,M061318_060_3
066,M061318,-13.28125,-21.26984,18.63996,36.473,3,3.938923,0.9873678,0.1809636,8.028569,1.403485,5.720454,45,M061318_066_3
066,M061318,-13.28125,-21.26984,18.63996,36.473,4,0.3293809,0.9917744,0.006169213,10.19826,1.875109,5.438756,45,M061318_066_4
069,M061318,-19.375,-16.6788,16.93421,36.6055,2,0.1755847,0.9994125,0.001762632,17.40908,1.78933,9.729383,12o,M061318_069_2
071,M061318,-22.1875,-13.55486,16.64005,36.35749,2,0.3308658,0.9988249,0.004112808,10.32776,2.064557,5.00241,13l,M061318_071_2
072,M061318,-13.4375,-12.00253,26.10165,36.2385,2,8.710485,1,0.002056404,15.23256,1.637228,9.303873,46d,M061318_072_2
072,M061318,-13.4375,-12.00253,26.10165,36.2385,3,1.713665,1,0.01145711,23.12581,1.899065,12.17747,46d,M061318_072_3
072,M061318,-13.4375,-12.00253,26.10165,36.2385,5,1.591041,0.9879553,0.009694478,5.885579,0.9690637,6.073469,46d,M061318_072_5
090,M061318,-13.75,-20.90019,20.06564,33.9445,2,9.218922,0.9929495,0.007344301,12.63616,1.630088,7.751828,45,M061318_090_2
091,M061318,-15.1875,-19.1687,20.17171,33.9545,3,2.561823,0.9908931,0.02438308,10.39346,1.230525,8.446365,44,M061318_091_3
093,M061318,-19.78125,-16.04012,18.00568,33.658,3,5.241212,0.9853114,0.005875441,5.79545,1.346422,4.304334,AI,M061318_093_3
097,M061318,-14.5,-9.3048,26.25196,33.461,3,0.6620276,0.9994125,0.001762632,17.51707,1.877897,9.328028,8B,M061318_097_3
100,M061318,-11.8125,-4.85474,29.70386,32.2195,1,8.243543,0.996181,0.004700352,4.895665,1.12635,4.346487,24c,M061318_100_1
101,M061318,-9.25,-21.76836,23.63678,32.6565,2,10.89532,0.9844301,0.03760282,6.939888,1.084444,6.399491,46v,M061318_101_2
101,M061318,-9.25,-21.76836,23.63678,32.6565,4,12.74582,0.9988249,0.004112808,12.66584,1.516206,8.353644,46v,M061318_101_4
104,M061318,-18.25,-14.97925,19.4662,28.005,2,1.677359,0.9900118,0.06169213,8.550078,1.507515,5.671638,6VaVb,M061318_104_2
106,M061318,-13,-12.48972,26.6585,28.8375,2,5.152573,0.974148,0.03495887,6.742869,1.463703,4.60672,6DR,M061318_106_2
106,M061318,-13,-12.48972,26.6585,28.8375,6,1.455076,0.9715041,0.04700353,8.298417,1.647454,5.037117,6DR,M061318_106_6
109,M061318,-14.1875,-10.38436,26.2946,32.178,3,6.180263,0.9673913,0.04876616,7.386137,1.311605,5.631375,8B,M061318_109_3
113,M061318,-9,-3.79596,32.86083,30.8445,2,16.69123,0.9673913,0.009106933,8.264756,1.140635,7.245753,6DR,M061318_113_2
113,M061318,-9,-3.79596,32.86083,30.8445,4,11.34508,0.9673913,0.004112808,7.129467,1.112766,6.406977,6DR,M061318_113_4
119,M061318,-21.1875,-11.30236,18.78544,26.087,3,4.286368,0.9756169,0.05287896,6.295983,1.356461,4.641477,pu,M061318_119_3
128,M061318,-14.03125,-14.14735,24.36735,25.8235,3,4.546315,0.985899,0.07432432,7.205681,1.575928,4.572341,6DC,M061318_128_3
134,M061318,-11.375,-6.76935,30.46816,28.2175,1,16.00087,0.939483,0.02262045,7.589933,1.616209,4.696134,6DR,M061318_134_1
135,M061318,-10.5,-5.55462,31.64458,27.842,3,1.282831,0.9873678,0.006169213,9.312531,1.585548,5.873384,6DR,M061318_135_3
136,M061318,-11.65625,-4.5996,30.73024,27.852,1,2.295115,0.9911869,0.03113984,7.052991,1.973149,3.574484,24c,M061318_136_1
138,M061318,-10.8125,-15.83348,27.11369,25.113,2,6.417273,0.9480023,0.05846063,3.727857,1.101102,3.38557,6DC,M061318_138_2
140,M061318,-14.75,-13.06184,24.94868,24.368,3,0.04268781,0.9932697,0.0005608525,22.52472,2.724529,8.26738,6DC,M061318_140_3
144,M061318,-9.375,-7.5312,32.2711,26.5175,2,29.17954,0.9509401,0.04435958,6.211146,1.065572,5.828931,6DC,M061318_144_2
144,M061318,-9.375,-7.5312,32.2711,26.5175,3,11.11893,0.9635723,0.02056404,9.319024,1.23137,7.568013,6DC,M061318_144_3
146,M061318,-8,-5.398,34.28884,26.482,2,15.65515,0.9800235,0.03202115,7.172144,1.657165,4.32796,6DC,M061318_146_2
146,M061318,-8,-5.398,34.28884,26.482,3,2.95869,0.9864865,0.004112808,7.904141,0.9172424,8.617287,6DC,M061318_146_3
146,M061318,-8,-5.398,34.28884,26.482,4,0.06718119,0.9106599,0.002927645,7.163017,2.963793,2.416841,6DC,M061318_146_4
147,M061318,-8.25,-4.2865,34.28593,26.4845,2,7.731954,0.9994125,0.008519389,10.56628,1.380088,7.656233,6DC,M061318_147_2
149,M061318,-14.4375,-14.5947,24.9649,23.065,3,6.683456,0.9779671,0.0199765,7.5474,1.525416,4.947764,6DC,M061318_149_3
152,M061318,-8.8125,-10.64094,32.34484,23.66,2,1.541021,0.9803173,0.01938896,7.758001,1.338744,5.794986,6DC,M061318_152_2
004,M061518,-8.96875,-13.48804,24.49756,45.8125,3,4.229836,0.9920682,0.02497062,6.649299,1.436687,4.628216,11ml,M061518_004_3
006,M061518,-11.59375,-10.70556,23.83528,45.745,2,1.866614,1,0.001762632,15.74332,1.623392,9.697795,11ml,M061518_006_2
008,M061518,-7.90625,-9.01085,28.39835,45.9475,2,5.390672,0.9841363,0.1045828,8.456363,2.136815,3.957462,46d,M061518_008_2
012,M061518,-9.84375,-14.95332,24.30012,44.375,2,18.41999,0.956228,0.07344301,7.776365,1.869599,4.159375,12r,M061518_012_2
013,M061518,-10.9375,-13.89058,24.157,44.39,3,1.979047,0.9908931,0.0693302,11.6977,1.430172,8.179229,11ml,M061518_013_3
017,M061518,-7.75,-18.952,24.03174,42.911,4,3.910641,0.9430082,0.05787309,8.241839,2.078094,3.966057,12l,M061518_017_4
017,M061518,-7.75,-18.952,24.03174,42.911,5,1.01679,0.9882491,0.005875441,16.36298,2.246427,7.284002,12l,M061518_017_5
022,M061518,-14,-12.69538,23.03664,43.091,2,0.04426025,0.9980545,0.007782101,15.16306,1.316773,11.51532,11ml,M061518_022_2
023,M061518,-13.0625,-11.39326,24.36976,43.181,3,3.328716,0.9826674,0.03055229,8.575204,2.186169,3.92248,11ml,M061518_023_3
026,M061518,-8.09375,-19.319,24.2764,41.715,3,1.253099,0.9905993,0.06169213,7.351803,1.977685,3.717379,45,M061518_026_3
054,M061518,-21.03125,-8.13881,19.19836,39.145,1,5.857055,0.9976498,0.03055229,11.28407,1.289321,8.751953,13m,M061518_054_1
064,M061518,-23.09375,-8.47954,17.51898,37.609,2,7.946112,0.9659224,0.05552291,6.913864,1.539741,4.490276,13m,M061518_064_2
066,M061518,-13.28125,-21.26984,18.63996,36.473,2,0.3912554,0.9985312,0.001762632,9.670585,2.732446,3.539168,45,M061518_066_2
068,M061518,-19.40625,-18.62544,15.82876,36.443,3,3.820158,0.9626909,0.03319624,7.685359,1.645552,4.670384,12o,M061518_068_3
069,M061518,-19.375,-16.6788,16.93421,36.6055,3,1.101995,0.9982374,0.01821387,8.246833,1.15673,7.129434,12o,M061518_069_3
072,M061518,-13.4375,-12.00253,26.10165,36.2385,3,1.90591,0.9850176,0.004112808,6.455562,1.194692,5.403535,46d,M061518_072_3
072,M061518,-13.4375,-12.00253,26.10165,36.2385,4,0.3920939,0.9903055,0.002643948,11.96602,1.575061,7.597178,46d,M061518_072_4
078,M061518,-10.8125,-20.0995,23.16785,35.245,3,2.134884,0.9885429,0.0146886,6.327376,1.201413,5.266613,45,M061518_078_3
079,M061518,-18.25,-18.68271,17.32361,35.2425,1,18.42997,0.9970623,0.0146886,9.601793,1.251189,7.674137,AI,M061518_079_1
090,M061518,-13.75,-20.90019,20.06564,33.9445,3,10.29565,0.9932432,0.008813161,11.84989,1.618066,7.323492,45,M061518_090_3
091,M061518,-15.1875,-19.1687,20.17171,33.9545,1,1.795273,1,0.005581669,15.38668,1.427167,10.78127,44,M061518_091_1
093,M061518,-19.78125,-16.04012,18.00568,33.658,3,3.920697,0.9732667,0.05405406,7.488005,1.46965,5.095094,AI,M061518_093_3
097,M061518,-14.5,-9.3048,26.25196,33.461,3,0.659154,0.9982374,0.01498237,14.02207,1.572926,8.914641,8B,M061518_097_3
099,M061518,-20.5625,-6.3823,21.1389,32.0095,2,0.1047052,0.9979436,0.002056404,11.68952,1.778115,6.574104,cd,M061518_099_2
100,M061518,-11.875,-4.85474,29.70386,32.2195,2,0.6109523,0.9900118,0.02702703,7.023554,1.180661,5.94883,24c,M061518_100_2
100,M061518,-11.875,-4.85474,29.70386,32.2195,4,9.566959,0.9964747,0.002643948,9.864032,2.703535,3.648569,24c,M061518_100_4
101,M061518,-9.25,-21.76836,23.63678,32.6565,2,14.59724,0.9994125,0,12.7087,1.505466,8.44171,46v,M061518_101_2
101,M061518,-9.25,-21.76836,23.63678,32.6565,3,9.614142,0.9717979,0.05170388,6.564884,1.089349,6.026431,46v,M061518_101_3
104,M061518,-18.25,-14.97925,19.4662,28.005,3,2.13651,1,0.01674501,13.87211,1.534031,9.042916,6VaVb,M061518_104_3
106,M061518,-13,-12.48972,26.6585,28.8375,3,2.1428,0.9914806,0.03143361,7.635047,1.799736,4.242315,6DR,M061518_106_3
109,M061518,-14.1875,-10.38436,26.2946,32.178,3,4.802965,0.9676851,0.03760282,7.252373,1.403697,5.166624,8B,M061518_109_3
113,M061518,-9,-3.79596,32.86083,30.8445,2,21.11892,0.947121,0.1304348,6.458709,1.334024,4.841524,6DR,M061518_113_2
113,M061518,-9,-3.79596,32.86083,30.8445,4,11.32406,0.947121,0.02027027,6.732486,1.20728,5.576574,6DR,M061518_113_4
117,M061518,-12.5,-14.1318,26.3021,27.462,3,0.05520473,0.9863636,0.001363636,11.00307,3.139379,3.504857,6DC,M061518_117_3
125,M061518,-12.375,-4.085,29.7564,29.553,3,16.9279,0.9952996,0.01057579,7.641305,1.059172,7.214416,24c,M061518_125_3
128,M061518,-14.03125,-14.14735,24.36735,25.8235,3,3.038786,0.9738543,0.03789659,6.708856,2.185161,3.070188,6DC,M061518_128_3
134,M061518,-11.375,-6.76935,30.46816,28.2175,1,7.209776,0.9430082,0.01733255,7.867174,1.551007,5.072301,6DR,M061518_134_1
135,M061518,-10.5,-5.55462,31.64458,27.842,2,2.703716,0.979436,0.009694478,9.014386,1.521024,5.926525,6DR,M061518_135_2
138,M061518,-10.8125,-15.83348,27.11369,25.113,3,2.443284,0.9056992,0.02379553,3.898502,1.14737,3.397773,6DC,M061518_138_3
140,M061518,-14.75,-13.06184,24.94868,24.368,1,0.09896158,1,0,22.97926,3.073386,7.476855,6DC,M061518_140_1
140,M061518,-14.75,-13.06184,24.94868,24.368,4,0.3310467,0.9947121,0.01645123,10.69986,2.097961,5.100123,6DC,M061518_140_4
140,M061518,-14.75,-13.06184,24.94868,24.368,5,0.280895,0.9955934,0.001175088,17.92687,1.675584,10.69888,6DC,M061518_140_5
144,M061518,-9.375,-7.5312,32.2711,26.5175,1,34.3845,0.9524089,0.04817861,5.951066,1.041008,5.716641,6DC,M061518_144_1
144,M061518,-9.375,-7.5312,32.2711,26.5175,4,9.6343,0.9700353,0.01439483,10.21704,1.253751,8.149177,6DC,M061518_144_4
146,M061518,-8,-5.398,34.28884,26.482,1,10.4257,0.9950058,0.01233843,6.801989,1.066742,6.376414,6DC,M061518_146_1
146,M061518,-8,-5.398,34.28884,26.482,4,9.238244,0.9879553,0.02262045,9.381207,0.9682512,9.688815,6DC,M061518_146_4
146,M061518,-8,-5.398,34.28884,26.482,11,3.501819,0.9879553,0.01439483,7.760209,0.9646546,8.044547,6DC,M061518_146_11
147,M061518,-8.25,-4.2865,34.28593,26.4845,2,0.0841703,0.998786,0.008801214,13.40691,3.504384,3.825755,6DC,M061518_147_2
147,M061518,-8.25,-4.2865,34.28593,26.4845,3,8.224691,0.9976498,0.01410106,10.07858,1.276542,7.895222,6DC,M061518_147_3
149,M061518,-14.4375,-14.5947,24.9649,23.065,3,10.45192,0.9759107,0.0913631,6.521694,1.51768,4.297147,6DC,M061518_149_3
150,M061518,-16.6875,-13.15915,23.53939,22.765,3,24.05989,0.9688601,0.03760282,6.903104,1.233323,5.597157,6DC,M061518_150_3
155,M061518,-19.28125,-6.81518,22.82426,25.375,3,7.182562,0.980611,0.1974148,6.763151,1.275112,5.303965,cd,M061518_155_3
157,M061518,-13.25,-4.58212,29.32558,25.13,3,2.286241,0.9929495,0.01586369,9.541464,1.441598,6.61867,24c,M061518_157_3
004,M061818,-8.96875,-13.48804,24.49756,45.8125,3,4.161135,0.9785547,0.07168037,7.472678,1.503584,4.96991,11ml,M061818_004_3
005,M061818,-9.625,-12.00593,24.8996,45.7675,2,6.319616,0.9582844,0.03437133,6.674677,2.020059,3.304199,11ml,M061818_005_2
006,M061818,-11.59375,-10.70556,23.83528,45.745,3,1.821739,1,0,16.97517,1.696299,10.00718,11ml,M061818_006_3
008,M061818,-7.90625,-9.01085,28.39835,45.9475,2,13.02402,0.9638661,0.03936545,5.328919,1.036716,5.140192,46d,M061818_008_2
011,M061818,-7.4375,-15.97158,25.99842,44.455,3,2.222085,0.9691539,0.1222092,6.685901,1.297327,5.153596,46v,M061818_011_3
011,M061818,-7.4375,-15.97158,25.99842,44.455,4,2.384468,0.9797297,0.02643948,10.87931,1.478703,7.357334,46v,M061818_011_4
011,M061818,-7.4375,-15.97158,25.99842,44.455,5,3.248999,0.9797297,0.0126322,15.65456,1.417745,11.04188,46v,M061818_011_5
012,M061818,-9.84375,-14.95332,24.30012,44.375,2,2.384578,0.9856052,0.007344301,10.72084,2.054219,5.218935,12r,M061818_012_2
013,M061818,-10.9375,-13.89058,24.157,44.39,3,4.071506,0.9882491,0.03172738,9.554494,1.568439,6.091722,11ml,M061818_013_3
017,M061818,-7.75,-18.952,24.03174,42.911,3,2.385167,0.9412456,0.06051704,8.140453,1.45268,5.603748,12l,M061818_017_3
017,M061818,-7.75,-18.952,24.03174,42.911,5,3.024375,1,0.006462985,13.4637,1.538389,8.75182,12l,M061818_017_5
017,M061818,-7.75,-18.952,24.03174,42.911,6,1.317193,0.9776734,0.001175088,13.84438,1.991955,6.950146,12l,M061818_017_6
022,M061818,-14,-12.69538,23.03664,43.091,3,0.1655231,0.9994125,0.006756757,13.07813,1.625902,8.043613,11ml,M061818_022_3
023,M061818,-13.09375,-11.39326,24.36976,43.181,3,0.3751804,0.9988249,0.001762632,12.17235,1.785244,6.818314,11ml,M061818_023_3
025,M061818,-11.8125,-8.8276,26.52652,43.255,3,0.1795364,0.9723854,0,17.50186,1.582449,11.05998,46v,M061818_025_3
026,M061818,-8.15625,-19.319,24.14279,41.7075,2,1.345819,0.9976498,0.007638073,10.07358,1.428846,7.050152,45,M061818_026_2
036,M061818,-9.25,-18.76298,24.47042,40.5105,2,6.169016,0.9679788,0.01380729,8.104017,1.754459,4.619098,45,M061818_036_2
045,M061818,-9.4375,-20.8814,22.26796,39.14,3,0.4530705,0.9682726,0.004406581,16.13783,1.61439,9.996239,45,M061818_045_3
054,M061818,-21.03125,-8.13881,19.19836,39.145,2,6.594773,0.9861927,0.09400705,8.494727,1.724575,4.925692,13m,M061818_054_2
064,M061818,-23.09375,-8.47954,17.51898,37.609,2,9.044181,0.9679788,0.03525265,6.885012,1.397552,4.926478,13m,M061818_064_2
066,M061818,-13.28125,-21.26984,18.63996,36.473,3,2.061373,0.9706228,0.02908343,6.600394,1.601233,4.122069,45,M061818_066_3
069,M061818,-19.375,-16.6788,16.93421,36.6055,3,0.7830904,0.9944183,0.01674501,11.5907,2.246849,5.158649,12o,M061818_069_3
072,M061818,-13.4375,-12.00253,26.10165,36.2385,3,2.322409,0.9844301,0.03730905,13.91536,1.662109,8.372113,46d,M061818_072_3
072,M061818,-13.4375,-12.00253,26.10165,36.2385,4,0.505954,0.9844301,0.03025852,11.23615,1.714106,6.555108,46d,M061818_072_4
072,M061818,-13.4375,-12.00253,26.10165,36.2385,5,0.1084687,0.9994125,0.0005875441,24.94702,2.262967,11.02403,46d,M061818_072_5
077,M061818,-16.5625,-21.63872,15.7186,35.1,2,30.99797,0.8924794,0.08108108,4.447554,1.123412,3.958968,AI,M061818_077_2
078,M061818,-10.8125,-20.0995,23.16785,35.245,2,1.155839,0.9773796,0.01175088,7.329889,1.856934,3.947307,45,M061818_078_2
078,M061818,-10.8125,-20.0995,23.16785,35.245,3,2.299728,0.9773796,0.009400705,10.7988,1.452253,7.435896,45,M061818_078_3
079,M061818,-18.25,-18.68271,17.32361,35.2425,3,3.638985,1,0,13.44488,2.205427,6.096272,AI,M061818_079_3
088,M061818,-21.78125,-5.78504,19.40916,33.27,2,0.0917173,0.9974763,0.003154574,12.30148,2.007499,6.127763,cd,M061818_088_2
090,M061818,-13.75,-20.90019,20.06564,33.9445,3,10.08418,0.9885429,0.01204465,11.8798,1.682191,7.062102,45,M061818_090_3
091,M061818,-15.1875,-19.1687,20.17171,33.9545,2,42.97345,0.9632785,0.02967098,4.558995,1.03947,4.385884,44,M061818_091_2
097,M061818,-14.5,-9.3048,26.25196,33.461,3,18.33867,0.9676851,0.1148649,8.281711,1.46014,5.671861,8B,M061818_097_3
101,M061818,-9.25,-21.76836,23.63678,32.6565,2,13.28127,0.9988249,0.01233843,10.41897,1.390008,7.49562,46v,M061818_101_2
104,M061818,-18.25,-14.97925,19.4662,28.005,2,3.63102,0.9967685,0.01321974,11.80452,2.188357,5.39424,6VaVb,M061818_104_2
109,M061818,-14.1875,-10.38436,26.2946,32.178,3,6.044237,0.9597532,0.04905993,6.785798,1.360546,4.987556,8B,M061818_109_3
119,M061818,-21.4375,-11.30236,18.78544,26.087,2,19.14253,1,0.07579318,9.107241,1.491071,6.107853,pu,M061818_119_2
125,M061818,-12.375,-4.085,29.7564,29.553,3,16.61972,0.9976498,0.003525264,9.184357,1.512169,6.073633,24c,M061818_125_3
128,M061818,-14.03125,-14.14735,24.36735,25.8235,4,3.479765,0.9715041,0.0199765,7.330036,2.605509,2.813284,6DC,M061818_128_4
134,M061818,-11.375,-6.76935,30.46816,28.2175,2,14.70759,0.9591657,0.0199765,6.463879,1.900648,3.400881,6DR,M061818_134_2
134,M061818,-11.375,-6.76935,30.46816,28.2175,4,10.94919,0.96651,0.01645123,7.653271,1.475152,5.188124,6DR,M061818_134_4
138,M061818,-10.8125,-15.83348,27.11369,25.113,1,13.23653,0.9462397,0.03965922,4.354253,1.155234,3.769152,6DC,M061818_138_1
140,M061818,-14.75,-13.06184,24.94868,24.368,3,0.07617541,1,0,23.63131,2.599737,9.089887,6DC,M061818_140_3
140,M061818,-14.75,-13.06184,24.94868,24.368,4,0.2008983,0.9670975,0,19.77571,1.802344,10.97222,6DC,M061818_140_4
144,M061818,-9.375,-7.5312,32.2711,26.5175,2,30.57178,0.9623972,0.02761457,6.104629,1.032567,5.912089,6DC,M061818_144_2
144,M061818,-9.375,-7.5312,32.2711,26.5175,4,11.0106,0.9882491,0.01439483,10.2331,1.207144,8.477117,6DC,M061818_144_4
146,M061818,-8,-5.398,34.28884,26.482,3,17.82959,0.9926557,0.01615746,6.687466,1.480582,4.516783,6DC,M061818_146_3
146,M061818,-8,-5.398,34.28884,26.482,5,2.360447,0.9917744,0.002350176,9.292539,1.21685,7.636553,6DC,M061818_146_5
146,M061818,-8,-5.398,34.28884,26.482,6,0.1610469,0.9978022,0,9.5718,3.291885,2.907696,6DC,M061818_146_6
147,M061818,-8.25,-4.2865,34.28593,26.4845,2,0.1969212,0.9991187,0.002350176,11.1103,2.494965,4.453088,6DC,M061818_147_2
147,M061818,-8.25,-4.2865,34.28593,26.4845,3,8.246157,0.9967685,0.006756757,8.177644,1.140156,7.172393,6DC,M061818_147_3
150,M061818,-16.6875,-13.15915,23.53939,22.765,2,28.14005,0.970329,0.02144536,6.806033,1.210478,5.622602,6DC,M061818_150_2
153,M061818,-21.53125,-9.2899,20.31126,21.865,2,27.14327,0.9706228,0.06962397,5.62284,0.9650702,5.826353,cd,M061818_153_2
157,M061818,-13.25,-4.58212,29.32558,25.13,2,4.872667,0.993537,0.02408931,8.732029,1.290521,6.766283,24c,M061818_157_2
006,M061918,-11.625,-10.70254,23.67552,45.7375,3,2.012453,0.9791422,0.02585194,5.783739,3.45488,1.674078,11ml,M061918_006_3
008,M061918,-7.90625,-9.01085,28.39835,45.9475,1,15.29295,0.9271445,0.08960047,4.752962,1.049307,4.529621,46d,M061918_008_1
008,M061918,-7.90625,-9.01085,28.39835,45.9475,3,2.1062,0.9829612,0.2106345,6.489454,1.465035,4.429556,46d,M061918_008_3
011,M061918,-7.4375,-15.97158,25.99842,44.455,3,2.865718,0.9829612,0.03760282,8.237447,1.367843,6.022217,46v,M061918_011_3
012,M061918,-9.84375,-14.95332,24.30012,44.375,3,1.645602,0.9847239,0.01380729,12.10291,2.177572,5.557984,12r,M061918_012_3
017,M061918,-7.75,-18.952,24.03174,42.911,4,1.430759,0.9923619,0.002350176,12.27068,1.860881,6.594018,12l,M061918_017_4
017,M061918,-7.75,-18.952,24.03174,42.911,5,2.862164,0.996181,0.005287896,11.78626,1.34663,8.752409,12l,M061918_017_5
018,M061918,-7.375,-17.8566,25.72645,43.0985,3,15.24737,0.9826674,0.01821387,7.224097,1.21247,5.958167,12l,M061918_018_3
019,M061918,-8.78125,-16.67685,25.5559,43.0985,2,0.3207422,1,0.001175088,16.22227,1.684026,9.633027,12m,M061918_019_2
022,M061918,-14,-12.69538,23.03664,43.091,3,0.2271627,0.9991187,0.007050529,12.60027,1.426243,8.834589,11ml,M061918_022_3
025,M061918,-11.8125,-8.8276,26.52652,43.255,3,3.948172,0.979436,0.03642773,7.345383,1.680728,4.370357,46v,M061918_025_3
026,M061918,-8.15625,-19.319,24.14279,41.7075,3,1.042244,1,0.01498237,8.700053,1.683737,5.167109,45,M061918_026_3
036,M061918,-9.25,-18.76298,24.47042,40.5105,5,5.294517,0.9715041,0.00293772,7.953664,1.67486,4.748853,45,M061918_036_5
045,M061918,-9.4375,-20.8814,22.26796,39.14,3,2.203728,0.9997062,0.004700352,15.68367,1.919354,8.171328,45,M061918_045_3
054,M061918,-21.03125,-8.13881,19.19836,39.145,2,6.706817,0.9811986,0.1498237,6.949161,1.907023,3.643984,13m,M061918_054_2
064,M061918,-23.09375,-8.47954,17.51898,37.609,1,9.3788,0.9759107,0.07256169,6.750618,1.669169,4.044297,13m,M061918_064_1
069,M061918,-19.375,-16.6788,16.93421,36.6055,2,1.299261,0.9976498,0.006462985,12.79352,1.778807,7.192193,12o,M061918_069_2
071,M061918,-22.1875,-13.55486,16.64005,36.35749,3,0.08408156,0.994719,0.007544323,10.41429,2.392743,4.35245,13l,M061918_071_3
072,M061918,-13.4375,-12.00253,26.10165,36.2385,3,0.5873861,0.9380141,0.004700352,11.82915,1.549224,7.63553,46d,M061918_072_3
072,M061918,-13.4375,-12.00253,26.10165,36.2385,4,1.562298,0.9515276,0.004700352,17.42152,4.016423,4.337572,46d,M061918_072_4
078,M061918,-10.8125,-20.0995,23.16785,35.245,3,4.107074,0.9324324,0.05522914,3.695525,1.173651,3.148742,45,M061918_078_3
078,M061918,-10.8125,-20.0995,23.16785,35.245,5,1.946469,1,0.003819037,15.04874,1.612797,9.330836,45,M061918_078_5
087,M061918,-22.46875,-6.81328,18.73,33.12,3,2.119071,0.9791422,0.01380729,5.959399,1.734011,3.436772,cd,M061918_087_3
090,M061918,-13.75,-20.90019,20.06564,33.9445,3,10.33217,0.9929495,0.005875441,11.97732,1.655816,7.233487,45,M061918_090_3
091,M061918,-15.1875,-19.1687,20.17171,33.9545,2,42.07715,0.9720917,0.03701528,5.026905,1.06191,4.733833,44,M061918_091_2
091,M061918,-15.1875,-19.1687,20.17171,33.9545,4,5.560404,0.9518214,0.03525265,5.926356,1.316339,4.502149,44,M061918_091_4
097,M061918,-14.5,-9.3048,26.25196,33.461,3,11.71552,0.9662162,0.04759107,9.816002,1.312332,7.479815,8B,M061918_097_3
099,M061918,-20.75,-6.39172,20.82516,32.002,3,0.2490097,0.9926557,0.004406581,10.78444,3.315124,3.253102,cd,M061918_099_3
100,M061918,-12.0625,-4.85474,29.70386,32.2195,1,7.199812,0.9474148,0.2109283,6.107626,2.196535,2.780573,24c,M061918_100_1
101,M061918,-9.25,-21.76836,23.63678,32.6565,2,21.50701,0.9735605,0.05992949,6.075074,1.217687,4.989025,46v,M061918_101_2
101,M061918,-9.25,-21.76836,23.63678,32.6565,3,15.08141,0.989718,0.004700352,9.703838,1.35835,7.143844,46v,M061918_101_3
106,M061918,-13.1875,-12.47884,26.251,28.77,2,14.20744,0.9485899,0.05346651,6.257323,1.20968,5.172709,6DR,M061918_106_2
106,M061918,-13.1875,-12.47884,26.251,28.77,4,14.76514,0.979436,0.01145711,6.265666,1.126049,5.564291,6DR,M061918_106_4
113,M061918,-9,-3.79596,32.86083,30.8445,2,26.81557,0.943302,0.1089894,5.787247,1.675189,3.454683,6DR,M061918_113_2
124,M061918,-22.15625,-5.64364,19.69076,29.473,3,0.4992967,0.9979436,0.01028202,9.717391,2.230885,4.355847,cd,M061918_124_3
128,M061918,-14.15625,-14.14735,24.36735,25.8235,3,3.59941,0.987074,0.02878966,9.476632,1.333867,7.10463,6DC,M061918_128_3
134,M061918,-11.375,-6.76935,30.46816,28.2175,3,10.45461,0.9673913,0.02027027,7.555052,1.430146,5.282712,6DR,M061918_134_3
140,M061918,-14.75,-13.06184,24.94868,24.368,3,0.07088419,0.9982464,0.002192021,14.16769,2.167594,6.536137,6DC,M061918_140_3
144,M061918,-9.375,-7.5312,32.2711,26.5175,1,34.6572,0.9409518,0.0640423,6.551427,1.063793,6.158557,6DC,M061918_144_1
146,M061918,-8,-5.398,34.28884,26.482,2,22.42516,0.9847239,0.05141011,6.053645,1.804201,3.355304,6DC,M061918_146_2
146,M061918,-8,-5.398,34.28884,26.482,3,7.109101,0.9879553,0.001175088,10.91197,1.083601,10.07011,6DC,M061918_146_3
146,M061918,-8,-5.398,34.28884,26.482,6,2.612727,0.9879553,0.004112808,8.641951,1.17817,7.335063,6DC,M061918_146_6
147,M061918,-8.25,-4.2865,34.28593,26.4845,2,7.984404,0.9903055,0.02555817,7.499552,1.114367,6.729879,6DC,M061918_147_2
149,M061918,-14.5625,-14.5947,24.9649,23.065,2,4.715566,0.9914806,0.01380729,7.416772,1.149725,6.450908,6DC,M061918_149_2
149,M061918,-14.5625,-14.5947,24.9649,23.065,4,1.87002,0.9926557,0.01321974,8.986535,1.351805,6.647806,6DC,M061918_149_4
149,M061918,-14.5625,-14.5947,24.9649,23.065,6,4.005075,0.9685664,0.03290247,5.454115,1.27903,4.26426,6DC,M061918_149_6
150,M061918,-16.8125,-13.15915,23.53939,22.765,1,22.62066,0.8971798,0.03760282,5.926193,1.166838,5.078849,6DC,M061918_150_1
157,M061918,-13.25,-4.58212,29.32558,25.13,3,2.133621,0.993537,0.03113984,9.905193,1.315886,7.527396,24c,M061918_157_3
003,M062018,-7.375,-14.55371,25.11772,45.8275,3,1.921021,0.9856052,0.01204465,11.89775,1.666258,7.1404,12r,M062018_003_3
006,M062018,-11.65625,-10.70254,23.67552,45.7375,1,1.49267,0.9576969,0.05816686,5.538707,3.414888,1.621929,11ml,M062018_006_1
012,M062018,-9.84375,-14.95332,24.30012,44.375,3,3.128721,0.9797297,0.02967098,10.71521,2.529373,4.236309,12r,M062018_012_3
013,M062018,-10.9375,-13.89058,24.157,44.39,3,0.7338907,0.9738543,0.009694478,12.2383,1.823857,6.710117,11ml,M062018_013_3
013,M062018,-10.9375,-13.89058,24.157,44.39,4,0.8356869,0.9738543,0.0220329,10.68922,1.252604,8.533594,11ml,M062018_013_4
014,M062018,-12.4375,-11.07188,23.93599,44.4275,2,8.348339,0.9638661,0.2088719,5.809464,1.548275,3.752216,11ml,M062018_014_2
017,M062018,-7.75,-18.952,24.03174,42.911,2,1.437406,0.9932432,0.001762632,13.82027,1.948622,7.092326,12l,M062018_017_2
017,M062018,-7.75,-18.952,24.03174,42.911,4,3.655191,0.9952996,0.003231492,12.71684,1.395709,9.11139,12l,M062018_017_4
018,M062018,-7.375,-17.8566,25.72645,43.0985,2,14.76502,0.9894242,0.01733255,6.958261,1.15931,6.002072,12l,M062018_018_2
023,M062018,-13.28125,-11.40345,24.1292,43.1735,3,0.3467906,0.9929495,0.01233843,9.842564,2.806679,3.506836,11ml,M062018_023_3
024,M062018,-11.75,-10.03816,26.087,43.266,3,5.272418,0.9653349,0.09782609,7.342853,1.52389,4.818491,46v,M062018_024_3
024,M062018,-11.75,-10.03816,26.087,43.266,4,0.4391322,0.9397767,0.005581669,13.99808,1.456326,9.611915,46v,M062018_024_4
025,M062018,-11.9375,-8.84025,26.3422,43.2525,3,1.003016,0.9976498,0.01380729,13.00701,1.903448,6.833394,46v,M062018_025_3
026,M062018,-8.1875,-19.319,24.14279,41.7075,3,1.661701,0.9905993,0.04112808,9.128001,2.607216,3.501053,45,M062018_026_3
036,M062018,-9.25,-18.76298,24.47042,40.5105,3,3.991926,0.9688601,0.01439483,9.40468,2.262697,4.156402,45,M062018_036_3
045,M062018,-9.4375,-20.8814,22.26796,39.14,3,2.534573,0.9985312,0.000293772,12.63663,1.612335,7.837471,45,M062018_045_3
054,M062018,-21.03125,-8.13881,19.19836,39.145,2,5.972254,0.9861927,0.07314923,7.729193,1.750237,4.416084,13m,M062018_054_2
064,M062018,-23.09375,-8.47954,17.51898,37.609,2,8.336413,0.9688601,0.03584019,7.032851,1.424145,4.938298,13m,M062018_064_2
069,M062018,-19.375,-16.6788,16.93421,36.6055,3,1.181884,0.9964747,0.007931845,12.4289,1.76782,7.030637,12o,M062018_069_3
071,M062018,-22.1875,-13.55486,16.64005,36.35749,3,0.05279206,0.9895887,0.01665799,10.3679,1.881387,5.510776,13l,M062018_071_3
072,M062018,-13.4375,-12.00253,26.10165,36.2385,3,0.4842867,0.9688601,0.01410106,11.30222,1.474814,7.66349,46d,M062018_072_3
078,M062018,-10.8125,-20.0995,23.16785,35.245,3,1.749391,0.993537,0.004700352,10.2155,1.668366,6.123058,45,M062018_078_3
090,M062018,-13.75,-20.90019,20.06564,33.9445,2,10.66712,0.9888366,0.01527615,12.11972,1.614572,7.506457,45,M062018_090_2
091,M062018,-15.1875,-19.1687,20.17171,33.9545,3,38.64779,0.9712104,0.02643948,5.601607,1.065052,5.259467,44,M062018_091_3
093,M062018,-20.15625,-16.0542,17.6948,33.6605,3,9.346804,0.9926557,0.01116334,7.317934,1.550764,4.71892,AI,M062018_093_3
097,M062018,-14.5,-9.3048,26.25196,33.461,2,13.36867,0.9656287,0.02232667,10.58097,1.211729,8.732126,8B,M062018_097_2
101,M062018,-9.25,-21.76836,23.63678,32.6565,3,13.55447,0.9814923,0.004700352,9.704268,1.371533,7.075492,46v,M062018_101_3
101,M062018,-9.25,-21.76836,23.63678,32.6565,4,14.59944,0.9127497,0.08313748,6.407001,1.107725,5.783928,46v,M062018_101_4
106,M062018,-13.1875,-12.47884,26.251,28.77,2,12.34125,0.9747356,0.01703878,5.373629,1.051168,5.112057,6DR,M062018_106_2
106,M062018,-13.1875,-12.47884,26.251,28.77,4,15.3824,0.9753231,0.0987074,6.649097,1.342221,4.953801,6DR,M062018_106_4
109,M062018,-14.1875,-10.38436,26.2946,32.178,3,7.66261,0.979436,0.03877791,6.995792,1.315968,5.31608,8B,M062018_109_3
113,M062018,-9,-3.79596,32.86083,30.8445,1,20.81161,0.943302,0.1774383,5.801012,1.321816,4.388669,6DR,M062018_113_1
117,M062018,-12.6875,-14.11636,25.89607,27.3995,3,0.3431031,0.9958872,0.003525264,12.11279,2.629582,4.606356,6DC,M062018_117_3
124,M062018,-22.21875,-5.64364,19.69076,29.473,3,0.5857018,0.9811986,0.0220329,9.148494,2.589848,3.532444,cd,M062018_124_3
134,M062018,-11.375,-6.76935,30.46816,28.2175,3,11.10839,0.9621034,0.03025852,7.795132,1.546254,5.041301,6DR,M062018_134_3
135,M062018,-10.5,-5.55462,31.64458,27.842,2,3.124825,0.9650411,0.009400705,8.284565,1.432538,5.783138,6DR,M062018_135_2
140,M062018,-14.75,-13.06184,24.94868,24.368,2,1.124458,0.9894242,0.001175088,12.5465,1.590019,7.890787,6DC,M062018_140_2
144,M062018,-9.375,-7.5312,32.2711,26.5175,1,45.04317,0.9685664,0.05141011,7.172342,1.191117,6.021527,6DC,M062018_144_1
146,M062018,-8,-5.398,34.28884,26.482,2,7.625654,0.9920682,0.006462985,10.18594,1.044502,9.751952,6DC,M062018_146_2
146,M062018,-8,-5.398,34.28884,26.482,3,14.22615,0.9888366,0.008813161,7.371303,1.740997,4.233955,6DC,M062018_146_3
146,M062018,-8,-5.398,34.28884,26.482,4,2.501876,0.9952996,0.002056404,8.031921,1.014177,7.919643,6DC,M062018_146_4
147,M062018,-8.25,-4.2865,34.28593,26.4845,2,7.780496,0.9864865,0.01439483,7.287825,1.235895,5.8968,6DC,M062018_147_2
147,M062018,-8.25,-4.2865,34.28593,26.4845,3,1.249388,0.9926557,0.02467685,8.47532,2.604473,3.25414,6DC,M062018_147_3
149,M062018,-14.5625,-14.5947,24.9649,23.065,3,2.610952,0.9550529,0.03701528,7.416976,1.360135,5.453117,6DC,M062018_149_3
150,M062018,-16.8125,-13.15915,23.53939,22.765,2,28.15616,0.9638661,0.0440658,6.545432,1.442556,4.537386,6DC,M062018_150_2
152,M062018,-8.9375,-10.64094,32.34484,23.66,1,107.3979,0.9994125,0.2444183,4.714245,1.327025,3.552492,6DC,M062018_152_1
157,M062018,-13.25,-4.58212,29.32558,25.13,3,4.012737,0.9976498,0.008225617,9.501763,1.686679,5.633417,24c,M062018_157_3
008,M062118,-8.15625,-9.01991,28.04961,45.9325,3,2.208383,0.9923619,0.000293772,11.50807,1.431738,8.03783,46d,M062118_008_3
011,M062118,-7.4375,-15.97158,25.99842,44.455,1,3.588109,0.9744418,0.004112808,13.35371,1.833591,7.282818,46v,M062118_011_1
011,M062118,-7.4375,-15.97158,25.99842,44.455,4,2.24949,0.9744418,0.02291422,8.736383,1.527716,5.718592,46v,M062118_011_4
013,M062118,-10.9375,-13.89058,24.157,44.39,3,0.7023501,0.9856052,0.005875441,12.27031,1.731041,7.088401,11ml,M062118_013_3
013,M062118,-10.9375,-13.89058,24.157,44.39,4,3.115677,0.9688601,0.01645123,5.713961,1.060269,5.38916,11ml,M062118_013_4
013,M062118,-10.9375,-13.89058,24.157,44.39,5,0.5789533,0.9850176,0.02232667,9.694,1.17807,8.228714,11ml,M062118_013_5
017,M062118,-7.75,-18.952,24.03174,42.911,3,1.515288,0.9723854,0.002056404,16.34504,2.223648,7.350552,12l,M062118_017_3
017,M062118,-7.75,-18.952,24.03174,42.911,5,3.068076,0.9964747,0.001762632,11.82654,1.635082,7.232996,12l,M062118_017_5
022,M062118,-14,-12.69538,23.03664,43.091,2,0.295759,0.9941245,0.008225617,9.556369,2.094157,4.563348,11ml,M062118_022_2
024,M062118,-11.75,-10.03816,26.087,43.266,2,1.85453,0.9474148,0.01351351,10.21728,1.59184,6.418536,46v,M062118_024_2
025,M062118,-11.9375,-8.84025,26.3422,43.2525,3,2.999468,0.9814923,0.01703878,10.82381,1.415989,7.643994,46v,M062118_025_3
026,M062118,-8.1875,-19.319,24.14279,41.7075,2,0.782295,0.9903055,0.007931845,13.67393,1.922447,7.112774,45,M062118_026_2
026,M062118,-8.1875,-19.319,24.14279,41.7075,3,0.2385907,0.9903055,0.003231492,12.51692,1.583126,7.906457,45,M062118_026_3
036,M062118,-9.25,-18.76298,24.47042,40.5105,3,5.613992,0.993537,0.009694478,9.54424,1.675483,5.696411,45,M062118_036_3
039,M062118,-14.03125,-14.68601,23.03563,40.538,2,1.444644,0.9972008,0.02085781,7.545811,1.123981,6.713471,13l,M062118_039_2
044,M062118,-18.875,-7.84851,20.76461,40.5175,3,0.8123312,0.9964747,0.01321974,10.62562,1.451257,7.321667,13m,M062118_044_3
045,M062118,-9.4375,-20.8814,22.26796,39.14,2,2.495212,0.9988249,0.009988249,14.67733,1.49942,9.788671,45,M062118_045_2
054,M062118,-21.03125,-8.13881,19.19836,39.145,3,5.859221,0.9844301,0.1536428,7.549214,1.702472,4.434265,13m,M062118_054_3
064,M062118,-23.09375,-8.47954,17.51898,37.609,1,8.500299,0.9682726,0.0945946,6.949203,1.488971,4.667119,13m,M062118_064_1
069,M062118,-19.375,-16.6788,16.93421,36.6055,3,0.8151494,0.9842007,0.002056404,13.24981,1.912291,6.928766,12o,M062118_069_3
071,M062118,-22.1875,-13.55486,16.64005,36.35749,3,0.05024308,0.9915556,0.005777778,10.67516,2.313605,4.614081,13l,M062118_071_3
072,M062118,-13.4375,-12.00253,26.10165,36.2385,2,0.625061,0.9947121,0.03495887,11.97308,2.630493,4.551648,46d,M062118_072_2
078,M062118,-10.8125,-20.0995,23.16785,35.245,3,1.776614,0.9844301,0.03525265,7.141368,2.085874,3.423682,45,M062118_078_3
083,M062118,-21.6875,-12.10169,18.08669,34.975,1,1.137804,0.9888366,0.02144536,8.308177,1.226604,6.773318,13l,M062118_083_1
083,M062118,-21.6875,-12.10169,18.08669,34.975,6,1.181706,0.9950058,0.02379553,7.047254,2.132635,3.304482,13l,M062118_083_6
090,M062118,-13.75,-20.90019,20.06564,33.9445,1,11.62736,0.993537,0.004994125,12.16443,1.592466,7.638738,45,M062118_090_1
097,M062118,-14.5,-9.3048,26.25196,33.461,3,12.64345,0.9738543,0.09694477,8.336594,1.264845,6.591,8B,M062118_097_3
099,M062118,-20.875,-6.39172,20.82516,32.002,2,0.1596359,0.9874507,0.006462985,9.150782,2.57339,3.555925,cd,M062118_099_2
101,M062118,-9.25,-21.76836,23.63678,32.6565,1,19.68946,0.9280258,0.07931845,5.33513,1.177514,4.530841,46v,M062118_101_1
101,M062118,-9.25,-21.76836,23.63678,32.6565,2,12.83094,0.9952996,0.009400705,11.06776,1.421444,7.786278,46v,M062118_101_2
106,M062118,-13.1875,-12.47884,26.251,28.77,3,14.89557,0.9750293,0.1633372,6.623548,1.333143,4.968368,6DR,M062118_106_3
113,M062118,-9.25,-3.8152,32.5481,30.842,2,7.115975,0.985899,0.05640423,7.256273,1.202267,6.035491,6DR,M062118_113_2
116,M062118,-31.9375,-14.38845,6.04938,24.597,2,10.15488,0.9427145,0.03613396,4.23517,1.185071,3.57377,AMG,M062118_116_2
117,M062118,-12.6875,-14.11636,25.89607,27.3995,3,0.976549,0.9944183,0.008225617,9.169384,1.827023,5.018757,6DC,M062118_117_3
134,M062118,-11.375,-6.76935,30.46816,28.2175,2,11.44397,0.9585782,0.01175088,7.179632,1.472063,4.877258,6DR,M062118_134_2
135,M062118,-10.5,-5.55462,31.64458,27.842,3,1.977819,0.9764982,0.01439483,7.740942,1.604714,4.823877,6DR,M062118_135_3
140,M062118,-14.75,-13.06184,24.94868,24.368,3,1.707365,0.9958822,0.00293772,9.313323,1.377887,6.759136,6DC,M062118_140_3
140,M062118,-14.75,-13.06184,24.94868,24.368,4,0.07229661,0.9923978,0.02153944,12.42982,1.602402,7.756992,6DC,M062118_140_4
144,M062118,-9.375,-7.5312,32.2711,26.5175,1,42.56032,0.9547591,0.05170388,7.223356,1.148431,6.289761,6DC,M062118_144_1
146,M062118,-8,-5.398,34.28884,26.482,2,0.06594626,0.9825694,0.0103022,15.98553,2.693172,5.935576,6DC,M062118_146_2
146,M062118,-8,-5.398,34.28884,26.482,5,11.71802,0.9876616,0.00146886,8.25965,1.730609,4.772683,6DC,M062118_146_5
146,M062118,-8,-5.398,34.28884,26.482,12,1.860112,0.9914806,0.004994125,7.14291,0.8238663,8.669987,6DC,M062118_146_12
147,M062118,-8.25,-4.2865,34.28593,26.4845,3,8.60999,0.9885429,0.01968273,7.143153,1.091794,6.542581,6DC,M062118_147_3
147,M062118,-8.25,-4.2865,34.28593,26.4845,5,0.6041647,0.9923619,0.0326087,8.012192,1.927781,4.156173,6DC,M062118_147_5
147,M062118,-8.25,-4.2865,34.28593,26.4845,7,0.3058391,0.9967685,0.001762632,18.06496,2.157535,8.372964,6DC,M062118_147_7
149,M062118,-14.5625,-14.5947,24.9649,23.065,4,1.210713,0.9676851,0.005875441,12.70356,1.422094,8.932996,6DC,M062118_149_4
152,M062118,-9.0625,-10.64094,32.34484,23.66,2,15.45467,0.9283196,0.07726204,9.073631,1.160048,7.82177,6DC,M062118_152_2
157,M062118,-13.25,-4.58212,29.32558,25.13,2,4.095011,0.9994125,0.02643948,9.617706,1.278147,7.524729,24c,M062118_157_2
003,M062218,-7.375,-14.55371,25.11772,45.8275,3,5.165505,0.9726792,0.02761457,9.855512,1.880489,5.240932,12r,M062218_003_3
007,M062218,-12.1875,-10.01988,23.6014,45.7675,3,3.191583,0.974148,0.005875441,11.33013,1.429504,7.92592,11ml,M062218_007_3
008,M062218,-8.15625,-9.01991,28.04961,45.9325,2,1.363124,0.9947121,0.007638073,11.82817,2.619691,4.515101,46d,M062218_008_2
008,M062218,-8.15625,-9.01991,28.04961,45.9325,4,2.084451,0.9947121,0.002056404,15.40664,1.584624,9.722584,46d,M062218_008_4
010,M062218,-7.90625,-16.9663,24.5127,44.51,3,1.228364,0.996181,0.03202115,10.48033,1.896511,5.526113,12r,M062218_010_3
011,M062218,-7.4375,-15.97158,25.99842,44.455,3,2.381007,0.9800235,0.03113984,7.699985,1.370232,5.619476,46v,M062218_011_3
013,M062218,-10.9375,-13.89058,24.157,44.39,3,0.7431592,0.9982374,0.01439483,11.63503,1.694384,6.866817,11ml,M062218_013_3
017,M062218,-7.75,-18.952,24.03174,42.911,2,3.469631,0.983255,0.009988249,9.580041,1.512956,6.332001,12l,M062218_017_2
017,M062218,-7.75,-18.952,24.03174,42.911,3,1.475244,0.956228,0.02379553,9.406869,1.963846,4.790023,12l,M062218_017_3
017,M062218,-7.75,-18.952,24.03174,42.911,6,1.549355,0.9756169,0.0008813161,15.27244,2.322925,6.574661,12l,M062218_017_6
019,M062218,-8.90625,-16.67994,25.42096,43.091,3,1.097556,0.9982374,0.007931845,13.43727,1.536479,8.745496,12m,M062218_019_3
024,M062218,-11.75,-10.03816,26.087,43.266,3,4.699851,0.9720917,0.01821387,6.510231,1.276665,5.099404,46v,M062218_024_3
024,M062218,-11.75,-10.03816,26.087,43.266,4,2.444921,0.9706228,0.06227967,8.508857,1.816605,4.683932,46v,M062218_024_4
024,M062218,-11.75,-10.03816,26.087,43.266,6,1.256739,0.9735605,0.008519389,15.17383,1.560474,9.723862,46v,M062218_024_6
025,M062218,-11.9375,-8.84025,26.3422,43.2525,3,2.747607,0.9994125,0.002350176,13.76753,1.369316,10.05432,46v,M062218_025_3
036,M062218,-9.25,-18.76298,24.47042,40.5105,4,5.339214,0.9424207,0.03819036,3.581055,1.063317,3.367814,45,M062218_036_4
036,M062218,-9.25,-18.76298,24.47042,40.5105,5,7.790262,0.9979436,0.0005875441,10.49107,2.203018,4.762136,45,M062218_036_5
042,M062218,-16.8125,-10.23809,22.07021,40.6175,3,2.26112,0.9835488,0.03319624,9.734714,2.010181,4.842705,13l,M062218_042_3
045,M062218,-9.4375,-20.8814,22.26796,39.14,3,3.062648,0.9814923,0.01674501,10.04092,1.781312,5.636813,45,M062218_045_3
053,M062218,-18.53125,-9.21112,21.28492,39.145,3,2.151173,0.9994125,0.001762632,7.722098,1.254101,6.157476,13m,M062218_053_3
054,M062218,-21.03125,-8.13881,19.19836,39.145,2,6.974349,0.9926557,0.1289659,7.423174,1.810097,4.100982,13m,M062218_054_2
055,M062218,-16.5625,-21.22,15.504,37.809,4,2.719014,0.9644536,0.0126322,6.287862,1.341552,4.687007,12o,M062218_055_4
061,M062218,-18.9375,-12.06065,20.03082,37.8735,3,2.470224,0.9976498,0.03378378,10.64134,1.409867,7.547764,13l,M062218_061_3
064,M062218,-23.09375,-8.47954,17.51898,37.609,2,8.857977,0.9626909,0.08019976,6.704677,1.564783,4.284733,13m,M062218_064_2
069,M062218,-19.375,-16.6788,16.93421,36.6055,3,0.9640146,0.9994125,0.01233843,12.38014,2.095373,5.908322,12o,M062218_069_3
071,M062218,-22.1875,-13.55486,16.64005,36.35749,2,0.08173522,0.9987342,0.008016878,13.05685,2.033538,6.420758,13l,M062218_071_2
072,M062218,-13.4375,-12.00253,26.10165,36.2385,3,0.762822,0.9430082,0.00146886,16.06823,2.757675,5.826729,46d,M062218_072_3
078,M062218,-11.0625,-20.1134,22.85876,35.24,3,3.49796,0.9770858,0.07843713,7.254055,2.215695,3.273941,45,M062218_078_3
088,M062218,-22.15625,-5.80333,19.12157,33.2625,2,7.805683,0.9550529,0.1536428,6.078914,1.317926,4.612486,cd,M062218_088_2
090,M062218,-13.75,-20.90019,20.06564,33.9445,3,9.42633,0.996181,0.01351351,13.14567,1.621037,8.109425,45,M062218_090_3
094,M062218,-21.125,-14.27187,18.04406,33.5585,1,2.685084,0.9929495,0.007638073,11.07908,1.410326,7.855684,AI,M062218_094_1
097,M062218,-14.5,-9.3048,26.25196,33.461,3,7.325832,0.9612221,0.09048179,7.334853,1.443331,5.081891,8B,M062218_097_3
099,M062218,-20.9375,-6.40114,20.51142,31.9945,3,0.370536,0.9952996,0.004112808,13.27344,3.453698,3.843255,cd,M062218_099_3
101,M062218,-9.25,-21.76836,23.63678,32.6565,3,14.23508,1,0.00146886,12.96037,1.537378,8.43018,46v,M062218_101_3
104,M062218,-18.5,-14.9599,19.06596,27.94,3,3.079255,0.9947121,0.01556992,10.04526,1.954298,5.140086,6VaVb,M062218_104_3
106,M062218,-13.1875,-12.47884,26.251,28.77,2,16.23977,0.9488837,0.206228,5.64505,1.263952,4.46619,6DR,M062218_106_2
113,M062218,-9.25,-3.8152,32.5481,30.842,2,3.184733,0.9903055,0.03025852,9.199252,1.441209,6.383011,6DR,M062218_113_2
117,M062218,-12.6875,-14.11636,25.89607,27.3995,2,1.429171,0.9900118,0.04876616,7.05477,2.018437,3.495165,6DC,M062218_117_2
125,M062218,-14.5,-4.2145,27.58332,29.5355,2,12.27115,0.9955934,0.003525264,10.1159,1.163802,8.692111,24c,M062218_125_2
128,M062218,-14.21875,-14.14735,24.36735,25.8235,3,9.834604,0.9900118,0.04083431,7.825719,1.253598,6.242605,6DC,M062218_128_3
133,M062218,-11.6875,-7.64536,29.8128,28.294,3,0.3062359,0.9829612,0.01733255,12.38902,8.081416,1.533026,6DR,M062218_133_3
134,M062218,-11.375,-6.76935,30.46816,28.2175,3,12.25472,0.9527027,0.01821387,7.576538,1.507189,5.026934,6DR,M062218_134_3
135,M062218,-10.5,-5.55462,31.64458,27.842,3,4.787823,0.9488837,0.03143361,7.337322,1.73057,4.23983,6DR,M062218_135_3
144,M062218,-9.375,-7.5312,32.2711,26.5175,2,35.90907,0.9673913,0.02144536,7.784469,1.143947,6.804924,6DC,M062218_144_2
146,M062218,-8,-5.398,34.28884,26.482,2,8.086635,0.9950058,0.003819037,9.639728,1.033843,9.32417,6DC,M062218_146_2
146,M062218,-8,-5.398,34.28884,26.482,3,2.841331,0.9944183,0.004112808,7.603983,0.9383668,8.103423,6DC,M062218_146_3
146,M062218,-8,-5.398,34.28884,26.482,6,12.34033,0.9844301,0.02085781,7.46015,1.85504,4.021558,6DC,M062218_146_6
147,M062218,-8.25,-4.2865,34.28593,26.4845,2,8.302855,0.985899,0.02790834,6.930527,1.135395,6.104069,6DC,M062218_147_2
147,M062218,-8.25,-4.2865,34.28593,26.4845,4,0.2453997,0.9838426,0.002350176,12.73857,2.038861,6.247888,6DC,M062218_147_4
149,M062218,-14.5625,-14.5947,24.9649,23.065,3,0.4280354,0.9878788,0.006169213,9.213467,1.376337,6.694194,6DC,M062218_149_3
152,M062218,-9.0625,-10.64094,32.34484,23.66,3,29.94682,0.9556404,0.04612221,7.03589,1.153788,6.098081,6DC,M062218_152_3
152,M062218,-9.0625,-10.64094,32.34484,23.66,4,15.92944,0.9556404,0.05493537,9.033457,1.092768,8.266585,6DC,M062218_152_4
157,M062218,-13.25,-4.58212,29.32558,25.13,3,2.751271,0.9964747,0.03613396,9.686377,1.372672,7.056586,24c,M062218_157_3
003,M062618,-7.375,-14.55371,25.11772,45.8275,3,2.033697,0.9885429,0.01586369,13.40633,1.655676,8.09719,12r,M062618_003_3
005,M062618,-9.6875,-12.00593,24.8996,45.7675,1,11.0066,0.9491774,0.01498237,5.875186,1.280728,4.587379,11ml,M062618_005_1
007,M062618,-12.1875,-10.01988,23.6014,45.7675,2,12.63899,0.9800235,0.005287896,6.502758,1.056269,6.156349,11ml,M062618_007_2
007,M062618,-12.1875,-10.01988,23.6014,45.7675,4,3.396578,0.9715041,0.05287896,11.90959,1.372429,8.677747,11ml,M062618_007_4
011,M062618,-7.4375,-15.97158,25.99842,44.455,3,3.150548,0.9788484,0.05405406,6.869743,1.226835,5.599566,46v,M062618_011_3
013,M062618,-10.9375,-13.89058,24.157,44.39,3,2.033628,0.9941245,0.004112808,7.501964,1.152135,6.511357,11ml,M062618_013_3
017,M062618,-7.75,-18.952,24.03174,42.911,1,2.507565,0.985899,0.004112808,12.54771,1.845606,6.798693,12l,M062618_017_1
017,M062618,-7.75,-18.952,24.03174,42.911,4,10.19531,0.9850176,0.01762632,7.746568,2.122768,3.649277,12l,M062618_017_4
017,M062618,-7.75,-18.952,24.03174,42.911,5,2.489814,0.985899,0.002350176,11.17661,2.161913,5.169778,12l,M062618_017_5
018,M062618,-7.46875,-17.85784,25.61318,43.091,3,1.175067,0.9905993,0.001175088,8.3196,1.42766,5.827438,12l,M062618_018_3
024,M062618,-11.75,-10.03816,26.087,43.266,3,1.834627,0.9882491,0.01351351,10.5036,1.455174,7.218103,46v,M062618_024_3
025,M062618,-11.9375,-8.84025,26.3422,43.2525,3,1.463734,0.9932432,0.0126322,11.06099,1.659256,6.666232,46v,M062618_025_3
026,M062618,-8.1875,-19.319,24.14279,41.7075,3,0.7872642,0.9929495,0.00146886,10.72856,1.986052,5.401951,45,M062618_026_3
026,M062618,-8.1875,-19.319,24.14279,41.7075,4,0.08544193,0.993537,0.001762632,17.4692,1.836749,9.510932,45,M062618_026_4
033,M062618,-16.0625,-10.27428,22.48772,41.763,3,2.871485,0.9597532,0.04641598,6.882973,2.588963,2.658583,11ml,M062618_033_3
045,M062618,-9.4375,-20.8814,22.26796,39.14,3,1.529873,1,0.004700352,18.26088,1.883172,9.696875,45,M062618_045_3
048,M062618,-16.21875,-16.2854,20.2394,39.05,3,4.247504,0.9776734,0.02643948,5.691709,1.32017,4.311346,13l,M062618_048_3
055,M062618,-16.5625,-21.22,15.504,37.809,3,3.951657,0.9944183,0.005875441,8.323527,1.393299,5.97397,12o,M062618_055_3
064,M062618,-23.09375,-8.47954,17.51898,37.609,2,14.6296,0.9723854,0.06639248,6.99568,1.410468,4.959827,13m,M062618_064_2
064,M062618,-23.09375,-8.47954,17.51898,37.609,4,11.57817,0.926557,0.0252644,4.370038,1.068323,4.090559,13m,M062618_064_4
066,M062618,-13.59375,-21.27832,18.41008,36.468,1,1.022526,0.9873678,0.04847239,8.886424,2.0912,4.249437,45,M062618_066_1
066,M062618,-13.59375,-21.27832,18.41008,36.468,4,1.933635,0.9979436,0,10.2745,1.768937,5.808289,45,M062618_066_4
069,M062618,-19.375,-16.6788,16.93421,36.6055,3,0.6613688,0.9947121,0.01380729,11.51039,2.587917,4.447744,12o,M062618_069_3
071,M062618,-22.1875,-13.55486,16.64005,36.35749,3,0.748635,0.9911869,0.005581669,9.433804,1.509052,6.251475,13l,M062618_071_3
072,M062618,-13.4375,-12.00253,26.10165,36.2385,2,1.514107,0.9988249,0.001175088,8.444787,1.665527,5.070339,46d,M062618_072_2
072,M062618,-13.4375,-12.00253,26.10165,36.2385,4,0.7040576,0.9973561,0.001175088,13.15485,1.889282,6.96288,46d,M062618_072_4
078,M062618,-11.1875,-20.1134,22.85876,35.24,4,6.444784,0.9788484,0.01938896,5.035759,1.064208,4.731933,45,M062618_078_4
090,M062618,-13.75,-20.90019,20.06564,33.9445,3,9.213995,0.9979436,0.004994125,13.34204,1.687756,7.905195,45,M062618_090_3
091,M062618,-15.1875,-19.1687,20.17171,33.9545,2,10.60091,0.979436,0.1039953,7.006597,1.57412,4.451119,44,M062618_091_2
094,M062618,-21.125,-14.27187,18.04406,33.5585,1,11.86334,0.985899,0.04142186,6.445076,1.090082,5.912467,AI,M062618_094_1
097,M062618,-14.5,-9.3048,26.25196,33.461,2,9.655306,1,0.000293772,16.71468,1.528484,10.93546,8B,M062618_097_2
097,M062618,-14.5,-9.3048,26.25196,33.461,3,7.424281,0.9083431,0.2226792,3.622604,1.007534,3.595517,8B,M062618_097_3
099,M062618,-20.9375,-6.40114,20.51142,31.9945,3,7.962575,0.9521152,0.08078731,5.777191,1.431647,4.035346,cd,M062618_099_3
099,M062618,-20.9375,-6.40114,20.51142,31.9945,4,0.1729235,0.9955934,0.01175088,11.20972,1.761244,6.364661,cd,M062618_099_4
101,M062618,-9.25,-21.76836,23.63678,32.6565,1,15.16037,0.9994125,0.001175088,12.91321,1.544985,8.358143,46v,M062618_101_1
101,M062618,-9.25,-21.76836,23.63678,32.6565,2,30.12242,0.9397767,0.09253819,5.341086,1.094674,4.879156,46v,M062618_101_2
113,M062618,-9.25,-3.8152,32.5481,30.842,3,4.453062,0.9988249,0.005581669,11.93846,1.696186,7.038416,6DR,M062618_113_3
117,M062618,-12.6875,-14.11636,25.89607,27.3995,3,1.233442,0.9947121,0.039953,7.931365,1.895306,4.184741,6DC,M062618_117_3
123,M062618,-20.25,-6.44108,21.43404,29.412,3,0.1596572,0.9982374,0.002643948,10.39181,1.487533,6.985936,cd,M062618_123_3
128,M062618,-14.21875,-14.14735,24.36735,25.8235,2,3.795985,0.9762045,0.07109283,7.031836,1.503542,4.676847,6DC,M062618_128_2
128,M062618,-14.21875,-14.14735,24.36735,25.8235,4,4.874974,1,0.003525264,12.37624,1.296956,9.542525,6DC,M062618_128_4
133,M062618,-11.6875,-7.64536,29.8128,28.294,3,0.2208903,0.9973561,0.01204465,11.90059,1.585637,7.505242,6DR,M062618_133_3
134,M062618,-11.375,-6.76935,30.46816,28.2175,1,12.23586,0.9712104,0.01527615,8.436322,1.524982,5.532078,6DR,M062618_134_1
140,M062618,-14.75,-13.06184,24.94868,24.368,3,0.1316136,1,0.0005875441,27.31745,2.438435,11.20286,6DC,M062618_140_3
144,M062618,-9.375,-7.5312,32.2711,26.5175,1,30.51989,0.9759107,0.04700353,7.850457,1.175286,6.679615,6DC,M062618_144_1
144,M062618,-9.375,-7.5312,32.2711,26.5175,3,12.42895,0.9515276,0.2153349,5.43358,1.204626,4.510596,6DC,M062618_144_3
146,M062618,-8,-5.398,34.28884,26.482,3,10.11773,0.9958872,0.01527615,9.964848,1.199648,8.306474,6DC,M062618_146_3
146,M062618,-8,-5.398,34.28884,26.482,4,16.46412,0.9450646,0.1542303,5.032569,1.330933,3.781234,6DC,M062618_146_4
149,M062618,-14.5625,-14.5947,24.9649,23.065,3,0.06124538,1,0,16.03594,2.073668,7.733129,6DC,M062618_149_3
150,M062618,-16.8125,-13.15915,23.53939,22.765,1,27.89463,0.9482961,0.0619859,6.348478,1.45452,4.364654,6DC,M062618_150_1
152,M062618,-9.0625,-10.64094,32.34484,23.66,1,18.20456,0.9303761,0.05111633,6.940985,0.9961537,6.967785,6DC,M062618_152_1
152,M062618,-9.0625,-10.64094,32.34484,23.66,4,14.79195,0.9773796,0.004994125,10.74395,1.198153,8.967097,6DC,M062618_152_4
157,M062618,-13.25,-4.58212,29.32558,25.13,3,5.842901,0.9829612,0.09283196,8.108212,1.401166,5.786759,24c,M062618_157_3
003,M062718,-7.40625,-14.55371,25.11772,45.8275,3,2.428041,0.9750293,0.003819037,10.39893,1.77052,5.873375,12r,M062718_003_3
003,M062718,-7.40625,-14.55371,25.11772,45.8275,4,1.377388,0.9750293,0.003819037,15.07278,2.130311,7.075387,12r,M062718_003_4
006,M062718,-11.84375,-10.69952,23.51576,45.73,3,1.101489,0.9888366,0.01292597,7.770205,1.905673,4.077408,11ml,M062718_006_3
007,M062718,-12.1875,-10.01988,23.6014,45.7675,2,3.000017,0.9544653,0.03172738,12.16079,1.512176,8.041918,11ml,M062718_007_2
007,M062718,-12.1875,-10.01988,23.6014,45.7675,4,13.8678,0.9462397,0.01556992,5.248422,1.024412,5.123353,11ml,M062718_007_4
008,M062718,-8.4375,-9.02444,27.87524,45.925,5,2.612362,0.9926557,0.006169213,11.72123,1.34703,8.701536,46d,M062718_008_5
008,M062718,-8.4375,-9.02444,27.87524,45.925,6,0.4586972,0.9994125,0.0005875441,39.06374,3.226866,12.10578,46d,M062718_008_6
011,M062718,-7.5625,-15.97259,25.87041,44.445,3,1.005059,0.9950058,0.02320799,12.12644,1.712808,7.07986,46v,M062718_011_3
013,M062718,-10.9375,-13.89058,24.157,44.39,2,1.512116,0.9947121,0.00146886,8.147203,1.284284,6.343771,11ml,M062718_013_2
013,M062718,-10.9375,-13.89058,24.157,44.39,4,0.4809406,0.9947121,0.01909518,11.47648,1.634505,7.021382,11ml,M062718_013_4
017,M062718,-7.75,-18.952,24.03174,42.911,3,4.657003,0.9764982,0.05611046,7.218968,1.606522,4.493537,12l,M062718_017_3
017,M062718,-7.75,-18.952,24.03174,42.911,4,1.315734,0.9726792,0.006462985,9.357655,2.070398,4.519738,12l,M062718_017_4
017,M062718,-7.75,-18.952,24.03174,42.911,5,2.20261,0.9947121,0.0008813161,11.20277,2.016676,5.555065,12l,M062718_017_5
024,M062718,-11.875,-10.0476,25.90425,43.261,3,1.058923,0.996181,0,17.15348,1.82649,9.391496,46v,M062718_024_3
024,M062718,-11.875,-10.0476,25.90425,43.261,4,0.5517085,0.996181,0.002056404,12.72569,1.483885,8.575927,46v,M062718_024_4
025,M062718,-11.9375,-8.84025,26.3422,43.2525,3,1.466111,0.9991187,0.009694478,12.89001,1.536748,8.387849,46v,M062718_025_3
026,M062718,-8.3125,-19.319,24.00918,41.7,3,0.2161793,0.989718,0,11.66228,1.435487,8.124268,45,M062718_026_3
026,M062718,-8.3125,-19.319,24.00918,41.7,4,1.446505,0.989718,0.004994125,13.46292,1.781715,7.556162,45,M062718_026_4
028,M062718,-11.53125,-16.8932,23.43558,41.7075,2,1.478806,0.9588719,0.04494712,10.43971,1.762258,5.924052,12o,M062718_028_2
045,M062718,-9.4375,-20.8814,22.26796,39.14,3,1.329837,0.9991187,0.001762632,15.0724,1.549868,9.724958,45,M062718_045_3
048,M062718,-16.34375,-16.29474,19.97039,39.0425,2,12.74451,0.9521152,0.05111633,4.782582,1.355653,3.52788,13l,M062718_048_2
054,M062718,-21.03125,-8.13881,19.19836,39.145,2,4.102077,0.9764982,0.1122209,7.664165,1.916629,3.998774,13m,M062718_054_2
055,M062718,-16.625,-21.22,15.504,37.809,1,3.783593,0.9773796,0.01968273,6.744227,2.046903,3.294845,12o,M062718_055_1
064,M062718,-23.09375,-8.47954,17.51898,37.609,2,13.69873,0.9656287,0.03495887,6.634898,1.359962,4.878739,13m,M062718_064_2
064,M062718,-23.09375,-8.47954,17.51898,37.609,3,11.52748,0.956228,0.03202115,4.303095,1.040343,4.136227,13m,M062718_064_3
066,M062718,-13.59375,-21.27832,18.41008,36.468,4,0.8713099,0.9994125,0.0005875441,7.373926,1.267638,5.817059,45,M062718_066_4
069,M062718,-19.375,-16.6788,16.93421,36.6055,3,0.3128243,0.9682726,0.0005875441,12.36795,1.378866,8.969654,12o,M062718_069_3
071,M062718,-22.1875,-13.55486,16.64005,36.35749,3,1.583387,0.9809048,0.05816686,7.233415,1.821765,3.970553,13l,M062718_071_3
077,M062718,-17,-21.6472,15.458,35.095,3,17.19297,0.953584,0.04700353,3.911709,1.003249,3.899042,AI,M062718_077_3
078,M062718,-11.3125,-20.1273,22.54967,35.235,3,3.953494,0.9988249,0.001175088,17.66417,2.032096,8.692587,45,M062718_078_3
087,M062718,-25.40625,-6.95044,15.913,33.03,3,3.482619,0.9712104,0.004700352,6.497246,1.266498,5.130089,13m,M062718_087_3
090,M062718,-13.75,-20.90019,20.06564,33.9445,3,9.485578,0.9964747,0.008519389,12.86913,1.639974,7.847156,45,M062718_090_3
091,M062718,-15.1875,-19.1687,20.17171,33.9545,2,4.542665,0.9612221,0.06668625,6.252096,1.846485,3.385944,44,M062718_091_2
093,M062718,-20.71875,-16.08236,17.07304,33.6655,1,16.46888,0.9673913,0.01674501,6.785105,1.029216,6.592496,AI,M062718_093_1
093,M062718,-20.71875,-16.08236,17.07304,33.6655,2,17.04501,0.9453584,0.05317274,5.491264,1.064418,5.158937,AI,M062718_093_2
094,M062718,-21.125,-14.27187,18.04406,33.5585,2,19.25072,0.9626909,0.06492362,4.715778,0.9723279,4.849988,AI,M062718_094_2
099,M062718,-20.9375,-6.40114,20.51142,31.9945,3,0.6774961,0.9894242,0.003525264,8.220659,1.738117,4.729636,cd,M062718_099_3
101,M062718,-9.25,-21.76836,23.63678,32.6565,1,16.39133,0.9847239,0.007050529,10.30389,1.236735,8.331524,46v,M062718_101_1
101,M062718,-9.25,-21.76836,23.63678,32.6565,3,13.13285,1,0.001762632,11.49046,1.37569,8.352507,46v,M062718_101_3
101,M062718,-9.25,-21.76836,23.63678,32.6565,9,4.393544,0.9826674,0.01968273,6.221134,1.062955,5.852679,46v,M062718_101_9
105,M062718,-20.5,-13.613,18.1305,27.555,3,5.479446,0.9994125,0.006169213,10.4854,1.306482,8.02568,pu,M062718_105_3
106,M062718,-14.6875,-12.43532,24.621,28.5,2,3.317624,0.9547591,0.06051704,7.914034,1.60244,4.938741,6DR,M062718_106_2
106,M062718,-14.6875,-12.43532,24.621,28.5,4,0.4530675,0.9732667,0.0005875441,26.18421,2.373043,11.03402,6DR,M062718_106_4
109,M062718,-14.1875,-10.38436,26.2946,32.178,1,1.873458,0.9670975,0.02555817,3.56693,1.429949,2.494446,8B,M062718_109_1
110,M062718,-22.375,-7.3756,18.932,30.675,2,0.09311441,0.996181,0.003819037,12.35142,3.175378,3.889747,cd,M062718_110_2
117,M062718,-14.9375,-14.03916,23.86592,27.087,3,2.694778,1,0.0005875441,16.0466,2.073183,7.740081,6DC,M062718_117_3
119,M062718,-23.6875,-11.26294,16.35976,25.712,2,2.951674,0.9715041,0.03055229,5.535986,1.129515,4.901206,pu,M062718_119_2
128,M062718,-14.28125,-14.14735,24.36735,25.8235,3,2.612399,0.9811986,0.096651,7.734893,1.8258,4.236441,6DC,M062718_128_3
130,M062718,-30.75,-11.31,9.41757,23.4085,3,6.322525,0.987074,0.01410106,6.117627,1.972412,3.101596,AMG,M062718_130_3
133,M062718,-11.6875,-7.64536,29.8128,28.294,3,0.1137425,0.9976498,0.01586369,10.54737,1.52452,6.918489,6DR,M062718_133_3
134,M062718,-11.625,-6.7799,30.15884,28.215,2,17.52845,0.9944183,0.004994125,11.73978,1.174326,9.997033,6DR,M062718_134_2
134,M062718,-11.625,-6.7799,30.15884,28.215,3,0.2625399,0.9988249,0.01938896,18.90166,2.735169,6.910599,6DR,M062718_134_3
134,M062718,-11.625,-6.7799,30.15884,28.215,6,3.195831,0.9970623,0.06022327,3.709426,1.019245,3.639385,6DR,M062718_134_6
134,M062718,-11.625,-6.7799,30.15884,28.215,10,0.03562314,1,0.008726004,8.523386,2.922344,2.916627,6DR,M062718_134_10
134,M062718,-11.625,-6.7799,30.15884,28.215,12,5.281644,0.9920682,0.009694478,4.319704,1.009444,4.279292,6DR,M062718_134_12
138,M062718,-13.0625,-15.72092,24.73451,24.783,3,10.43402,0.9509401,0.02438308,6.400524,1.322962,4.838025,6DC,M062718_138_3
138,M062718,-13.0625,-15.72092,24.73451,24.783,5,0.2502882,0.9976498,0,19.50236,1.926376,10.12386,6DC,M062718_138_5
138,M062718,-13.0625,-15.72092,24.73451,24.783,6,0.2631933,0.9950058,0,14.83899,1.598475,9.283218,6DC,M062718_138_6
140,M062718,-14.75,-13.06184,24.94868,24.368,2,2.14349,0.9856052,0.03202115,7.850237,1.466678,5.352392,6DC,M062718_140_2
140,M062718,-14.75,-13.06184,24.94868,24.368,3,12.01707,0.9230317,0.006169213,7.460125,1.34413,5.550153,6DC,M062718_140_3
144,M062718,-9.375,-7.5312,32.2711,26.5175,3,35.23191,0.9891304,0.0199765,8.241614,1.175879,7.008895,6DC,M062718_144_3
146,M062718,-8,-5.398,34.28884,26.482,1,17.9135,0.9917744,0.0660987,6.652122,1.491586,4.459765,6DC,M062718_146_1
146,M062718,-8,-5.398,34.28884,26.482,4,10.73297,0.9894242,0.003525264,9.524584,1.080008,8.818997,6DC,M062718_146_4
146,M062718,-8,-5.398,34.28884,26.482,10,3.128069,0.9638661,0.006756757,6.433009,1.006793,6.389606,6DC,M062718_146_10
149,M062718,-15.5625,-14.55276,23.74132,22.915,2,0.6355344,0.9941245,0,12.24306,1.815162,6.744889,6DC,M062718_149_2
152,M062718,-9.0625,-10.64094,32.34484,23.66,2,20.57045,0.9245006,0.04259694,6.758139,0.9645963,7.006184,6DC,M062718_152_2
152,M062718,-9.0625,-10.64094,32.34484,23.66,5,11.14773,0.9923619,0.007344301,11.72156,1.325614,8.842362,6DC,M062718_152_5
152,M062718,-9.0625,-10.64094,32.34484,23.66,6,0.4833784,0.9994125,0.01175088,14.10543,1.881921,7.495229,6DC,M062718_152_6
157,M062718,-13.25,-4.58212,29.32558,25.13,2,4.662905,0.9864865,0.0893067,8.439021,1.566593,5.386864,24c,M062718_157_2
003,M062818,-7.40625,-14.55371,25.11772,45.8275,3,1.785149,0.9982374,0.001762632,15.71285,1.59042,9.879683,12r,M062818_003_3
006,M062818,-11.84375,-10.69952,23.51576,45.73,2,1.23399,0.9905993,0.008225617,8.752496,1.711389,5.114265,11ml,M062818_006_2
007,M062818,-12.1875,-10.01988,23.6014,45.7675,3,11.95876,0.9568155,0.02908343,5.354599,1.021358,5.242628,11ml,M062818_007_3
007,M062818,-12.1875,-10.01988,23.6014,45.7675,4,3.393159,0.943302,0.03084606,10.94386,1.631342,6.7085,11ml,M062818_007_4
008,M062818,-8.4375,-9.02444,27.87524,45.925,3,4.261236,0.9850176,0.04700353,9.781881,1.783256,5.485404,46d,M062818_008_3
008,M062818,-8.4375,-9.02444,27.87524,45.925,4,0.5737749,1,0.001175088,31.33484,2.485089,12.60914,46d,M062818_008_4
010,M062818,-7.90625,-16.9663,24.5127,44.51,3,1.063292,0.9955934,0.01821387,8.937156,2.219031,4.027503,12r,M062818_010_3
011,M062818,-7.5625,-15.97259,25.87041,44.445,3,0.9515452,0.9988249,0.01410106,11.85995,2.009805,5.901044,46v,M062818_011_3
013,M062818,-10.9375,-13.89058,24.157,44.39,2,2.908957,0.9894242,0.005287896,6.52873,1.098007,5.945983,11ml,M062818_013_2
013,M062818,-10.9375,-13.89058,24.157,44.39,4,1.236693,0.9923619,0.009106933,10.36156,1.897245,5.46137,11ml,M062818_013_4
017,M062818,-7.75,-18.952,24.03174,42.911,2,3.693012,0.9283196,0.07285547,6.676463,1.254713,5.321108,12l,M062818_017_2
017,M062818,-7.75,-18.952,24.03174,42.911,4,2.125162,0.9920682,0.01145711,11.75745,1.977337,5.946105,12l,M062818_017_4
017,M062818,-7.75,-18.952,24.03174,42.911,6,2.689442,0.9932432,0.003231492,13.16395,2.512838,5.238678,12l,M062818_017_6
018,M062818,-7.46875,-17.85784,25.61318,43.091,3,1.3497,0.987074,0.009988249,7.782201,1.494355,5.207732,12l,M062818_018_3
024,M062818,-11.875,-10.0476,25.90425,43.261,1,13.87708,0.9588719,0.03143361,5.129282,1.067043,4.807005,46v,M062818_024_1
024,M062818,-11.875,-10.0476,25.90425,43.261,2,2.714475,0.9148061,0.005581669,10.58354,2.238942,4.727029,46v,M062818_024_2
024,M062818,-11.875,-10.0476,25.90425,43.261,4,1.003327,0.9635723,0.01703878,12.00909,1.691477,7.099767,46v,M062818_024_4
025,M062818,-11.9375,-8.84025,26.3422,43.2525,1,6.780055,0.9574031,0.04788484,7.05557,1.814784,3.88783,46v,M062818_025_1
033,M062818,-16.125,-10.28481,22.27794,41.758,3,1.919634,0.9969344,0.004700352,11.21108,1.662277,6.744415,11ml,M062818_033_3
034,M062818,-15.4375,-8.92298,23.63274,41.948,2,27.25669,0.9750293,0.02673326,5.755739,1.151694,4.997627,11ml,M062818_034_2
034,M062818,-15.4375,-8.92298,23.63274,41.948,3,0.1419942,0.9955934,0.01086957,8.623335,1.552556,5.554284,11ml,M062818_034_3
045,M062818,-9.4375,-20.8814,22.26796,39.14,2,1.10225,0.9908931,0.001175088,21.98087,2.139604,10.27333,45,M062818_045_2
045,M062818,-9.4375,-20.8814,22.26796,39.14,4,0.7764899,0.9908931,0.01380729,13.00111,1.953131,6.656549,45,M062818_045_4
054,M062818,-21.03125,-8.13881,19.19836,39.145,3,4.954646,0.9691539,0.1319036,7.009826,1.917859,3.655027,13m,M062818_054_3
060,M062818,-19.5625,-13.40516,18.84232,37.8685,4,3.078561,1,0.001762632,6.106961,1.222958,4.993598,13l,M062818_060_4
061,M062818,-19.25,-12.0723,19.72044,37.871,2,3.313262,0.9782609,0.1307286,7.281631,1.770468,4.11283,13l,M062818_061_2
064,M062818,-23.09375,-8.47954,17.51898,37.609,2,14.01226,0.9726792,0.07843713,6.738522,1.378009,4.890043,13m,M062818_064_2
066,M062818,-13.59375,-21.27832,18.41008,36.468,4,1.243615,0.996181,0.00293772,5.884327,1.296741,4.537782,45,M062818_066_4
067,M062818,-12.59375,-20.05455,21.0647,36.528,2,12.22321,0.989718,0.03231492,7.040768,1.250561,5.630086,45,M062818_067_2
069,M062818,-19.375,-16.6788,16.93421,36.6055,3,0.1449604,0.9970623,0.005287896,14.03161,2.341295,5.993095,12o,M062818_069_3
077,M062818,-17,-21.6472,15.458,35.095,3,10.00147,0.9647474,0.02379553,4.35659,1.016291,4.286755,AI,M062818_077_3
077,M062818,-17,-21.6472,15.458,35.095,4,0.5339557,0.9192127,0.009988249,8.909632,1.381308,6.450141,AI,M062818_077_4
077,M062818,-17,-21.6472,15.458,35.095,6,1.366641,0.9192127,0.07520564,8.63122,1.910566,4.517625,AI,M062818_077_6
090,M062818,-13.75,-20.90019,20.06564,33.9445,3,9.934133,0.9955934,0.007638073,13.11781,1.548101,8.473481,45,M062818_090_3
093,M062818,-20.78125,-16.08236,17.07304,33.6655,3,4.145964,0.9952996,0.02085781,10.0829,1.611508,6.256812,AI,M062818_093_3
095,M062818,-23.75,-12.71354,15.97099,33.5835,2,5.699675,0.9738543,0.08372503,6.764014,1.440658,4.695087,AI,M062818_095_2
097,M062818,-14.5,-9.3048,26.25196,33.461,3,8.43891,0.9853114,0.08019976,8.493996,1.178516,7.207364,8B,M062818_097_3
099,M062818,-21,-6.40114,20.51142,31.9945,3,8.268831,0.9988249,0.005287896,11.66504,1.510767,7.72127,cd,M062818_099_3
101,M062818,-9.25,-21.76836,23.63678,32.6565,1,23.68476,0.9891304,0.01410106,8.017017,1.11183,7.210652,46v,M062818_101_1
101,M062818,-9.25,-21.76836,23.63678,32.6565,3,13.52324,0.9988249,0,13.30607,1.521614,8.744705,46v,M062818_101_3
101,M062818,-9.25,-21.76836,23.63678,32.6565,4,0.07237013,0.9988137,0.00151918,19.50493,3.389874,5.753881,46v,M062818_101_4
109,M062818,-14.1875,-10.38436,26.2946,32.178,2,2.562022,0.9579906,0.03319624,3.564523,1.406326,2.534636,8B,M062818_109_2
113,M062818,-9.5625,-3.83444,32.23537,30.8395,3,0.9160669,0.9911032,0,23.49223,3.06955,7.653313,6DR,M062818_113_3
119,M062818,-25.0625,-11.24323,15.14692,25.5245,3,0.743767,0.9952427,0.002643948,11.43294,2.424224,4.716126,pu,M062818_119_3
123,M062818,-20.5,-6.4493,21.1164,29.407,2,0.2888584,1,0.001175088,15.77173,3.335279,4.72876,cd,M062818_123_2
124,M062818,-22.84375,-5.67038,19.07192,29.468,3,0.2727759,0.9929495,0.01292597,9.572474,2.230358,4.2919,cd,M062818_124_3
125,M062818,-14.8125,-4.233,27.27288,29.533,3,38.65394,0.9077556,0.1730317,5.728537,1.796906,3.188001,24c,M062818_125_3
128,M062818,-14.53125,-14.13296,23.96656,25.766,2,1.365561,0.9826674,0.02585194,8.771687,1.943427,4.513514,6DC,M062818_128_2
128,M062818,-14.53125,-14.13296,23.96656,25.766,3,1.208374,0.9826674,0.02262045,9.01499,1.74201,5.175051,6DC,M062818_128_3
130,M062818,-30.75,-11.31,9.41757,23.4085,2,15.75692,0.9994125,0.001175088,10.43636,1.506762,6.926347,AMG,M062818_130_2
133,M062818,-11.6875,-7.64536,29.8128,28.294,2,0.1843803,0.9929495,0.02585194,11.59204,1.551604,7.471004,6DR,M062818_133_2
134,M062818,-11.625,-6.7799,30.15884,28.215,1,16.93862,0.987074,0.03877791,7.337656,1.002636,7.318365,6DR,M062818_134_1
134,M062818,-11.625,-6.7799,30.15884,28.215,2,16.35336,0.9380141,0.1169213,3.892663,0.8132159,4.786753,6DR,M062818_134_2
134,M062818,-11.625,-6.7799,30.15884,28.215,4,20.89565,0.987074,0.01116334,10.76786,1.109807,9.702468,6DR,M062818_134_4
134,M062818,-11.625,-6.7799,30.15884,28.215,6,6.029338,0.9894242,0.01292597,4.095405,1.067376,3.836892,6DR,M062818_134_6
134,M062818,-11.625,-6.7799,30.15884,28.215,13,0.5210475,0.9850176,0.03554641,15.96447,2.320786,6.878907,6DR,M062818_134_13
135,M062818,-10.5,-5.55462,31.64458,27.842,3,0.5875199,0.9967685,0.002350176,12.13295,1.619184,7.493248,6DR,M062818_135_3
138,M062818,-14.3125,-15.66464,23.54492,24.618,3,3.107136,0.96651,0.01292597,7.540428,1.504221,5.012844,6DC,M062818_138_3
140,M062818,-14.75,-13.06184,24.94868,24.368,3,0.1382844,0.9847222,0.006169213,13.5411,3.988266,3.395234,6DC,M062818_140_3
144,M062818,-9.375,-7.5312,32.2711,26.5175,2,34.5763,0.9964747,0.02173913,8.531872,1.157713,7.369594,6DC,M062818_144_2
146,M062818,-8,-5.398,34.28884,26.482,2,14.39927,0.9253819,0.06668625,3.7401,0.8884887,4.209508,6DC,M062818_146_2
146,M062818,-8,-5.398,34.28884,26.482,3,18.59656,0.993537,0.0525852,6.403368,1.440889,4.444039,6DC,M062818_146_3
146,M062818,-8,-5.398,34.28884,26.482,5,5.296219,0.9474148,0.01880141,6.149631,0.9252981,6.646107,6DC,M062818_146_5
146,M062818,-8,-5.398,34.28884,26.482,7,11.41395,0.9673913,0.01439483,8.647646,1.05887,8.16686,6DC,M062818_146_7
147,M062818,-9,-4.345,33.3727,26.492,5,7.020626,0.9988249,0.007050529,11.00062,1.239658,8.873919,6DC,M062818_147_5
150,M062818,-19.4375,-13.0902,20.72392,22.415,3,3.713553,0.9321387,0.02438308,4.800899,1.13639,4.224693,pu,M062818_150_3
152,M062818,-9.0625,-10.64094,32.34484,23.66,1,44.8803,1,0.2176851,4.574194,1.066427,4.28927,6DC,M062818_152_1
152,M062818,-9.0625,-10.64094,32.34484,23.66,2,15.46213,1,0.005875441,13.77608,1.427774,9.648644,6DC,M062818_152_2
153,M062818,-25.15625,-9.30655,16.75797,21.415,3,1.171824,0.9944183,0.03378378,8.415646,1.913099,4.39896,pu,M062818_153_3
157,M062818,-13.25,-4.58212,29.32558,25.13,3,13.17199,0.9591657,0.2050529,6.081496,1.627397,3.736948,24c,M062818_157_3
003,M062918,-7.40625,-14.55371,25.11772,45.8275,2,2.587666,1,0.001175088,15.18484,1.596085,9.513803,12r,M062918_003_2
006,M062918,-11.84375,-10.69952,23.51576,45.73,3,1.071873,0.9976498,0.001175088,10.15242,1.829771,5.548466,11ml,M062918_006_3
007,M062918,-12.1875,-10.01988,23.6014,45.7675,2,15.02115,0.9380141,0.05875441,5.325604,1.196069,4.452588,11ml,M062918_007_2
007,M062918,-12.1875,-10.01988,23.6014,45.7675,4,1.958087,0.9591657,0.009106933,11.66582,1.496927,7.793182,11ml,M062918_007_4
008,M062918,-8.4375,-9.02444,27.87524,45.925,3,3.728094,0.9679788,0.01938896,11.18333,1.722748,6.491568,46d,M062918_008_3
008,M062918,-8.4375,-9.02444,27.87524,45.925,5,0.9297818,0.9756169,0.00293772,20.16181,2.017895,9.991502,46d,M062918_008_5
011,M062918,-7.5625,-15.97259,25.87041,44.445,3,0.6743446,0.9997062,0.007638073,11.43067,2.205907,5.181848,46v,M062918_011_3
013,M062918,-10.9375,-13.89058,24.157,44.39,2,3.625196,0.9932432,0.002350176,6.88644,1.118751,6.155474,11ml,M062918_013_2
017,M062918,-7.75,-18.952,24.03174,42.911,3,5.035561,0.9967685,0.0766745,8.550141,1.52297,5.614122,12l,M062918_017_3
017,M062918,-7.75,-18.952,24.03174,42.911,5,1.71257,0.9585782,0.001762632,10.07513,2.272165,4.434153,12l,M062918_017_5
017,M062918,-7.75,-18.952,24.03174,42.911,7,3.231599,0.9876616,0.004994125,7.769146,1.29722,5.989074,12l,M062918_017_7
018,M062918,-7.46875,-17.85784,25.61318,43.091,3,1.357947,0.9720917,0.01615746,7.242091,1.483463,4.881883,12l,M062918_018_3
024,M062918,-11.875,-10.0476,25.90425,43.261,1,17.99436,0.9976498,0.007050529,10.18419,1.272187,8.00526,46v,M062918_024_1
024,M062918,-11.875,-10.0476,25.90425,43.261,4,0.3704976,0.9976498,0.01086957,12.69351,1.816055,6.989606,46v,M062918_024_4
025,M062918,-11.9375,-8.84025,26.3422,43.2525,2,0.3352732,0.9850176,0.006756757,3.57046,1.576799,2.264372,46v,M062918_025_2
034,M062918,-15.4375,-8.92298,23.63274,41.948,1,23.68925,0.9670975,0.01439483,5.533293,1.564185,3.537493,11ml,M062918_034_1
034,M062918,-15.4375,-8.92298,23.63274,41.948,4,11.44822,0.9591657,0.03437133,4.981287,1.503295,3.313581,11ml,M062918_034_4
039,M062918,-14.65625,-14.71925,22.24975,40.518,3,8.573024,0.996181,0.009988249,10.55709,2.211018,4.774763,13l,M062918_039_3
044,M062918,-19.4375,-7.88025,20.24775,40.5125,3,1.555745,0.9891304,0.02173913,8.76498,1.407467,6.227483,13m,M062918_044_3
045,M062918,-9.4375,-20.8814,22.26796,39.14,3,1.113545,0.9991187,0.002350176,23.63043,2.307901,10.23893,45,M062918_045_3
048,M062918,-16.46875,-16.29474,19.97039,39.0425,4,4.58573,0.9835488,0.02115159,6.857795,1.753034,3.911958,13l,M062918_048_4
053,M062918,-18.96875,-9.2247,20.9947,39.145,3,8.038972,0.8046416,0.1968273,5.686829,1.508291,3.77038,13m,M062918_053_3
054,M062918,-21.03125,-8.13881,19.19836,39.145,2,4.92828,0.9756169,0.03819036,7.935459,2.158502,3.676373,13m,M062918_054_2
060,M062918,-19.5625,-13.40516,18.84232,37.8685,2,3.433988,0.9955934,0.004994125,6.077029,1.208441,5.028815,13l,M062918_060_2
064,M062918,-23.09375,-8.47954,17.51898,37.609,2,13.76128,0.9826674,0.02291422,7.183229,1.359157,5.285062,13m,M062918_064_2
066,M062918,-13.59375,-21.27832,18.41008,36.468,3,0.3390651,0.9841363,0.006169213,5.332286,1.412151,3.776001,45,M062918_066_3
067,M062918,-12.59375,-20.05455,21.0647,36.528,1,14.94869,0.9756169,0.07814336,5.957602,1.161916,5.127394,45,M062918_067_1
077,M062918,-17,-21.6472,15.458,35.095,3,0.7208436,0.9929495,0.01351351,10.4962,1.610956,6.515511,AI,M062918_077_3
083,M062918,-22.3125,-12.11971,17.45871,34.985,3,2.276507,0.9817861,0.02379553,7.471893,1.773327,4.21349,13l,M062918_083_3
088,M062918,-22.71875,-5.83991,18.54639,33.2475,2,2.185184,0.9920682,0.03349001,8.985406,1.822999,4.928916,cd,M062918_088_2
090,M062918,-13.75,-20.90019,20.06564,33.9445,3,8.762029,0.9994125,0.01116334,13.01532,1.57223,8.278257,45,M062918_090_3
097,M062918,-14.5,-9.3048,26.25196,33.461,2,7.299183,0.985899,0.09488837,8.564207,1.151833,7.435285,8B,M062918_097_2
099,M062918,-21,-6.40114,20.51142,31.9945,2,7.734076,0.9967685,0.004700352,11.04951,1.614329,6.844644,cd,M062918_099_2
101,M062918,-9.25,-21.76836,23.63678,32.6565,1,13.57977,0.9988249,0.0008813161,9.281693,1.193239,7.778571,46v,M062918_101_1
101,M062918,-9.25,-21.76836,23.63678,32.6565,5,20.34149,0.9882491,0.00293772,9.599032,1.185303,8.098376,46v,M062918_101_5
101,M062918,-9.25,-21.76836,23.63678,32.6565,6,5.886267,0.9676851,0.02673326,5.128886,0.9193977,5.578528,46v,M062918_101_6
105,M062918,-24.25,-13.47152,14.47389,26.9475,3,8.640145,0.9456522,0.04524089,3.871163,0.9762558,3.965317,pu,M062918_105_3
105,M062918,-24.25,-13.47152,14.47389,26.9475,5,0.5484806,0.9923619,0.003231492,10.53553,2.068374,5.09363,pu,M062918_105_5
109,M062918,-14.1875,-10.38436,26.2946,32.178,2,2.623227,0.9574031,0.03819036,3.557154,1.48784,2.390818,8B,M062918_109_2
113,M062918,-9.5625,-3.83444,32.23537,30.8395,3,0.7457839,1,0,20.51691,2.922949,7.01925,6DR,M062918_113_3
119,M062918,-26.9375,-11.21038,13.12552,25.212,3,0.3818246,0.9900118,0.02262045,8.813438,2.314391,3.808102,pu,M062918_119_3
124,M062918,-22.90625,-5.67038,19.07192,29.468,3,0.2100384,0.9988249,0.003525264,11.8998,1.888474,6.301278,cd,M062918_124_3
125,M062918,-14.8125,-4.233,27.27288,29.533,2,20.80095,0.9427145,0.05581669,6.290045,1.444606,4.35416,24c,M062918_125_2
128,M062918,-15.03125,-14.11857,23.56577,25.7085,3,5.445476,0.9932432,0.06433608,9.853765,1.458488,6.756149,6DC,M062918_128_3
133,M062918,-11.6875,-7.64536,29.8128,28.294,2,0.2298914,0.9958872,0.03965922,11.60145,2.626736,4.416679,6DR,M062918_133_2
134,M062918,-11.625,-6.7799,30.15884,28.215,1,17.86206,0.9947121,0.005287896,10.67547,1.00282,10.64544,6DR,M062918_134_1
134,M062918,-11.625,-6.7799,30.15884,28.215,4,14.6497,0.9994125,0.01439483,8.241573,1.006261,8.190292,6DR,M062918_134_4
134,M062918,-11.625,-6.7799,30.15884,28.215,6,14.655,0.9438896,0.03495887,4.797672,0.8770831,5.470031,6DR,M062918_134_6
134,M062918,-11.625,-6.7799,30.15884,28.215,7,5.0058,0.9826674,0.007050529,3.99636,0.9227318,4.331009,6DR,M062918_134_7
134,M062918,-11.625,-6.7799,30.15884,28.215,14,0.3801303,0.9782609,0.01850764,17.42514,2.719419,6.40767,6DR,M062918_134_14
135,M062918,-10.5,-5.55462,31.64458,27.842,2,0.5104417,0.9985312,0.007050529,12.72021,1.623374,7.83566,6DR,M062918_135_2
138,M062918,-15.5625,-15.60836,22.35533,24.453,3,1.309333,1,0,21.98961,2.391433,9.195162,6DC,M062918_138_3
140,M062918,-15.25,-13.05153,24.54331,24.313,3,0.04519684,0.9980478,0.001952172,20.99084,2.650951,7.918229,6DC,M062918_140_3
144,M062918,-9.5,-7.5312,32.2711,26.5175,1,14.73916,0.9985312,0.005581669,11.23913,1.127772,9.965782,6DC,M062918_144_1
144,M062918,-9.5,-7.5312,32.2711,26.5175,3,13.94872,0.9321387,0.1747944,4.235197,1.289288,3.284912,6DC,M062918_144_3
146,M062918,-8.125,-5.398,34.28884,26.482,1,5.761126,0.9891304,0.00293772,11.08812,1.426844,7.771083,6DC,M062918_146_1
146,M062918,-8.125,-5.398,34.28884,26.482,3,8.996349,0.9891304,0.01615746,8.017075,1.596769,5.020811,6DC,M062918_146_3
147,M062918,-9,-4.345,33.3727,26.492,2,2.664519,0.976792,0.07461809,7.235178,1.529293,4.731061,6DC,M062918_147_2
147,M062918,-9,-4.345,33.3727,26.492,4,4.795615,0.9967685,0.004700352,10.73945,1.230365,8.728666,6DC,M062918_147_4
147,M062918,-9,-4.345,33.3727,26.492,7,1.314378,0.9979436,0.02144536,7.809334,1.126832,6.930342,6DC,M062918_147_7
152,M062918,-9.0625,-10.64094,32.34484,23.66,2,13.36625,1,0.008813161,14.66467,1.501708,9.765326,6DC,M062918_152_2
157,M062918,-13.375,-4.59998,29.01207,25.1375,2,2.794928,0.9979436,0.003231492,12.95739,1.419138,9.130469,24c,M062918_157_2
003,M070218,-7.40625,-14.55371,25.11772,45.8275,5,0.9476576,0.9952996,0.004994125,13.38628,2.313049,5.787289,12r,M070218_003_5
005,M070218,-9.75,-12.0019,24.76,45.76,3,3.810687,0.9647474,0.05317274,8.804298,1.678438,5.245532,11ml,M070218_005_3
005,M070218,-9.75,-12.0019,24.76,45.76,4,0.5004505,0.9923619,0.004112808,13.65547,3.079748,4.433957,11ml,M070218_005_4
006,M070218,-11.84375,-10.69952,23.51576,45.73,3,1.011983,0.9967685,0.006462985,9.825681,1.868301,5.259153,11ml,M070218_006_3
007,M070218,-12.1875,-10.01988,23.6014,45.7675,5,1.851994,0.9547591,0.02027027,14.23757,1.473292,9.663784,11ml,M070218_007_5
008,M070218,-8.4375,-9.02444,27.87524,45.925,3,4.435349,0.9529965,0.05904818,7.176108,2.084491,3.442619,46d,M070218_008_3
008,M070218,-8.4375,-9.02444,27.87524,45.925,4,5.019787,0.9697415,0.01615746,11.43827,1.890296,6.051046,46d,M070218_008_4
008,M070218,-8.4375,-9.02444,27.87524,45.925,5,0.3812936,0.9997062,0,30.17298,2.888376,10.44635,46d,M070218_008_5
010,M070218,-7.90625,-16.9663,24.5127,44.51,4,0.8430902,0.9932432,0.01086957,10.98194,2.031501,5.405824,12r,M070218_010_4
011,M070218,-7.59375,-15.97259,25.87041,44.445,3,1.120113,1,0.0005875441,19.52077,2.177954,8.962893,46v,M070218_011_3
013,M070218,-10.96875,-13.89461,24.0305,44.3825,2,19.21569,0.9397767,0.1298472,6.412655,1.681151,3.814442,11ml,M070218_013_2
017,M070218,-7.75,-18.952,24.03174,42.911,3,0.8324961,0.9841363,0.007638073,4.54175,1.212258,3.746521,12l,M070218_017_3
017,M070218,-7.75,-18.952,24.03174,42.911,4,1.62343,0.9380141,0.004994125,11.52559,2.247813,5.127471,12l,M070218_017_4
025,M070218,-11.9375,-8.84025,26.3422,43.2525,3,0.6287444,0.909812,0.01556992,9.198324,1.99126,4.619348,46v,M070218_025_3
028,M070218,-11.84375,-16.8996,23.05714,41.6925,3,2.296857,0.976792,0.06286722,7.2938,2.078236,3.509611,12o,M070218_028_3
034,M070218,-15.4375,-8.92298,23.63274,41.948,3,7.474643,0.9732667,0.0693302,7.214251,1.379125,5.231036,11ml,M070218_034_3
036,M070218,-9.875,-18.7829,23.7521,40.4805,3,3.282292,0.9879553,0.07138661,8.610364,1.446712,5.951676,45,M070218_036_3
036,M070218,-9.875,-18.7829,23.7521,40.4805,4,27.27255,0.934195,0.08695652,4.24524,1.091148,3.890617,45,M070218_036_4
045,M070218,-9.4375,-20.8814,22.26796,39.14,3,2.653083,0.9762045,0.01410106,12.73287,1.718741,7.408256,45,M070218_045_3
045,M070218,-9.4375,-20.8814,22.26796,39.14,4,1.953401,0.9841363,0.07784959,7.69042,1.507483,5.101499,45,M070218_045_4
045,M070218,-9.4375,-20.8814,22.26796,39.14,5,1.144224,0.9762045,0.005875441,18.67369,1.956904,9.542466,45,M070218_045_5
050,M070218,-15.625,-12.93204,22.40504,39.31,4,0.387597,1,0.0005875441,27.26639,2.270356,12.00975,13l,M070218_050_4
054,M070218,-21.03125,-8.13881,19.19836,39.145,2,6.311666,0.976792,0.08989424,9.11552,1.904094,4.787326,13m,M070218_054_2
060,M070218,-19.5625,-13.40516,18.84232,37.8685,2,2.458462,0.9773796,0.02350176,4.082637,1.560278,2.616609,13l,M070218_060_2
063,M070218,-21.96875,-9.66271,18.06157,37.789,4,2.056372,0.9853114,0.006462985,4.389586,1.085435,4.04408,13m,M070218_063_4
064,M070218,-23.09375,-8.47954,17.51898,37.609,2,14.11541,0.9826674,0.02614571,7.176172,1.441182,4.979367,13m,M070218_064_2
065,M070218,-11,-6.4455,29.9388,37.569,3,0.397962,0.979835,0.04553467,7.88551,1.696264,4.648752,24c,M070218_065_3
067,M070218,-12.59375,-20.05455,21.0647,36.528,3,6.180192,0.987074,0.0819624,7.019502,1.677121,4.185447,45,M070218_067_3
068,M070218,-19.46875,-18.62544,15.82876,36.443,3,6.164375,0.9814923,0.01175088,6.419946,1.374227,4.671677,12o,M070218_068_3
069,M070218,-19.375,-16.6788,16.93421,36.6055,3,0.3856348,0.9964747,0.01145711,9.208104,2.293776,4.014386,12o,M070218_069_3
072,M070218,-15.875,-12.10421,23.61005,36.2585,2,2.809105,0.9997062,0.01028202,13.44147,1.629876,8.246926,46v,M070218_072_2
077,M070218,-17,-21.6472,15.458,35.095,2,0.9056595,0.9973561,0.003525264,12.07364,1.764892,6.841008,AI,M070218_077_2
078,M070218,-12,-20.1551,21.93149,35.225,2,5.711153,0.9691539,0.05963572,7.064985,1.218236,5.799358,45,M070218_078_2
088,M070218,-22.71875,-5.83991,18.54639,33.2475,2,6.448211,0.9952996,0.01086957,8.689023,1.477432,5.881166,cd,M070218_088_2
090,M070218,-13.75,-20.90019,20.06564,33.9445,2,9.673083,0.9882491,0.02497062,11.25571,1.534633,7.334462,45,M070218_090_2
095,M070218,-23.9375,-12.72296,15.69776,33.586,3,1.776816,0.9901671,0.04641598,6.992261,1.129249,6.191957,AI,M070218_095_3
097,M070218,-14.5,-9.3048,26.25196,33.461,2,6.878964,0.9800235,0.2071093,7.145961,1.326972,5.385163,8B,M070218_097_2
099,M070218,-21,-6.40114,20.51142,31.9945,5,6.220749,0.9391892,0.001762632,15.183,2.409914,6.300228,cd,M070218_099_5
101,M070218,-9.25,-21.76836,23.63678,32.6565,1,22.18534,0.9485899,0.1371915,5.863887,1.251534,4.685359,46v,M070218_101_1
101,M070218,-9.25,-21.76836,23.63678,32.6565,3,12.37751,0.9938308,0.007050529,7.814654,1.275697,6.125793,46v,M070218_101_3
106,M070218,-19.4375,-12.31564,20.1385,27.7575,2,8.513844,0.9612221,0.01556992,5.931407,1.363641,4.349684,pu,M070218_106_2
110,M070218,-22.8125,-7.38524,18.3739,30.665,2,5.117968,0.9682726,0.02115159,4.49926,1.876278,2.397971,cd,M070218_110_2
113,M070218,-9.5625,-3.83444,32.23537,30.8395,2,6.483678,0.9867803,0.05846063,6.197072,1.111244,5.576695,6DR,M070218_113_2
113,M070218,-9.5625,-3.83444,32.23537,30.8395,5,0.2684793,1,0.000293772,14.79566,1.956077,7.563948,6DR,M070218_113_5
117,M070218,-20.9375,-13.80756,17.77547,26.1495,2,3.43948,0.9938493,0.02144536,12.05693,1.404876,8.5822,pu,M070218_117_2
125,M070218,-14.8125,-4.233,27.27288,29.533,1,22.67041,0.9042303,0.06668625,5.476381,1.33663,4.097156,24c,M070218_125_1
128,M070218,-15.53125,-14.10418,23.16498,25.651,3,0.8082046,0.9876616,0.002056404,11.13698,2.462938,4.521828,6DC,M070218_128_3
128,M070218,-15.53125,-14.10418,23.16498,25.651,6,0.2553498,0.9981936,0.00293772,26.25448,2.678866,9.800597,6DC,M070218_128_6
128,M070218,-15.53125,-14.10418,23.16498,25.651,7,0.07602969,0.9981936,0,45.12545,4.180421,10.79447,6DC,M070218_128_7
134,M070218,-11.625,-6.7799,30.15884,28.215,1,14.91444,0.9585782,0.02555817,4.994452,0.961154,5.196308,6DR,M070218_134_1
134,M070218,-11.625,-6.7799,30.15884,28.215,2,19.95607,0.9811986,0.02643948,8.382052,1.035297,8.096275,6DR,M070218_134_2
134,M070218,-11.625,-6.7799,30.15884,28.215,3,5.493117,0.9856052,0.004112808,4.144135,0.956921,4.330697,6DR,M070218_134_3
134,M070218,-11.625,-6.7799,30.15884,28.215,6,0.06079536,0.9180328,0.003544528,7.194244,1.601913,4.491034,6DR,M070218_134_6
134,M070218,-11.625,-6.7799,30.15884,28.215,10,0.3171837,0.9750293,0.03584019,16.29771,2.491436,6.541491,6DR,M070218_134_10
135,M070218,-10.5,-5.55462,31.64458,27.842,3,0.7384825,0.9958872,0.002350176,13.15169,2.086781,6.30238,6DR,M070218_135_3
144,M070218,-9.5,-7.5312,32.2711,26.5175,2,13.37191,0.9944183,0.03319624,9.455441,1.137102,8.315387,6DC,M070218_144_2
144,M070218,-9.5,-7.5312,32.2711,26.5175,3,14.27123,0.9559342,0.09635723,5.050806,1.369934,3.686897,6DC,M070218_144_3
146,M070218,-8.125,-5.398,34.28884,26.482,3,11.41132,0.9988249,0.004700352,9.747767,1.582242,6.160729,6DC,M070218_146_3
147,M070218,-9,-4.345,33.3727,26.492,5,5.889463,0.9947121,0.007344301,9.867062,1.381178,7.143944,6DC,M070218_147_5
152,M070218,-9.0625,-10.64094,32.34484,23.66,2,12.40514,1,0.002643948,13.90676,1.451163,9.583183,6DC,M070218_152_2
156,M070218,-17.90625,-5.86201,24.44704,25.35,4,3.323575,0.9994125,0.01703878,15.19719,1.663588,9.135188,cd,M070218_156_4
157,M070218,-13.375,-4.59998,29.01207,25.1375,2,3.393764,0.9958872,0.0199765,11.64599,1.533762,7.593088,24c,M070218_157_2
003,M070318,-7.40625,-14.55371,25.11772,45.8275,3,0.9783875,0.9979436,0.004700352,14.62099,1.642552,8.901387,12r,M070318_003_3
005,M070318,-9.75,-12.0019,24.76,45.76,2,13.26728,0.9427145,0.03319624,5.393284,1.20745,4.466673,11ml,M070318_005_2
005,M070318,-9.75,-12.0019,24.76,45.76,3,0.1551281,0.99417,0.02362688,16.00298,1.602271,9.987683,11ml,M070318_005_3
006,M070318,-11.84375,-10.69952,23.51576,45.73,3,0.9823199,0.9982374,0.005287896,12.91241,3.28308,3.933018,11ml,M070318_006_3
007,M070318,-12.1875,-10.01988,23.6014,45.7675,2,3.901385,0.9474148,0.03819036,5.790797,1.041738,5.558785,11ml,M070318_007_2
007,M070318,-12.1875,-10.01988,23.6014,45.7675,3,3.762528,0.9685664,0.05846063,8.595374,1.284406,6.692101,11ml,M070318_007_3
007,M070318,-12.1875,-10.01988,23.6014,45.7675,4,2.733508,0.9576969,0.00293772,15.77206,1.290258,12.22396,11ml,M070318_007_4
008,M070318,-8.4375,-9.02444,27.87524,45.925,3,1.300278,0.996181,0.00146886,24.68572,2.051649,12.03214,46d,M070318_008_3
010,M070318,-7.90625,-16.9663,24.5127,44.51,3,0.7163299,0.9952996,0.01292597,8.874185,1.855509,4.782615,12r,M070318_010_3
011,M070318,-7.59375,-15.97259,25.87041,44.445,3,1.026832,1,0.001175088,20.15436,1.807333,11.15143,46v,M070318_011_3
013,M070318,-10.96875,-13.89461,24.0305,44.3825,3,23.10945,0.9374266,0.04759107,6.205194,1.661611,3.734444,11ml,M070318_013_3
013,M070318,-10.96875,-13.89461,24.0305,44.3825,4,2.926109,0.9662162,0.01410106,5.338952,1.201309,4.444278,11ml,M070318_013_4
017,M070318,-7.75,-18.952,24.03174,42.911,3,1.850255,0.9753231,0.009106933,10.20406,2.271755,4.491707,12l,M070318_017_3
017,M070318,-7.75,-18.952,24.03174,42.911,4,2.182624,0.9753231,0.0005875441,15.66044,2.226971,7.03217,12l,M070318_017_4
022,M070318,-14.03125,-12.70281,22.82618,43.0835,3,0.4879635,0.9838426,0.02555817,6.245679,1.440144,4.336843,11ml,M070318_022_3
025,M070318,-11.9375,-8.84025,26.3422,43.2525,3,1.59366,0.9900118,0.006756757,8.841878,2.006724,4.406126,46v,M070318_025_3
036,M070318,-9.875,-18.7829,23.7521,40.4805,3,0.06006322,0.9960887,0.007170795,16.87653,1.780677,9.477592,45,M070318_036_3
045,M070318,-9.4375,-20.8814,22.26796,39.14,2,3.31929,0.9879553,0.02497062,12.62871,1.579147,7.997174,45,M070318_045_2
045,M070318,-9.4375,-20.8814,22.26796,39.14,4,1.025213,0.9879553,0.002350176,19.59059,2.008506,9.753812,45,M070318_045_4
050,M070318,-15.625,-12.93204,22.40504,39.31,1,7.269922,0.9717979,0.1019389,7.234108,1.558511,4.641678,13l,M070318_050_1
050,M070318,-15.625,-12.93204,22.40504,39.31,3,1.545913,0.9926557,0.009694478,9.526678,1.456052,6.542814,13l,M070318_050_3
050,M070318,-15.625,-12.93204,22.40504,39.31,6,0.3504255,0.9988249,0.003231492,26.42246,7.420166,3.560899,13l,M070318_050_6
054,M070318,-21.03125,-8.13881,19.19836,39.145,3,5.482625,0.9903055,0.08343126,10.03383,1.835211,5.467398,13m,M070318_054_3
064,M070318,-23.09375,-8.47954,17.51898,37.609,1,12.77532,0.9835488,0.039953,7.25688,1.367013,5.308569,13m,M070318_064_1
068,M070318,-19.46875,-18.62544,15.82876,36.443,1,5.645594,0.9888366,0.01674501,5.73998,1.072016,5.354381,12o,M070318_068_1
069,M070318,-19.375,-16.6788,16.93421,36.6055,2,0.2444572,1,0.009988249,9.742231,1.808546,5.386776,12o,M070318_069_2
072,M070318,-16.25,-12.11692,23.2986,36.261,3,0.3923504,0.9435958,0.01145711,15.94226,1.984275,8.034301,46v,M070318_072_3
077,M070318,-17,-21.6472,15.458,35.095,3,0.4952955,1,0.003525264,13.59481,1.411806,9.629378,AI,M070318_077_3
078,M070318,-12.25,-20.169,21.6224,35.22,1,24.82457,0.9976498,0.05052879,9.052647,1.276984,7.089085,44,M070318_078_1
080,M070318,-16.9375,-17.07785,19.60685,35.2825,3,1.513311,0.9788484,0.1019389,5.902964,1.611689,3.662594,AI,M070318_080_3
090,M070318,-13.75,-20.90019,20.06564,33.9445,3,10.156,0.9926557,0.0346651,10.0043,1.460034,6.852101,45,M070318_090_3
097,M070318,-14.5,-9.3048,26.25196,33.461,3,8.852541,0.9803173,0.05728555,6.784322,1.249715,5.428696,8B,M070318_097_3
097,M070318,-14.5,-9.3048,26.25196,33.461,5,10.12562,0.9480023,0.0787309,4.063068,0.9895266,4.106073,8B,M070318_097_5
099,M070318,-21,-6.40114,20.51142,31.9945,5,1.930473,0.9720917,0,13.51966,2.125315,6.361251,cd,M070318_099_5
101,M070318,-9.375,-21.77992,23.34216,32.654,1,12.57766,0.9994125,0.001175088,12.14225,1.528587,7.943443,46v,M070318_101_1
101,M070318,-9.375,-21.77992,23.34216,32.654,2,21.75051,0.9127497,0.09841363,4.359946,1.043813,4.176941,46v,M070318_101_2
101,M070318,-9.375,-21.77992,23.34216,32.654,3,17.00532,0.9709166,0.0293772,7.003793,1.059259,6.611972,46v,M070318_101_3
109,M070318,-14.4375,-10.40855,25.97175,32.1905,1,14.64741,0.9979436,0.007050529,14.69892,1.40401,10.46924,8B,M070318_109_1
109,M070318,-14.4375,-10.40855,25.97175,32.1905,2,10.53907,0.9550529,0.01733255,5.112072,1.232341,4.14826,8B,M070318_109_2
125,M070318,-14.8125,-4.233,27.27288,29.533,1,62.06241,1,0.2279671,4.648915,1.704689,2.727133,24c,M070318_125_1
128,M070318,-15.53125,-14.10418,23.16498,25.651,2,0.9564989,0.9817861,0.03495887,8.444549,1.527443,5.528552,6DC,M070318_128_2
128,M070318,-15.53125,-14.10418,23.16498,25.651,3,0.3665036,0.9817861,0.00293772,9.898737,1.540063,6.427489,6DC,M070318_128_3
128,M070318,-15.53125,-14.10418,23.16498,25.651,4,0.233937,0.9982374,0.0008813161,13.19206,1.691288,7.800007,6DC,M070318_128_4
128,M070318,-15.53125,-14.10418,23.16498,25.651,6,0.2685056,0.9976498,0.0005875441,22.61396,2.332267,9.696129,6DC,M070318_128_6
128,M070318,-15.53125,-14.10418,23.16498,25.651,7,0.1960066,0.9976498,0,33.02363,2.931352,11.26567,6DC,M070318_128_7
134,M070318,-11.625,-6.7799,30.15884,28.215,1,17.48839,0.9747356,0.007344301,11.78404,0.9904467,11.8977,6DR,M070318_134_1
134,M070318,-11.625,-6.7799,30.15884,28.215,4,25.00122,0.9829612,0.08284371,3.580214,0.9502652,3.767595,6DR,M070318_134_4
134,M070318,-11.625,-6.7799,30.15884,28.215,5,6.805893,0.9829612,0.01057579,4.129855,0.855941,4.824929,6DR,M070318_134_5
134,M070318,-11.625,-6.7799,30.15884,28.215,6,7.640736,0.9747356,0.0420094,7.822697,1.352478,5.783975,6DR,M070318_134_6
134,M070318,-11.625,-6.7799,30.15884,28.215,7,0.2443142,0.9832732,0.01175088,17.84181,2.331837,7.651394,6DR,M070318_134_7
135,M070318,-10.5,-5.55462,31.64458,27.842,3,0.4902385,0.9985312,0.00293772,10.55495,1.516901,6.95823,6DR,M070318_135_3
135,M070318,-10.5,-5.55462,31.64458,27.842,4,0.2771195,0.9938308,0.03172738,11.67661,1.590858,7.33982,6DR,M070318_135_4
136,M070318,-17.15625,-5.0025,25.4769,27.8945,3,0.8366702,0.9864865,0.03672151,7.674448,1.943875,3.948015,cd,M070318_136_3
144,M070318,-9.5,-7.5312,32.2711,26.5175,2,14.8833,0.96651,0.1407168,6.703738,1.168721,5.735961,6DC,M070318_144_2
144,M070318,-9.5,-7.5312,32.2711,26.5175,4,27.38275,0.939483,0.08754407,5.950134,1.140934,5.215142,6DC,M070318_144_4
146,M070318,-8.125,-5.398,34.28884,26.482,1,3.219985,0.9944183,0.07432432,7.402268,1.570623,4.71295,6DC,M070318_146_1
147,M070318,-9,-4.345,33.3727,26.492,1,6.306061,0.9952996,0.02761457,8.825954,1.201159,7.347863,6DC,M070318_147_1
147,M070318,-9,-4.345,33.3727,26.492,4,0.05128942,0.9991797,0.004922067,13.96355,5.673942,2.460995,6DC,M070318_147_4
149,M070318,-22.0625,-14.32908,17.21556,22.115,2,8.559025,0.9932432,0.02878966,6.723743,1.017026,6.611181,pu,M070318_149_2
149,M070318,-22.0625,-14.32908,17.21556,22.115,5,0.6862201,0.9835488,0.006462985,11.90646,2.008706,5.927428,pu,M070318_149_5
149,M070318,-22.0625,-14.32908,17.21556,22.115,6,5.136858,0.9994125,0.005287896,6.841636,1.312951,5.210885,pu,M070318_149_6
152,M070318,-9.0625,-10.64094,32.34484,23.66,2,11.84981,0.9903055,0.008225617,9.517474,1.229854,7.738704,6DC,M070318_152_2
157,M070318,-13.375,-4.59998,29.01207,25.1375,3,6.208105,0.9844301,0.05287896,7.155104,1.460227,4.899993,24c,M070318_157_3
003,M070418,-7.40625,-14.55371,25.11772,45.8275,3,0.4510656,0.9982374,0.003819037,15.67649,1.813031,8.646564,12r,M070418_003_3
005,M070418,-9.75,-12.0019,24.76,45.76,2,13.01103,0.9712104,0.01909518,5.731136,1.159014,4.944837,11ml,M070418_005_2
005,M070418,-9.75,-12.0019,24.76,45.76,4,0.2769459,0.9985312,0.007931845,18.74207,2.056085,9.115415,11ml,M070418_005_4
006,M070418,-11.84375,-10.69952,23.51576,45.73,3,0.5692641,0.9988249,0.0005875441,13.41816,1.999811,6.709715,11ml,M070418_006_3
007,M070418,-12.1875,-10.01988,23.6014,45.7675,2,13.71927,0.9059929,0.05287896,4.190646,0.9561116,4.383009,11ml,M070418_007_2
007,M070418,-12.1875,-10.01988,23.6014,45.7675,5,2.274072,0.953584,0,16.17678,1.349215,11.98977,11ml,M070418_007_5
008,M070418,-8.4375,-9.02444,27.87524,45.925,3,0.9186815,1,0,31.89469,3.504379,9.101382,46d,M070418_008_3
011,M070418,-7.59375,-15.97259,25.87041,44.445,2,18.90966,0.9427145,0.03672151,4.751952,0.9656447,4.921015,46v,M070418_011_2
011,M070418,-7.59375,-15.97259,25.87041,44.445,4,0.8172589,1,0.00146886,21.45128,1.840747,11.65358,46v,M070418_011_4
012,M070418,-9.84375,-14.95332,24.30012,44.375,3,3.051232,0.9800235,0.008813161,9.905979,1.959498,5.055366,12r,M070418_012_3
013,M070418,-10.96875,-13.89461,24.0305,44.3825,3,25.4224,0.9344888,0.05757932,6.167782,1.686832,3.65643,11ml,M070418_013_3
017,M070418,-7.75,-18.952,24.03174,42.911,2,1.425681,0.9615158,0.004406581,10.16563,1.64348,6.185434,12l,M070418_017_2
017,M070418,-7.75,-18.952,24.03174,42.911,4,1.970791,0.9941245,0.004700352,19.73354,2.457418,8.03019,12l,M070418_017_4
018,M070418,-7.8125,-17.86156,25.27337,43.0685,2,1.277335,0.996181,0.02643948,9.721944,2.027787,4.794361,12l,M070418_018_2
022,M070418,-14.09375,-12.70281,22.82618,43.0835,2,0.476559,0.9911869,0.0220329,6.841123,1.877283,3.644162,11ml,M070418_022_2
024,M070418,-11.875,-10.0476,25.90425,43.261,3,1.155247,0.9873678,0.004700352,12.71712,2.097066,6.064243,46v,M070418_024_3
024,M070418,-11.875,-10.0476,25.90425,43.261,4,5.189867,0.9917744,0.003525264,9.300921,1.769861,5.255171,46v,M070418_024_4
025,M070418,-11.9375,-8.84025,26.3422,43.2525,3,1.587734,0.9926557,0.007050529,8.544161,1.784346,4.7884,46v,M070418_025_3
026,M070418,-8.4375,-19.319,23.87557,41.6925,2,1.865161,0.993537,0.004700352,13.12932,1.935432,6.783666,45,M070418_026_2
026,M070418,-8.4375,-19.319,23.87557,41.6925,4,0.3103717,0.9950058,0,15.73721,1.97847,7.954232,45,M070418_026_4
036,M070418,-9.875,-18.7829,23.7521,40.4805,2,1.998436,0.9550529,0.04553467,6.425792,1.250632,5.138034,45,M070418_036_2
036,M070418,-9.875,-18.7829,23.7521,40.4805,4,0.04220185,1,0.003630705,15.07172,1.998287,7.542319,45,M070418_036_4
044,M070418,-19.625,-7.89612,19.98932,40.51,3,0.213988,0.9955934,0.003525264,12.44854,2.755777,4.517253,13m,M070418_044_3
045,M070418,-9.4375,-20.8814,22.26796,39.14,3,1.221921,0.993537,0.01175088,14.36644,1.632742,8.798965,45,M070418_045_3
050,M070418,-15.625,-12.93204,22.40504,39.31,3,2.219256,0.9903055,0.01703878,8.320441,1.663088,5.003006,13l,M070418_050_3
050,M070418,-15.625,-12.93204,22.40504,39.31,4,0.3398069,0.9994125,0.003231492,18.5387,1.548744,11.97015,13l,M070418_050_4
051,M070418,-16.5,-11.6268,22.1828,39.325,3,3.814245,0.9944183,0.01821387,8.663058,2.249344,3.851372,13m,M070418_051_3
054,M070418,-21.03125,-8.13881,19.19836,39.145,1,5.107102,0.9988249,0.04289072,11.69742,2.265113,5.164168,13m,M070418_054_1
060,M070418,-19.625,-13.40516,18.84232,37.8685,3,0.7821763,0.9994125,0.0005875441,12.03643,1.959499,6.142605,13l,M070418_060_3
061,M070418,-19.53125,-12.08395,19.41006,37.8685,2,7.257765,0.9952996,0.004406581,5.496426,1.320992,4.16083,13l,M070418_061_2
063,M070418,-22.125,-9.66271,18.06157,37.789,3,1.436008,0.9985312,0.02085781,10.43505,1.790298,5.828668,13m,M070418_063_3
066,M070418,-13.71875,-21.2868,18.1802,36.463,2,2.872363,0.9823737,0.1081081,8.497587,1.770868,4.798542,45,M070418_066_2
068,M070418,-19.46875,-18.62544,15.82876,36.443,3,3.90187,0.9903055,0.01057579,6.61794,1.099607,6.018462,12o,M070418_068_3
069,M070418,-19.375,-16.6788,16.93421,36.6055,2,0.2910485,0.9958872,0.01733255,9.553493,2.105611,4.537158,12o,M070418_069_2
072,M070418,-16.25,-12.11692,23.2986,36.261,3,0.2116035,0.9900118,0.004406581,19.08476,1.872696,10.19106,46v,M070418_072_3
072,M070418,-16.25,-12.11692,23.2986,36.261,4,0.350536,0.9900118,0,15.5669,1.795698,8.669,46v,M070418_072_4
083,M070418,-22.5,-12.12872,17.14472,34.99,3,0.1913241,0.9955934,0.02555817,9.441901,2.256194,4.184881,13l,M070418_083_3
090,M070418,-13.75,-20.90019,20.06564,33.9445,4,10.18196,0.9900118,0.0199765,9.574352,1.455152,6.579626,45,M070418_090_4
093,M070418,-21.21875,-16.09644,16.76216,33.668,1,12.38566,0.9612221,0.06374853,5.268356,1.475525,3.570496,AI,M070418_093_1
097,M070418,-14.5,-9.3048,26.25196,33.461,3,6.238503,0.9917744,0.003525264,11.15961,3.009558,3.708056,8B,M070418_097_3
099,M070418,-21,-6.40114,20.51142,31.9945,2,7.669933,0.9958872,0.02379553,14.00041,2.098969,6.670139,cd,M070418_099_2
109,M070418,-14.4375,-10.40855,25.97175,32.1905,1,14.29581,0.9997062,0.001762632,16.81846,1.489955,11.2879,8B,M070418_109_1
109,M070418,-14.4375,-10.40855,25.97175,32.1905,3,9.001354,0.9594595,0.01380729,4.299423,1.021396,4.209358,8B,M070418_109_3
113,M070418,-9.625,-3.83444,32.23537,30.8395,2,0.2935486,0.9982374,0,20.39574,1.588444,12.84007,24c,M070418_113_2
117,M070418,-24.0625,-13.68404,14.52723,25.6495,3,0.5933058,0.9938308,0.006169213,9.359256,1.789499,5.230099,pu,M070418_117_3
117,M070418,-24.0625,-13.68404,14.52723,25.6495,4,1.305754,0.9788484,0.02320799,4.238731,1.739831,2.436289,pu,M070418_117_4
125,M070418,-14.8125,-4.233,27.27288,29.533,4,24.8684,0.9650411,0.04054054,6.435005,1.617118,3.979305,24c,M070418_125_4
128,M070418,-15.53125,-14.10418,23.16498,25.651,3,0.5567777,0.9062867,0.02085781,9.454927,1.943901,4.863894,6DC,M070418_128_3
128,M070418,-15.53125,-14.10418,23.16498,25.651,4,0.6823281,0.996181,0.003525264,13.77518,2.146417,6.417755,6DC,M070418_128_4
128,M070418,-15.53125,-14.10418,23.16498,25.651,5,5.001801,0.996181,0.003819037,18.23774,2.248403,8.111421,6DC,M070418_128_5
130,M070418,-31.15625,-11.304,9.02098,23.351,3,4.787163,0.9785547,0.0420094,7.200445,1.229195,5.857855,AMG,M070418_130_3
134,M070418,-11.625,-6.7799,30.15884,28.215,1,12.53697,0.8962985,0.07491187,3.674378,1.002921,3.663677,6DR,M070418_134_1
134,M070418,-11.625,-6.7799,30.15884,28.215,3,22.44853,0.9873678,0.01674501,11.24367,1.165413,9.647797,6DR,M070418_134_3
134,M070418,-11.625,-6.7799,30.15884,28.215,4,7.526882,0.9797297,0.008813161,3.875418,0.7435724,5.211892,6DR,M070418_134_4
134,M070418,-11.625,-6.7799,30.15884,28.215,7,7.960576,0.9753231,0.05992949,5.546736,0.9851997,5.630063,6DR,M070418_134_7
135,M070418,-10.5,-5.55462,31.64458,27.842,2,8.80501,0.9809048,0.06286722,6.886184,1.550661,4.440805,6DR,M070418_135_2
135,M070418,-10.5,-5.55462,31.64458,27.842,3,0.3808545,0.973159,0.02379553,11.57055,1.420063,8.147917,6DR,M070418_135_3
140,M070418,-16.125,-13.03091,23.73257,24.203,3,0.1914441,0.9955934,0.002643948,15.98089,2.261073,7.067832,6DC,M070418_140_3
140,M070418,-16.125,-13.03091,23.73257,24.203,4,0.3524898,0.9955934,0,16.23496,2.0158,8.053856,6DC,M070418_140_4
144,M070418,-9.5,-7.5312,32.2711,26.5175,1,12.79835,0.9720917,0.02467685,7.786258,1.133431,6.869636,6DC,M070418_144_1
144,M070418,-9.5,-7.5312,32.2711,26.5175,3,11.70609,0.9720917,0.2376616,7.033929,1.151116,6.11053,6DC,M070418_144_3
146,M070418,-8.125,-5.398,34.28884,26.482,2,2.462449,0.9997062,0.02996475,11.71097,1.460205,8.020087,6DC,M070418_146_2
147,M070418,-9,-4.345,33.3727,26.492,1,7.636158,0.9888366,0.04377203,6.866726,1.182492,5.806998,6DC,M070418_147_1
147,M070418,-9,-4.345,33.3727,26.492,2,0.0793387,0.9975263,0.003092146,10.96972,1.839916,5.962079,6DC,M070418_147_2
149,M070418,-22.8125,-14.3151,16.8077,22.065,4,3.570244,0.9841363,0.008813161,4.607199,1.492611,3.086671,pu,M070418_149_4
003,M070518,-7.40625,-14.55371,25.11772,45.8275,3,1.697427,0.9917744,0.008225617,14.27969,1.792017,7.968501,12r,M070518_003_3
005,M070518,-9.75,-12.0019,24.76,45.76,2,0.9085968,0.996181,0.007931845,11.26924,2.000045,5.634492,11ml,M070518_005_2
005,M070518,-9.75,-12.0019,24.76,45.76,4,11.53867,0.9635723,0.03848414,4.953,1.176794,4.208891,11ml,M070518_005_4
006,M070518,-11.84375,-10.69952,23.51576,45.73,3,0.7195811,0.9994125,0,11.549,1.797323,6.425668,11ml,M070518_006_3
007,M070518,-12.1875,-10.01988,23.6014,45.7675,3,8.381952,0.9958872,0.01821387,11.65751,1.994266,5.845515,11ml,M070518_007_3
010,M070518,-7.96875,-16.9663,24.5127,44.51,4,1.105927,0.9920682,0.00146886,13.55672,4.982102,2.721083,12r,M070518_010_4
010,M070518,-7.96875,-16.9663,24.5127,44.51,6,1.168875,0.9932432,0.01321974,8.979179,2.040959,4.399491,12r,M070518_010_6
011,M070518,-7.59375,-15.97259,25.87041,44.445,2,1.355297,1,0.0005875441,19.57061,1.740004,11.24745,46v,M070518_011_2
012,M070518,-9.84375,-14.95332,24.30012,44.375,2,3.412803,0.9826674,0.004112808,9.403687,1.905928,4.933914,12r,M070518_012_2
013,M070518,-11.03125,-13.89461,24.0305,44.3825,3,3.618484,0.9991187,0.00146886,8.54096,1.466395,5.82446,11ml,M070518_013_3
017,M070518,-7.75,-18.952,24.03174,42.911,3,10.07453,0.9350764,0.1548179,6.137039,1.319714,4.650279,12l,M070518_017_3
017,M070518,-7.75,-18.952,24.03174,42.911,4,1.062513,0.9706228,0.005875441,18.71927,2.720246,6.881464,12l,M070518_017_4
019,M070518,-9.34375,-16.68921,25.01614,43.0685,2,9.483495,0.9747356,0.06139835,5.581883,1.07594,5.187914,12m,M070518_019_2
019,M070518,-9.34375,-16.68921,25.01614,43.0685,3,0.06878225,0.9918404,0.04170444,11.98967,2.098002,5.714804,12m,M070518_019_3
022,M070518,-14.09375,-12.70281,22.82618,43.0835,2,1.925251,0.9882491,0.03907168,6.336552,1.214199,5.21871,11ml,M070518_022_2
024,M070518,-11.875,-10.0476,25.90425,43.261,1,8.024337,0.9712104,0.03877791,7.232481,2.376059,3.043898,46v,M070518_024_1
024,M070518,-11.875,-10.0476,25.90425,43.261,3,5.315361,0.9982374,0.002350176,9.185959,1.369258,6.708714,46v,M070518_024_3
025,M070518,-11.9375,-8.84025,26.3422,43.2525,2,0.6292282,0.9764982,0.004994125,12.17989,1.728136,7.047991,46v,M070518_025_2
025,M070518,-11.9375,-8.84025,26.3422,43.2525,3,1.38847,0.9764982,0.001762632,9.867722,1.568456,6.29136,46v,M070518_025_3
026,M070518,-8.4375,-19.319,23.87557,41.6925,2,5.220944,0.9917744,0.03025852,9.207236,1.726111,5.334092,45,M070518_026_2
045,M070518,-9.4375,-20.8814,22.26796,39.14,3,5.009676,0.9541715,0.1797885,7.109552,1.728123,4.114032,45,M070518_045_3
045,M070518,-9.4375,-20.8814,22.26796,39.14,4,1.199554,0.9444771,0.02173913,10.40427,1.441675,7.216796,45,M070518_045_4
045,M070518,-9.4375,-20.8814,22.26796,39.14,6,3.283502,0.9676851,0.01086957,15.09532,1.627427,9.275575,45,M070518_045_6
050,M070518,-15.625,-12.93204,22.40504,39.31,1,4.374324,0.9697415,0.02144536,7.069031,1.5399,4.590579,13l,M070518_050_1
050,M070518,-15.625,-12.93204,22.40504,39.31,2,0.3260024,0.9917744,0.01880141,14.00221,1.753614,7.984775,13l,M070518_050_2
051,M070518,-16.5,-11.6268,22.1828,39.325,2,2.440675,0.987074,0.01762632,9.381658,2.086207,4.496993,13m,M070518_051_2
053,M070518,-19.34375,-9.25186,20.41426,39.145,3,1.323034,0.9976498,0.005875441,15.96351,1.729252,9.231454,13m,M070518_053_3
054,M070518,-21.03125,-8.13881,19.19836,39.145,3,4.952353,0.9917744,0.056698,9.569715,2.046714,4.675648,13m,M070518_054_3
065,M070518,-11.375,-6.4921,29.32016,37.579,3,12.6413,0.9400705,0.1389542,5.943032,1.579176,3.763375,24c,M070518_065_3
065,M070518,-11.375,-6.4921,29.32016,37.579,4,0.4460235,0.9762045,0.009106933,10.55494,1.335675,7.902331,24c,M070518_065_4
069,M070518,-19.4375,-16.6788,16.93421,36.6055,2,9.744043,0.9462397,0.08842538,6.024461,1.505507,4.001616,12o,M070518_069_2
072,M070518,-16.25,-12.11692,23.2986,36.261,3,0.1468742,0.9826674,0.007050529,15.69471,1.686696,9.305005,46v,M070518_072_3
072,M070518,-16.25,-12.11692,23.2986,36.261,4,0.3001034,0.9826674,0.003231492,20.4177,2.036665,10.02507,46v,M070518_072_4
078,M070518,-12.3125,-20.169,21.6224,35.22,3,9.744375,0.9908931,0.02027027,8.442283,1.298662,6.500754,44,M070518_078_3
083,M070518,-22.5625,-12.12872,17.14472,34.99,4,3.539504,0.9800235,0.009988249,7.527053,1.906552,3.947993,13l,M070518_083_4
090,M070518,-13.75,-20.90019,20.06564,33.9445,3,9.989892,0.9967685,0.01204465,11.76994,1.500467,7.844184,45,M070518_090_3
093,M070518,-21.21875,-16.09644,16.76216,33.668,2,3.747339,0.9976498,0.005287896,6.388346,1.187803,5.378289,AI,M070518_093_2
097,M070518,-14.5,-9.3048,26.25196,33.461,6,4.065029,0.9844301,0.001762632,10.87977,1.749119,6.220145,8B,M070518_097_6
099,M070518,-21,-6.40114,20.51142,31.9945,2,7.638974,0.9753231,0.03701528,12.3991,1.843433,6.72609,cd,M070518_099_2
099,M070518,-21,-6.40114,20.51142,31.9945,3,0.5199872,0.9753231,0.03495887,7.563189,1.2305,6.146435,cd,M070518_099_3
101,M070518,-9.625,-21.79148,23.04754,32.6515,3,15.52328,0.9509401,0.1833137,6.944147,1.194626,5.81282,45,M070518_101_3
105,M070518,-28.625,-13.31432,10.41099,26.2725,3,0.09020614,0.9975404,0.001405481,25.1307,2.594311,9.686848,AMG,M070518_105_3
106,M070518,-23.5625,-12.20684,16.0635,27.0825,3,0.444595,0.9970623,0.0126322,8.598264,2.272735,3.783223,pu,M070518_106_3
109,M070518,-14.4375,-10.40855,25.97175,32.1905,2,13.05891,1,0.003525264,16.2093,1.375191,11.78694,8B,M070518_109_2
109,M070518,-14.4375,-10.40855,25.97175,32.1905,3,7.668259,0.9333137,0.0440658,4.011036,1.105998,3.626621,8B,M070518_109_3
113,M070518,-9.625,-3.83444,32.23537,30.8395,2,0.2738817,1,0.002643948,15.49226,1.801178,8.601182,24c,M070518_113_2
125,M070518,-14.8125,-4.233,27.27288,29.533,2,22.56068,0.9230317,0.01733255,5.830625,1.321184,4.413181,24c,M070518_125_2
126,M070518,-24.625,-16.12994,12.46506,24.426,3,0.7638438,0.9911869,0.004112808,11.61224,1.816611,6.392255,pu,M070518_126_3
128,M070518,-15.53125,-14.10418,23.16498,25.651,3,2.599629,0.9785547,0.007344301,9.498678,1.267096,7.496416,6DC,M070518_128_3
128,M070518,-15.53125,-14.10418,23.16498,25.651,4,2.501598,0.9814923,0.02643948,6.922124,1.286066,5.382403,6DC,M070518_128_4
128,M070518,-15.53125,-14.10418,23.16498,25.651,8,0.3666638,0.9707483,0.0005875441,14.50321,1.73665,8.351256,6DC,M070518_128_8
128,M070518,-15.53125,-14.10418,23.16498,25.651,9,1.192843,0.9994125,0,31.90135,4.05732,7.862664,6DC,M070518_128_9
130,M070518,-31.15625,-11.304,9.02098,23.351,3,4.293478,0.9903055,0.03642773,8.51359,1.159221,7.344236,AMG,M070518_130_3
133,M070518,-11.9375,-7.64536,29.8128,28.294,4,2.257221,0.9629847,0.07638073,7.370904,1.817078,4.056459,6DR,M070518_133_4
134,M070518,-11.625,-6.7799,30.15884,28.215,1,22.16689,0.9477086,0.0640423,8.084816,1.07576,7.515444,6DR,M070518_134_1
134,M070518,-11.625,-6.7799,30.15884,28.215,4,6.089849,0.9788484,0.007638073,4.267513,1.112783,3.834992,6DR,M070518_134_4
134,M070518,-11.625,-6.7799,30.15884,28.215,8,0.4414759,0.9764982,0.0346651,13.70831,2.545078,5.386202,6DR,M070518_134_8
135,M070518,-10.5,-5.55462,31.64458,27.842,4,0.6852487,0.9776734,0.004112808,13.9055,1.814015,7.665593,6DR,M070518_135_4
140,M070518,-16.125,-13.03091,23.73257,24.203,2,0.2165286,0.9955934,0.004406581,9.943007,1.840418,5.40258,6DC,M070518_140_2
140,M070518,-16.125,-13.03091,23.73257,24.203,3,0.1194988,0.9955934,0,14.77809,1.851029,7.983719,6DC,M070518_140_3
144,M070518,-9.5,-7.5312,32.2711,26.5175,3,23.98751,0.8816099,0.0326087,3.891317,1.036666,3.753684,6DC,M070518_144_3
144,M070518,-9.5,-7.5312,32.2711,26.5175,5,11.21245,0.9477086,0.01527615,7.165833,1.15657,6.195762,6DC,M070518_144_5
146,M070518,-8.125,-5.398,34.28884,26.482,2,3.499455,0.9344888,0.1136898,3.806911,1.880272,2.02466,6DC,M070518_146_2
147,M070518,-9,-4.345,33.3727,26.492,3,9.927289,0.9958872,0.03084606,7.714419,1.248827,6.17733,6DC,M070518_147_3
147,M070518,-9,-4.345,33.3727,26.492,4,0.03780805,1,0.00569395,17.57263,2.120175,8.288291,6DC,M070518_147_4
149,M070518,-23.5625,-14.28714,15.99198,21.965,3,3.519849,0.9659224,0.04259694,7.068194,1.728232,4.08984,pu,M070518_149_3
152,M070518,-9.1875,-10.64094,32.34484,23.66,2,13.98392,0.9876616,0.039953,8.394234,1.175734,7.139571,6DC,M070518_152_2
003,M070618,-7.40625,-14.55371,25.11772,45.8275,3,2.288563,0.9811986,0.01351351,13.04726,1.646337,7.925025,12r,M070618_003_3
003,M070618,-7.40625,-14.55371,25.11772,45.8275,4,2.224744,0.9697415,0.1266157,9.1644,1.43537,6.384696,12r,M070618_003_4
004,M070618,-8.96875,-13.48804,24.49756,45.8125,2,2.974427,0.9820799,0.009400705,7.048526,2.45518,2.870879,11ml,M070618_004_2
005,M070618,-9.75,-12.0019,24.76,45.76,3,0.8542562,0.9250881,0.00293772,12.70482,1.768739,7.182982,11ml,M070618_005_3
005,M070618,-9.75,-12.0019,24.76,45.76,5,8.098268,0.9632785,0.04524089,5.405949,1.300593,4.156526,11ml,M070618_005_5
006,M070618,-11.84375,-10.69952,23.51576,45.73,3,0.7047272,0.9988249,0.004700352,11.31852,1.787795,6.330996,11ml,M070618_006_3
007,M070618,-12.1875,-10.01988,23.6014,45.7675,3,5.169559,0.9853114,0.03525265,12.76786,1.440763,8.861875,11ml,M070618_007_3
010,M070618,-7.96875,-16.9663,24.5127,44.51,3,4.598201,0.970329,0.008225617,9.942086,2.88852,3.441931,12r,M070618_010_3
011,M070618,-7.59375,-15.97259,25.87041,44.445,2,0.7914691,1,0.001762632,20.80039,1.958316,10.62157,46v,M070618_011_2
012,M070618,-9.84375,-14.95332,24.30012,44.375,2,3.806466,0.9773796,0.01498237,8.636056,1.90086,4.543237,12r,M070618_012_2
014,M070618,-13.03125,-11.0618,23.32315,44.3975,3,13.5289,0.979436,0.0420094,5.880685,1.52175,3.864423,11ml,M070618_014_3
017,M070618,-7.75,-18.952,24.03174,42.911,3,1.379585,0.9747356,0.006756757,18.95405,3.008512,6.300141,12l,M070618_017_3
017,M070618,-7.75,-18.952,24.03174,42.911,4,1.541089,0.9747356,0.001762632,11.72818,1.872001,6.265049,12l,M070618_017_4
019,M070618,-9.34375,-16.68921,25.01614,43.0685,2,8.526804,0.9873678,0.02878966,6.207164,1.141213,5.439095,12m,M070618_019_2
022,M070618,-14.09375,-12.70281,22.82618,43.0835,2,11.26877,0.9544653,0.08372503,4.89155,1.045552,4.678439,11ml,M070618_022_2
024,M070618,-11.875,-10.0476,25.90425,43.261,1,5.391618,0.9750293,0.01821387,5.931543,1.310139,4.527415,46v,M070618_024_1
025,M070618,-11.9375,-8.84025,26.3422,43.2525,2,1.66104,0.9606345,0.001175088,9.191381,1.514256,6.069899,46v,M070618_025_2
025,M070618,-11.9375,-8.84025,26.3422,43.2525,3,0.4756714,0.9606345,0.004700352,12.23885,1.816146,6.738914,46v,M070618_025_3
026,M070618,-8.4375,-19.319,23.87557,41.6925,3,5.735282,0.9762045,0.02790834,8.148767,1.852215,4.399472,45,M070618_026_3
032,M070618,-13.71875,-11.38591,24.24458,41.918,3,0.2761352,0.9938308,0.000293772,6.515416,1.829464,3.56138,11ml,M070618_032_3
037,M070618,-13.59375,-17.53932,21.56016,40.413,3,3.244268,0.9976498,0.01498237,8.86205,1.24799,7.101059,12o,M070618_037_3
045,M070618,-9.4375,-20.8814,22.26796,39.14,3,2.21566,0.8824912,0.05405406,7.569438,1.48407,5.10046,45,M070618_045_3
045,M070618,-9.4375,-20.8814,22.26796,39.14,4,2.356952,0.9944183,0.004112808,19.2011,1.849798,10.38011,45,M070618_045_4
050,M070618,-15.625,-12.93204,22.40504,39.31,3,0.2487222,0.9982374,0.009988249,13.86026,1.452077,9.54513,13l,M070618_050_3
051,M070618,-16.5,-11.6268,22.1828,39.325,3,3.374244,0.9879553,0.04142186,8.235142,2.17373,3.788484,13m,M070618_051_3
053,M070618,-19.34375,-9.25186,20.41426,39.145,3,1.596061,0.9973561,0.05904818,10.72419,1.376669,7.789959,13m,M070618_053_3
054,M070618,-21.03125,-8.13881,19.19836,39.145,3,5.452726,0.9903055,0.04377203,9.90891,2.096685,4.725989,13m,M070618_054_3
065,M070618,-11.375,-6.4921,29.32016,37.579,1,7.98205,0.9512339,0.126322,5.185883,1.33088,3.896581,24c,M070618_065_1
065,M070618,-11.375,-6.4921,29.32016,37.579,4,7.383465,0.9988249,0.007344301,14.03498,1.68657,8.321612,24c,M070618_065_4
066,M070618,-13.84375,-21.2868,18.1802,36.463,2,3.379667,0.974148,0.02262045,7.521944,1.896128,3.967001,45,M070618_066_2
067,M070618,-12.96875,-20.07785,20.5329,36.518,3,9.422756,1,0.03202115,13.53623,1.488887,9.091507,45,M070618_067_3
067,M070618,-12.96875,-20.07785,20.5329,36.518,5,0.342382,0.9885429,0.008519389,4.865862,1.039692,4.680098,45,M070618_067_5
072,M070618,-16.25,-12.11692,23.2986,36.261,4,4.663848,0.9773796,0.03319624,8.736267,1.855537,4.708216,46v,M070618_072_4
072,M070618,-16.25,-12.11692,23.2986,36.261,5,0.3206889,0.9635723,0.001175088,22.0257,2.129693,10.3422,46v,M070618_072_5
078,M070618,-12.3125,-20.169,21.6224,35.22,4,1.833035,0.9982374,0.001762632,8.663029,1.735947,4.990376,44,M070618_078_4
083,M070618,-22.5625,-12.12872,17.14472,34.99,3,4.256018,0.9979436,0.01733255,8.204906,1.426236,5.752839,13l,M070618_083_3
090,M070618,-13.75,-20.90019,20.06564,33.9445,3,10.11332,0.9952996,0.02643948,11.01989,1.453876,7.579659,45,M070618_090_3
097,M070618,-14.5,-9.3048,26.25196,33.461,3,4.783944,0.9656287,0.01145711,9.081368,1.581985,5.740489,8B,M070618_097_3
099,M070618,-21,-6.40114,20.51142,31.9945,6,2.174469,1,0.002643948,15.78433,3.194368,4.9413,cd,M070618_099_6
105,M070618,-28.625,-13.31432,10.41099,26.2725,3,0.453378,0.9958872,0,12.58365,2.638219,4.769751,AMG,M070618_105_3
106,M070618,-25.0625,-12.16332,14.4335,26.8125,3,0.3540221,0.9876416,0.01938896,9.518039,1.391843,6.838443,pu,M070618_106_3
109,M070618,-14.4375,-10.40855,25.97175,32.1905,2,10.14633,1,0.004700352,17.93214,1.513587,11.84745,8B,M070618_109_2
113,M070618,-9.625,-3.83444,32.23537,30.8395,2,0.5322586,1,0,14.66034,1.679024,8.731465,24c,M070618_113_2
117,M070618,-26.5625,-13.5914,12.09105,25.2745,4,0.7294368,1,0.003819037,16.96094,1.761468,9.628866,pu,M070618_117_4
124,M070618,-23.28125,-5.68375,18.7625,29.4655,3,0.416857,0.9894242,0.06580494,7.452472,2.178738,3.420545,cd,M070618_124_3
128,M070618,-15.53125,-14.10418,23.16498,25.651,3,3.920039,0.9527027,0.02056404,8.447215,1.357485,6.222694,6DC,M070618_128_3
128,M070618,-15.53125,-14.10418,23.16498,25.651,5,1.942619,0.9917744,0.002350176,9.079341,1.285219,7.064429,6DC,M070618_128_5
128,M070618,-15.53125,-14.10418,23.16498,25.651,7,1.929978,0.9662162,0,13.03644,1.558041,8.367202,6DC,M070618_128_7
130,M070618,-31.15625,-11.304,9.02098,23.351,2,4.915365,0.9908931,0.05611046,6.889802,1.527287,4.511137,AMG,M070618_130_2
133,M070618,-11.9375,-7.64536,29.8128,28.294,2,2.965509,0.9800235,0.05846063,8.085918,1.808542,4.470959,6DR,M070618_133_2
134,M070618,-11.625,-6.7799,30.15884,28.215,3,16.6685,0.943302,0.03290247,4.655852,0.9715872,4.792007,6DR,M070618_134_3
134,M070618,-11.625,-6.7799,30.15884,28.215,5,15.60802,1,0.03202115,8.073813,1.295376,6.232797,6DR,M070618_134_5
134,M070618,-11.625,-6.7799,30.15884,28.215,8,6.530602,0.9923619,0.01145711,5.104121,1.087901,4.691713,6DR,M070618_134_8
135,M070618,-10.5,-5.55462,31.64458,27.842,3,2.952924,0.9803173,0.05023502,12.62593,1.339688,9.424526,6DR,M070618_135_3
135,M070618,-10.5,-5.55462,31.64458,27.842,4,0.4056133,0.9803173,0.0199765,11.61718,1.512717,7.679675,6DR,M070618_135_4
135,M070618,-10.5,-5.55462,31.64458,27.842,5,5.729327,0.9694477,0.05787309,7.193864,1.243107,5.787003,6DR,M070618_135_5
140,M070618,-16.375,-13.0206,23.3272,24.148,2,0.4654593,0.9888366,0.001175088,19.31352,1.703267,11.3391,6DC,M070618_140_2
140,M070618,-16.375,-13.0206,23.3272,24.148,4,0.9871837,0.972973,0.006756757,8.329119,1.627127,5.118913,6DC,M070618_140_4
140,M070618,-16.375,-13.0206,23.3272,24.148,5,0.2786939,0.972973,0.002350176,12.62923,1.452398,8.695433,6DC,M070618_140_5
144,M070618,-9.5,-7.5312,32.2711,26.5175,3,12.72645,0.9673913,0.02614571,7.272892,1.417674,5.130158,6DC,M070618_144_3
147,M070618,-9,-4.345,33.3727,26.492,4,5.887514,0.996181,0.01145711,7.849194,1.25363,6.261175,6DC,M070618_147_4
147,M070618,-9,-4.345,33.3727,26.492,5,4.146558,0.9474148,0.04171563,5.861969,1.387743,4.224104,6DC,M070618_147_5
147,M070618,-9,-4.345,33.3727,26.492,6,0.04137412,1,0.003274394,19.73571,1.835785,10.75055,6DC,M070618_147_6
152,M070618,-9.1875,-10.64094,32.34484,23.66,3,11.11479,0.9982374,0.01028202,9.510509,1.170449,8.125522,6DC,M070618_152_3
155,M070618,-19.78125,-6.82257,22.51199,25.38,3,1.363708,0.9820799,0.01733255,7.562123,2.828603,2.673448,cd,M070618_155_3
156,M070618,-18.15625,-5.87494,24.13476,25.355,2,4.826938,1,0,17.81524,2.630309,6.77306,cd,M070618_156_2
003,M070918,-7.40625,-14.55371,25.11772,45.8275,3,2.00724,0.9782609,0.03642773,11.29985,1.497433,7.546145,12r,M070918_003_3
004,M070918,-8.96875,-13.48804,24.49756,45.8125,3,4.940311,0.9809048,0.04230317,6.375851,2.125652,2.99948,11ml,M070918_004_3
005,M070918,-9.75,-12.0019,24.76,45.76,3,10.83246,0.9591657,0.03554641,5.421004,1.191322,4.550411,11ml,M070918_005_3
005,M070918,-9.75,-12.0019,24.76,45.76,4,1.069863,0.9947121,0.02467685,12.44639,2.202868,5.650086,11ml,M070918_005_4
006,M070918,-11.84375,-10.69952,23.51576,45.73,3,0.7525403,0.9994125,0,13.38991,1.909274,7.013091,11ml,M070918_006_3
007,M070918,-12.1875,-10.01988,23.6014,45.7675,1,3.832909,0.940658,0.002350176,12.68171,1.578076,8.036188,11ml,M070918_007_1
007,M070918,-12.1875,-10.01988,23.6014,45.7675,6,1.901625,0.9876616,0.01556992,7.505046,1.2995,5.775332,11ml,M070918_007_6
011,M070918,-7.59375,-15.97259,25.87041,44.445,3,2.277448,0.9944183,0.006169213,8.091194,1.426699,5.671269,46v,M070918_011_3
012,M070918,-9.84375,-14.95332,24.30012,44.375,3,5.252983,0.9747356,0.01674501,8.508054,2.05328,4.143641,12r,M070918_012_3
013,M070918,-11.03125,-13.89461,24.0305,44.3825,3,4.357616,0.9477086,0.02467685,10.34146,1.456247,7.101446,11ml,M070918_013_3
017,M070918,-7.75,-18.952,24.03174,42.911,2,1.526634,0.9847239,0.003819037,18.68451,2.866195,6.518926,12l,M070918_017_2
017,M070918,-7.75,-18.952,24.03174,42.911,4,0.3833316,0.936839,0.01233843,11.42416,2.581556,4.425299,12l,M070918_017_4
019,M070918,-9.34375,-16.68921,25.01614,43.0685,3,7.886377,0.9929495,0.01645123,6.963315,1.339011,5.200342,12m,M070918_019_3
019,M070918,-9.34375,-16.68921,25.01614,43.0685,4,2.473669,0.980611,0.02820211,8.36957,1.47412,5.677673,12m,M070918_019_4
024,M070918,-11.875,-10.0476,25.90425,43.261,2,1.528423,0.9861927,0.0199765,8.067251,2.116917,3.81085,46v,M070918_024_2
025,M070918,-11.9375,-8.84025,26.3422,43.2525,3,0.6807263,0.9738543,0.00293772,11.48528,2.157291,5.323939,46v,M070918_025_3
025,M070918,-11.9375,-8.84025,26.3422,43.2525,4,5.983161,0.9738543,0.04083431,8.02764,1.909624,4.20378,46v,M070918_025_4
025,M070918,-11.9375,-8.84025,26.3422,43.2525,5,1.01399,0.9941245,0.001175088,8.35629,1.568472,5.327664,46v,M070918_025_5
026,M070918,-8.5,-19.319,23.74196,41.685,2,7.920666,0.9544653,0.056698,6.020205,1.623912,3.707224,45,M070918_026_2
026,M070918,-8.5,-19.319,23.74196,41.685,4,2.209719,1,0.004994125,23.95926,2.397021,9.995431,45,M070918_026_4
034,M070918,-15.5,-8.93439,23.43607,41.9455,3,1.076096,0.9926557,0.01321974,7.055748,1.398236,5.046179,11ml,M070918_034_3
045,M070918,-9.4375,-20.8814,22.26796,39.14,1,5.709403,0.9456522,0.02761457,10.54997,2.431704,4.338509,45,M070918_045_1
045,M070918,-9.4375,-20.8814,22.26796,39.14,4,1.44026,0.9306698,0.05199765,7.608307,1.418726,5.362773,45,M070918_045_4
048,M070918,-16.875,-16.31342,19.43237,39.0275,2,4.709669,0.9982374,0.006756757,12.79563,1.464095,8.739617,13l,M070918_048_2
048,M070918,-16.875,-16.31342,19.43237,39.0275,3,1.587654,0.9662162,0.04964747,5.623489,1.451608,3.873972,13l,M070918_048_3
054,M070918,-21.03125,-8.13881,19.19836,39.145,1,12.67063,0.9873678,0.05141011,8.192125,2.037237,4.021194,13m,M070918_054_1
061,M070918,-19.84375,-12.0956,19.09968,37.866,2,11.23348,0.9438896,0.1025264,5.006464,1.185706,4.222348,13l,M070918_061_2
065,M070918,-11.375,-6.4921,29.32016,37.579,3,5.034246,0.9685664,0.02144536,5.00854,0.9977549,5.01981,24c,M070918_065_3
067,M070918,-12.96875,-20.07785,20.5329,36.518,3,9.438438,0.9759107,0.05875441,7.190985,1.236427,5.815939,45,M070918_067_3
067,M070918,-12.96875,-20.07785,20.5329,36.518,5,0.9150025,0.9958872,0.003819037,6.581278,1.169668,5.626619,45,M070918_067_5
069,M070918,-19.5625,-16.6788,16.93421,36.6055,1,21.74652,0.9077556,0.09341951,4.484989,1.153522,3.888084,12o,M070918_069_1
072,M070918,-16.25,-12.11692,23.2986,36.261,3,2.449233,0.9973561,0.007638073,13.37824,1.6288,8.213557,46v,M070918_072_3
077,M070918,-17.125,-21.65568,15.1974,35.09,2,7.845909,0.9773796,0.08049354,7.216514,1.594765,4.525128,AI,M070918_077_2
079,M070918,-20.1875,-18.75479,15.27489,35.2225,3,1.121574,0.9424207,0.04465335,7.883349,2.131566,3.698384,AI,M070918_079_3
079,M070918,-20.1875,-18.75479,15.27489,35.2225,5,0.05798303,0.9974906,0,27.38119,3.753702,7.294451,AI,M070918_079_5
083,M070918,-22.5625,-12.12872,17.14472,34.99,2,2.702625,0.996181,0.01145711,5.947901,1.128917,5.268679,13l,M070918_083_2
088,M070918,-23.03125,-5.8582,18.2588,33.24,2,0.2602808,0.9982374,0.01028202,11.7743,1.47217,7.997922,cd,M070918_088_2
090,M070918,-13.75,-20.90019,20.06564,33.9445,2,11.10176,0.9873678,0.02761457,9.438652,1.451074,6.504597,45,M070918_090_2
092,M070918,-15.0625,-17.513,21.8676,33.878,1,16.42047,0.9991187,0.03407755,10.08261,1.21941,8.268431,44,M070918_092_1
094,M070918,-21.625,-14.29449,17.49762,33.5635,3,0.2369464,0.9822176,0.0440658,10.89556,1.466904,7.427591,AI,M070918_094_3
097,M070918,-14.5,-9.3048,26.25196,33.461,1,5.315855,0.9938308,0.001175088,11.88949,1.653908,7.188722,8B,M070918_097_1
097,M070918,-14.5,-9.3048,26.25196,33.461,3,4.581128,0.9538778,0.08254994,5.743279,1.562411,3.675907,8B,M070918_097_3
099,M070918,-21,-6.40114,20.51142,31.9945,4,1.706123,0.9762045,0.0005875441,19.13738,1.911204,10.01326,cd,M070918_099_4
101,M070918,-10.25,-21.8146,22.4583,32.6465,2,9.324168,0.9641598,0.08284371,8.841709,1.82751,4.838117,45,M070918_101_2
106,M070918,-26.1875,-12.14156,13.6185,26.6775,3,0.07956149,0.9967145,0.002688172,12.45468,1.885549,6.605332,pu,M070918_106_3
109,M070918,-14.4375,-10.40855,25.97175,32.1905,1,13.95474,0.9994125,0.01204465,15.09998,1.377064,10.96535,8B,M070918_109_1
113,M070918,-9.625,-3.83444,32.23537,30.8395,3,0.7384666,0.9964747,0.00293772,9.714602,1.543151,6.295304,24c,M070918_113_3
117,M070918,-27.3125,-13.57596,11.68502,25.212,3,2.810523,0.9988249,0.004112808,5.997637,1.626919,3.686501,pu,M070918_117_3
117,M070918,-27.3125,-13.57596,11.68502,25.212,5,0.07767408,0.9987382,0,19.15192,2.110289,9.075499,pu,M070918_117_5
128,M070918,-15.53125,-14.10418,23.16498,25.651,2,0.5696279,1,0.00146886,19.37713,3.180472,6.092533,6DC,M070918_128_2
128,M070918,-15.53125,-14.10418,23.16498,25.651,3,1.353267,0.9762045,0.002350176,11.99794,1.706268,7.031683,6DC,M070918_128_3
128,M070918,-15.53125,-14.10418,23.16498,25.651,4,0.6423389,0.9762045,0.01116334,9.459702,2.318987,4.079238,6DC,M070918_128_4
130,M070918,-31.21875,-11.304,9.02098,23.351,3,6.646571,0.9817861,0.1266157,7.082398,1.154553,6.134323,AMG,M070918_130_3
133,M070918,-11.9375,-7.64536,29.8128,28.294,3,3.678595,0.9829612,0.05757932,7.791063,1.924217,4.048952,6DR,M070918_133_3
134,M070918,-11.625,-6.7799,30.15884,28.215,2,4.791751,0.903349,0.02820211,3.684762,1.058751,3.480292,6DR,M070918_134_2
134,M070918,-11.625,-6.7799,30.15884,28.215,5,16.22506,0.9656287,0.01527615,5.787609,1.200639,4.820441,6DR,M070918_134_5
134,M070918,-11.625,-6.7799,30.15884,28.215,7,8.205898,0.9574031,0.02438308,8.787255,1.637196,5.367259,6DR,M070918_134_7
140,M070918,-16.875,-13.01029,22.92183,24.093,3,5.505681,0.9853114,0.04024677,7.85338,1.759966,4.462234,6DC,M070918_140_3
140,M070918,-16.875,-13.01029,22.92183,24.093,4,1.096187,0.896886,0.01821387,8.584406,1.174602,7.308351,6DC,M070918_140_4
144,M070918,-9.5,-7.5312,32.2711,26.5175,2,27.89375,0.9250881,0.09195065,3.654591,1.134814,3.220431,6DC,M070918_144_2
144,M070918,-9.5,-7.5312,32.2711,26.5175,3,20.81662,0.9427145,0.03143361,5.9715,1.129435,5.287155,6DC,M070918_144_3
146,M070918,-8.125,-5.398,34.28884,26.482,1,10.09842,0.9700353,0.03377386,7.08275,1.335958,5.301626,6DC,M070918_146_1
147,M070918,-9,-4.345,33.3727,26.492,3,6.399574,0.9012926,0.07138661,6.899557,1.279969,5.390409,6DC,M070918_147_3
152,M070918,-9.1875,-10.64094,32.34484,23.66,2,13.0512,0.9853114,0.03584019,7.810703,1.190028,6.563462,6DC,M070918_152_2
003,M071018,-7.40625,-14.55371,25.11772,45.8275,3,2.387635,0.987074,0.02555817,10.70446,1.55795,6.870859,12r,M071018_003_3
005,M071018,-9.75,-12.0019,24.76,45.76,2,10.48393,0.9450646,0.03378378,5.049757,1.270629,3.974219,11ml,M071018_005_2
005,M071018,-9.75,-12.0019,24.76,45.76,4,0.5604744,0.9947121,0.007050529,15.79668,1.712189,9.226014,11ml,M071018_005_4
006,M071018,-11.84375,-10.69952,23.51576,45.73,3,1.033989,0.9994125,0.002643948,10.15942,1.658437,6.125902,11ml,M071018_006_3
007,M071018,-12.1875,-10.01988,23.6014,45.7675,3,11.40732,0.9900118,0.01321974,10.81226,1.664736,6.494878,11ml,M071018_007_3
007,M071018,-12.1875,-10.01988,23.6014,45.7675,4,1.296097,0.9817861,0.01645123,7.605163,1.197138,6.352785,11ml,M071018_007_4
008,M071018,-8.8125,-9.0335,27.5265,45.91,3,25.90374,0.9856052,0.0126322,6.240919,1.149317,5.430112,46d,M071018_008_3
010,M071018,-7.96875,-16.9663,24.5127,44.51,3,1.136329,0.9926557,0.02173913,8.582531,2.15971,3.973927,12r,M071018_010_3
011,M071018,-7.65625,-15.9736,25.7424,44.435,4,2.473217,0.9641598,0.01792009,8.260212,2.245429,3.678679,46v,M071018_011_4
017,M071018,-7.75,-18.952,24.03174,42.911,2,1.558161,0.9306698,0.005287896,8.359064,1.572166,5.31691,12l,M071018_017_2
017,M071018,-7.75,-18.952,24.03174,42.911,4,1.802161,0.996181,0.00146886,19.42281,2.900357,6.696697,12l,M071018_017_4
017,M071018,-7.75,-18.952,24.03174,42.911,6,9.069661,0.9174501,0.02555817,4.984871,1.290082,3.863995,12l,M071018_017_6
019,M071018,-9.34375,-16.68921,25.01614,43.0685,3,2.234204,0.9621034,0.04289072,7.512749,2.037543,3.687162,12m,M071018_019_3
019,M071018,-9.34375,-16.68921,25.01614,43.0685,4,7.645947,0.9885429,0.03025852,6.573923,1.153265,5.700273,12m,M071018_019_4
019,M071018,-9.34375,-16.68921,25.01614,43.0685,5,0.1628741,0.9621034,0.03319624,12.34544,1.955192,6.314185,12m,M071018_019_5
026,M071018,-8.5,-19.319,23.74196,41.685,1,5.594985,0.9386017,0.009106933,5.617013,1.274351,4.407745,45,M071018_026_1
026,M071018,-8.5,-19.319,23.74196,41.685,4,3.131136,1,0,21.75089,2.197564,9.897725,45,M071018_026_4
028,M071018,-12.28125,-16.906,22.6787,41.6775,3,1.979941,0.980611,0.03290247,7.468083,2.042727,3.655939,12o,M071018_028_3
028,M071018,-12.28125,-16.906,22.6787,41.6775,4,2.111157,0.980611,0.01292597,8.530062,1.292251,6.600934,12o,M071018_028_4
029,M071018,-13.78125,-15.70025,22.22142,41.7305,3,0.7281215,0.9929495,0.007344301,9.431963,2.870845,3.285431,12o,M071018_029_3
036,M071018,-10,-18.78788,23.57252,40.473,3,2.628127,0.9932432,0.009106933,13.91672,1.483975,9.378006,45,M071018_036_3
044,M071018,-20,-7.91199,19.73089,40.5075,3,7.815146,0.989718,0.02027027,7.961965,1.635883,4.867073,13m,M071018_044_3
044,M071018,-20,-7.91199,19.73089,40.5075,4,0.05951838,0.9965096,0.009598603,17.76672,2.289465,7.760204,13m,M071018_044_4
045,M071018,-9.4375,-20.8814,22.26796,39.14,2,5.043057,0.9762045,0.1066393,8.610529,1.558673,5.524271,45,M071018_045_2
045,M071018,-9.4375,-20.8814,22.26796,39.14,4,2.458126,0.9762045,0.03290247,11.69573,1.923984,6.078909,45,M071018_045_4
048,M071018,-16.875,-16.31342,19.43237,39.0275,3,4.433437,0.9820799,0.02702703,6.869024,1.457865,4.7117,13l,M071018_048_3
054,M071018,-21.03125,-8.13881,19.19836,39.145,1,6.697077,0.9294947,0.039953,8.083055,1.901074,4.251836,13m,M071018_054_1
066,M071018,-13.96875,-21.29528,17.95032,36.458,3,2.040226,0.9538778,0.02027027,7.966802,1.338201,5.953368,45,M071018_066_3
066,M071018,-13.96875,-21.29528,17.95032,36.458,4,3.333458,0.9538778,0.008225617,5.73315,1.09917,5.215889,45,M071018_066_4
067,M071018,-12.96875,-20.07785,20.5329,36.518,2,0.07246552,0.9956044,0.0007326007,5.837156,1.333708,4.376637,45,M071018_067_2
072,M071018,-16.25,-12.11692,23.2986,36.261,2,7.350517,0.9629847,0.02350176,7.085039,1.426573,4.966475,46v,M071018_072_2
072,M071018,-16.25,-12.11692,23.2986,36.261,4,2.896464,0.9712104,0.01086957,12.2601,1.558706,7.865561,46v,M071018_072_4
077,M071018,-17.125,-21.65568,15.1974,35.09,3,7.835998,0.9709166,0.08725029,6.557268,1.516012,4.325341,AI,M071018_077_3
079,M071018,-20.1875,-18.75479,15.27489,35.2225,3,0.9223201,0.9844301,0.0326087,9.197196,2.050642,4.485034,AI,M071018_079_3
079,M071018,-20.1875,-18.75479,15.27489,35.2225,4,0.03447814,0.9959404,0.01894452,27.01285,4.627944,5.836901,AI,M071018_079_4
080,M071018,-17.4375,-17.09072,19.29672,35.28,3,0.9714903,0.9861927,0.01968273,6.90999,1.938183,3.56519,AI,M071018_080_3
090,M071018,-13.75,-20.90019,20.06564,33.9445,3,10.60913,0.9773796,0.02643948,9.105856,1.435078,6.345198,45,M071018_090_3
092,M071018,-15.0625,-17.513,21.8676,33.878,1,10.12767,1,0.002056404,6.717106,1.221748,5.497945,44,M071018_092_1
097,M071018,-14.5,-9.3048,26.25196,33.461,3,4.181888,0.9929495,0.001175088,11.3372,1.653488,6.856541,8B,M071018_097_3
099,M071018,-21,-6.40114,20.51142,31.9945,3,1.548484,0.9773796,0.0005875441,20.40487,1.566245,13.02789,cd,M071018_099_3
100,M071018,-17.75,-5.1431,23.9039,32.0845,3,3.766854,0.9957806,0.03319624,11.71277,1.440863,8.128992,cd,M071018_100_3
101,M071018,-10.625,-21.82616,22.16368,32.644,2,23.23892,0.9638661,0.03848414,7.221132,1.431633,5.043981,45,M071018_101_2
106,M071018,-26.9375,-12.1198,12.8035,26.5425,2,1.239462,0.9976498,0.002350176,9.340979,1.640893,5.692618,pu,M071018_106_2
109,M071018,-14.4375,-10.40855,25.97175,32.1905,1,14.44985,0.9982374,0.001762632,15.04352,1.352901,11.11945,8B,M071018_109_1
113,M071018,-9.625,-3.83444,32.23537,30.8395,3,0.3968289,0.949765,0.07638073,11.22701,1.518382,7.394058,24c,M071018_113_3
117,M071018,-28.0625,-13.54508,10.87296,25.087,1,9.067676,0.9709166,0.02173913,7.795037,2.280177,3.418611,pu,M071018_117_1
123,M071018,-20.5625,-6.4493,21.1164,29.407,2,0.07143825,0.9959365,0.004802364,11.14773,3.631609,3.069641,cd,M071018_123_2
125,M071018,-14.8125,-4.233,27.27288,29.533,1,32.91124,0.9271445,0.1116334,4.977925,1.430026,3.481003,24c,M071018_125_1
125,M071018,-14.8125,-4.233,27.27288,29.533,4,1.238095,0.9753231,0.01527615,3.795687,1.429422,2.655401,24c,M071018_125_4
126,M071018,-26.5,-16.01429,10.50071,24.151,3,1.19491,0.9938308,0.003819037,13.60615,1.644433,8.274072,pu,M071018_126_3
128,M071018,-15.53125,-14.10418,23.16498,25.651,2,4.326282,0.9976498,0.03730905,7.674527,1.234363,6.217397,6DC,M071018_128_2
128,M071018,-15.53125,-14.10418,23.16498,25.651,3,0.2699441,0.9733235,0.003231492,9.744557,1.482333,6.5738,6DC,M071018_128_3
128,M071018,-15.53125,-14.10418,23.16498,25.651,6,1.030129,0.9662838,0.001175088,15.57743,1.607347,9.691392,6DC,M071018_128_6
130,M071018,-31.21875,-11.304,9.02098,23.351,3,6.542618,0.9817861,0.07520564,7.124394,1.319261,5.40029,AMG,M071018_130_3
134,M071018,-11.6875,-6.7799,30.15884,28.215,3,17.04215,0.9603408,0.03172738,6.316363,1.344318,4.698562,6DR,M071018_134_3
134,M071018,-11.6875,-6.7799,30.15884,28.215,4,6.54116,0.9720917,0.04788484,6.896836,1.521794,4.532042,6DR,M071018_134_4
146,M071018,-8.125,-5.398,34.28884,26.482,2,11.81476,0.9782609,0.01762632,7.375632,1.320307,5.5863,6DC,M071018_146_2
147,M071018,-9,-4.345,33.3727,26.492,3,7.063262,0.993537,0.07256169,6.844258,1.45268,4.711472,6DC,M071018_147_3
147,M071018,-9,-4.345,33.3727,26.492,4,0.03300125,0.9958706,0.007570544,21.31288,3.338706,6.383574,6DC,M071018_147_4
152,M071018,-9.1875,-10.64094,32.34484,23.66,3,12.97445,0.9938308,0.01498237,8.764426,1.199844,7.304638,6DC,M071018_152_3
003,M071118,-7.40625,-14.55371,25.11772,45.8275,3,3.004699,0.9847239,0.04553467,9.669847,1.443931,6.696888,12r,M071118_003_3
005,M071118,-9.75,-12.0019,24.76,45.76,4,12.21213,0.983255,0.02027027,5.953696,1.190012,5.003057,11ml,M071118_005_4
006,M071118,-11.84375,-10.69952,23.51576,45.73,3,0.7018758,0.9994125,0.0005875441,13.8277,1.927368,7.174395,11ml,M071118_006_3
007,M071118,-12.1875,-10.01988,23.6014,45.7675,3,1.235193,0.9888366,0.01057579,10.9919,1.209881,9.085106,11ml,M071118_007_3
007,M071118,-12.1875,-10.01988,23.6014,45.7675,4,1.262959,0.9553466,0.006756757,12.5893,2.446999,5.144793,11ml,M071118_007_4
010,M071118,-7.96875,-16.9663,24.5127,44.51,2,0.781234,1,0.0273208,8.224649,1.987547,4.13809,12r,M071118_010_2
013,M071118,-11.03125,-13.89461,24.0305,44.3825,3,5.447626,0.9776734,0.02849589,10.83661,2.160046,5.01684,11ml,M071118_013_3
017,M071118,-7.75,-18.952,24.03174,42.911,2,1.775358,0.9623972,0.001175088,9.760067,1.974764,4.942397,12l,M071118_017_2
018,M071118,-7.9375,-17.8628,25.1601,43.061,3,1.358959,0.9950058,0.00293772,10.84179,1.332835,8.134389,12l,M071118_018_3
018,M071118,-7.9375,-17.8628,25.1601,43.061,4,1.372606,1,0.0008813161,34.1619,2.518797,13.56278,12l,M071118_018_4
019,M071118,-9.34375,-16.68921,25.01614,43.0685,2,9.560864,0.9847239,0.03202115,6.636627,1.140088,5.821154,12m,M071118_019_2
024,M071118,-12.0625,-10.05704,25.7215,43.256,3,2.781904,0.9803173,0.003231492,6.169956,1.920465,3.212741,46v,M071118_024_3
025,M071118,-12.125,-8.8529,26.15788,43.25,2,0.9645637,0.989718,0.002350176,18.80116,2.215729,8.485315,46v,M071118_025_2
025,M071118,-12.125,-8.8529,26.15788,43.25,4,2.78664,0.989718,0.02878966,9.359562,1.566907,5.973271,46v,M071118_025_4
026,M071118,-8.5,-19.319,23.74196,41.685,2,2.467091,1,0.0005875441,20.17244,1.925562,10.47613,45,M071118_026_2
026,M071118,-8.5,-19.319,23.74196,41.685,3,7.647103,0.9500588,0.01175088,5.771686,1.519652,3.798033,45,M071118_026_3
028,M071118,-12.28125,-16.906,22.6787,41.6775,3,2.243832,0.9917744,0.02467685,7.572286,1.151009,6.578822,12o,M071118_028_3
036,M071118,-10,-18.78788,23.57252,40.473,2,2.39416,0.9952996,0.02144536,12.44903,1.697295,7.334632,45,M071118_036_2
043,M071118,-19.78125,-9.14115,19.6876,40.5025,3,1.152021,0.9817861,0.02555817,7.854088,1.781132,4.409605,13m,M071118_043_3
044,M071118,-20,-7.91199,19.73089,40.5075,3,6.498948,0.9638661,0.05229142,6.757529,1.427814,4.73278,13m,M071118_044_3
044,M071118,-20,-7.91199,19.73089,40.5075,4,0.03595544,0.9921603,0.006097561,13.99141,1.755421,7.970401,13m,M071118_044_4
045,M071118,-9.4375,-20.8814,22.26796,39.14,3,1.433464,0.9908931,0.02056404,12.37326,1.795008,6.89315,45,M071118_045_3
048,M071118,-16.875,-16.31342,19.43237,39.0275,2,5.627277,0.9908931,0.02056404,6.996409,1.063161,6.580759,13l,M071118_048_2
053,M071118,-19.46875,-9.25186,20.41426,39.145,3,12.45552,0.9803173,0.07021151,6.32339,2.086845,3.03012,13m,M071118_053_3
054,M071118,-21.03125,-8.13881,19.19836,39.145,3,2.394005,0.9952996,0.02555817,7.657789,1.869888,4.095319,13m,M071118_054_3
068,M071118,-19.53125,-18.63815,15.52685,36.438,3,5.980369,0.9468272,0.01645123,6.61159,1.132346,5.838843,12o,M071118_068_3
068,M071118,-19.53125,-18.63815,15.52685,36.438,4,0.7178686,0.9700353,0.01880141,9.891292,1.38837,7.124392,12o,M071118_068_4
072,M071118,-16.25,-12.11692,23.2986,36.261,2,2.371294,0.9826674,0.001175088,13.11771,1.565748,8.37792,46v,M071118_072_2
072,M071118,-16.25,-12.11692,23.2986,36.261,4,7.767622,0.9650411,0.007638073,6.987899,1.476637,4.732307,46v,M071118_072_4
075,M071118,-22.46875,-8.5029,18.35358,36.291,2,1.029726,0.9944183,0.02673326,10.36124,1.644572,6.300266,13m,M071118_075_2
079,M071118,-20.1875,-18.75479,15.27489,35.2225,3,0.3098378,0.996181,0.003231492,8.990382,1.263917,7.113113,AI,M071118_079_3
083,M071118,-22.5625,-12.12872,17.14472,34.99,2,2.890552,0.989718,0.01498237,5.061059,1.022304,4.950637,13l,M071118_083_2
083,M071118,-22.5625,-12.12872,17.14472,34.99,4,0.6826255,0.9878444,0.0420094,7.93363,1.294813,6.127241,13l,M071118_083_4
090,M071118,-13.75,-20.90019,20.06564,33.9445,2,10.15503,0.9670975,0.01556992,8.391525,1.399856,5.994565,45,M071118_090_2
092,M071118,-15.0625,-17.513,21.8676,33.878,3,14.22864,0.9920682,0.01321974,5.804606,1.137853,5.101367,44,M071118_092_3
097,M071118,-14.5,-9.3048,26.25196,33.461,4,4.326517,0.9891304,0.008225617,8.102873,2.307895,3.510936,8B,M071118_097_4
099,M071118,-21,-6.40114,20.51142,31.9945,4,1.650014,0.972973,0,17.54867,1.732623,10.12838,cd,M071118_099_4
100,M071118,-17.75,-5.1431,23.9039,32.0845,2,6.589232,0.9979696,0.009694478,11.48551,1.352579,8.49156,cd,M071118_100_2
109,M071118,-14.4375,-10.40855,25.97175,32.1905,1,13.31958,1,0.02027027,15.63971,1.402357,11.15244,8B,M071118_109_1
113,M071118,-9.625,-3.83444,32.23537,30.8395,3,0.5215371,0.9941245,0.05170388,8.049156,3.279534,2.45436,24c,M071118_113_3
117,M071118,-28.6875,-13.5142,10.0609,24.962,2,4.333786,0.9738543,0.04054054,8.123728,2.322603,3.497683,pu,M071118_117_2
117,M071118,-28.6875,-13.5142,10.0609,24.962,5,0.2012185,0.9979436,0.003231492,14.09879,1.804547,7.812923,pu,M071118_117_5
123,M071118,-20.5625,-6.4493,21.1164,29.407,3,0.05636767,0.9994391,0.002804263,13.93355,1.483693,9.391124,cd,M071118_123_3
125,M071118,-14.8125,-4.233,27.27288,29.533,1,1.810115,0.9588719,0.03290247,3.580841,1.431883,2.500791,24c,M071118_125_1
128,M071118,-15.53125,-14.10418,23.16498,25.651,2,1.021727,0.993537,0.0008813161,13.71969,1.487833,9.221258,6DC,M071118_128_2
130,M071118,-31.21875,-11.304,9.02098,23.351,3,6.755507,0.9891304,0.07226792,7.457834,1.105169,6.748139,AMG,M071118_130_3
133,M071118,-11.9375,-7.64536,29.8128,28.294,3,3.581536,0.9823737,0.01586369,7.123696,1.372261,5.191209,6DR,M071118_133_3
134,M071118,-11.75,-6.7799,30.15884,28.215,1,14.2535,0.974148,0.04171563,7.280864,1.497848,4.860884,6DR,M071118_134_1
144,M071118,-9.625,-7.53614,31.95767,26.52085,3,8.197455,0.9941245,0.002350176,13.09824,1.141852,11.47105,6DC,M071118_144_3
147,M071118,-9,-4.345,33.3727,26.492,2,0.0411297,0.9945821,0.003095975,15.71785,1.949268,8.063464,6DC,M071118_147_2
152,M071118,-9.1875,-10.64094,32.34484,23.66,3,13.86845,0.9926557,0.0146886,8.004837,1.236694,6.472771,6DC,M071118_152_3
003,M071218,-7.40625,-14.55371,25.11772,45.8275,3,3.623729,0.9885429,0.05875441,10.46491,1.922108,5.444494,12r,M071218_003_3
005,M071218,-9.75,-12.0019,24.76,45.76,1,3.972677,0.9485899,0.07843713,7.545954,1.708572,4.416527,11ml,M071218_005_1
005,M071218,-9.75,-12.0019,24.76,45.76,5,11.19141,0.9638661,0.01586369,5.764448,1.282141,4.495956,11ml,M071218_005_5
005,M071218,-9.75,-12.0019,24.76,45.76,6,0.989517,0.9697415,0.02467685,11.88427,1.958716,6.067378,11ml,M071218_005_6
006,M071218,-11.84375,-10.69952,23.51576,45.73,3,0.855966,0.9985312,0.003231492,15.11676,2.073036,7.29209,11ml,M071218_006_3
007,M071218,-12.1875,-10.01988,23.6014,45.7675,3,3.003314,0.9515276,0.004406581,14.37291,1.272867,11.29176,11ml,M071218_007_3
007,M071218,-12.1875,-10.01988,23.6014,45.7675,4,0.8957051,0.983255,0.009988249,9.661902,1.377849,7.012311,11ml,M071218_007_4
013,M071218,-11.03125,-13.89461,24.0305,44.3825,1,15.17555,0.9427145,0.0546416,6.757573,1.400413,4.825414,11ml,M071218_013_1
013,M071218,-11.03125,-13.89461,24.0305,44.3825,3,1.582077,0.9609283,0.00146886,13.99035,1.822374,7.676991,11ml,M071218_013_3
017,M071218,-7.75,-18.952,24.03174,42.911,2,1.730985,0.9726792,0.004700352,17.04944,2.535933,6.723144,12l,M071218_017_2
017,M071218,-7.75,-18.952,24.03174,42.911,3,0.7558715,0.9571093,0.01351351,11.33007,2.338357,4.84531,12l,M071218_017_3
017,M071218,-7.75,-18.952,24.03174,42.911,4,1.577574,0.9571093,0.00293772,9.122648,1.926138,4.736238,12l,M071218_017_4
018,M071218,-7.9375,-17.8628,25.1601,43.061,3,2.779552,0.9876616,0.008519389,9.529545,1.309738,7.275919,12l,M071218_018_3
018,M071218,-7.9375,-17.8628,25.1601,43.061,4,1.984112,0.9997062,0.002643948,25.38657,2.078604,12.21328,12l,M071218_018_4
018,M071218,-7.9375,-17.8628,25.1601,43.061,5,1.54161,0.9876616,0.002643948,8.840764,1.292256,6.841341,12l,M071218_018_5
019,M071218,-9.34375,-16.68921,25.01614,43.0685,2,9.05804,0.9809048,0.02438308,5.789008,1.458379,3.969481,12m,M071218_019_2
019,M071218,-9.34375,-16.68921,25.01614,43.0685,4,1.977286,0.9829612,0.04670975,8.454416,1.813956,4.660763,12m,M071218_019_4
025,M071218,-12.125,-8.8529,26.15788,43.25,3,0.1843999,1,0,29.34891,3.053693,9.610956,46v,M071218_025_3
026,M071218,-8.5,-19.319,23.74196,41.685,2,4.91514,0.9142185,0.03907168,3.664302,0.9424471,3.888072,45,M071218_026_2
026,M071218,-8.5,-19.319,23.74196,41.685,3,3.122967,1,0.01175088,22.45918,2.259109,9.94161,45,M071218_026_3
028,M071218,-12.28125,-16.906,22.6787,41.6775,3,2.17968,0.9879553,0.02878966,7.134902,3.393196,2.102709,12o,M071218_028_3
036,M071218,-10,-18.78788,23.57252,40.473,2,1.892248,0.9861927,0.06815511,10.58236,1.75786,6.020027,45,M071218_036_2
045,M071218,-9.4375,-20.8814,22.26796,39.14,1,14.24214,0.9923619,0.009400705,9.805203,1.219203,8.042309,45,M071218_045_1
048,M071218,-16.875,-16.31342,19.43237,39.0275,3,5.521907,0.9576969,0.03730905,7.346902,2.858071,2.57058,13l,M071218_048_3
063,M071218,-22.5,-9.69873,17.44291,37.789,3,6.420957,0.9441833,0.03113984,6.689603,2.814029,2.377233,13m,M071218_063_3
065,M071218,-11.6875,-6.5154,29.01084,37.584,1,17.496,0.9976498,0.00293772,11.94099,1.487321,8.028525,24c,M071218_065_1
066,M071218,-14.03125,-21.29528,17.95032,36.458,4,7.750824,0.9844301,0.01321974,6.187158,1.383519,4.472044,45,M071218_066_4
069,M071218,-19.625,-16.6788,16.93421,36.6055,3,15.31158,0.9529965,0.03554641,5.458126,1.266106,4.310954,12o,M071218_069_3
072,M071218,-16.25,-12.11692,23.2986,36.261,2,5.710149,0.9447709,0.01204465,7.316047,1.359774,5.380339,46v,M071218_072_2
072,M071218,-16.25,-12.11692,23.2986,36.261,3,1.53286,0.9447709,0.01380729,9.741217,1.589867,6.127063,46v,M071218_072_3
072,M071218,-16.25,-12.11692,23.2986,36.261,4,1.975542,0.9571093,0.003231492,13.64625,1.729236,7.891491,46v,M071218_072_4
078,M071218,-12.4375,-20.169,21.6224,35.22,4,2.64864,0.9621034,0.01233843,8.537758,1.456202,5.863029,44,M071218_078_4
078,M071218,-12.4375,-20.169,21.6224,35.22,7,1.356207,0.9882491,0.004700352,5.09858,1.784554,2.857061,44,M071218_078_7
079,M071218,-20.25,-18.75479,15.27489,35.2225,1,17.5113,0.9259694,0.1601058,4.193459,1.650391,2.540889,AI,M071218_079_1
083,M071218,-22.5625,-12.12872,17.14472,34.99,3,2.765347,0.9891304,0.01674501,4.930286,2.281077,2.161385,13l,M071218_083_3
092,M071218,-15.0625,-17.513,21.8676,33.878,3,16.25084,0.9682726,0.06257344,4.635921,1.239123,3.741293,44,M071218_092_3
093,M071218,-21.53125,-16.11052,16.45128,33.6705,1,5.71421,0.9615158,0.03025852,6.090352,1.942132,3.13591,AI,M071218_093_1
094,M071218,-21.75,-14.3058,17.2244,33.566,3,1.339233,0.9914806,0.01938896,7.369293,2.920845,2.523,AI,M071218_094_3
097,M071218,-14.5,-9.3048,26.25196,33.461,2,7.063862,0.9879553,0.02232667,6.650584,1.636769,4.063238,8B,M071218_097_2
099,M071218,-21,-6.40114,20.51142,31.9945,1,1.561978,0.9682726,0.002350176,18.38627,1.840514,9.989745,cd,M071218_099_1
100,M071218,-17.75,-5.1431,23.9039,32.0845,3,6.784047,0.9950058,0.01968273,9.247145,2.03804,4.537272,cd,M071218_100_3
101,M071218,-11.125,-21.84928,21.57444,32.639,2,15.85974,0.9192127,0.01909518,4.519095,1.083733,4.169934,45,M071218_101_2
101,M071218,-11.125,-21.84928,21.57444,32.639,3,13.4686,0.9518214,0.06139835,6.886124,1.359028,5.066948,45,M071218_101_3
101,M071218,-11.125,-21.84928,21.57444,32.639,5,3.937479,0.993537,0.007638073,13.78916,1.568472,8.791459,45,M071218_101_5
105,M071218,-29,-13.2986,10.0047,26.205,2,0.1940606,0.9994125,0.001762632,16.63677,4.051085,4.106745,AMG,M071218_105_2
109,M071218,-14.4375,-10.40855,25.97175,32.1905,2,13.57552,0.9976498,0.004112808,15.54491,1.365265,11.386,8B,M071218_109_2
113,M071218,-9.75,-3.83444,32.23537,30.8395,1,3.702723,0.9894242,0.01116334,8.575283,1.756065,4.883236,24c,M071218_113_1
123,M071218,-20.5625,-6.4493,21.1164,29.407,3,0.1008055,0.996224,0.00566394,14.88885,7.471812,1.992669,cd,M071218_123_3
124,M071218,-23.53125,-5.69712,18.45308,29.463,3,1.804134,0.9800235,0.0126322,7.739292,2.374614,3.259179,cd,M071218_124_3
125,M071218,-14.8125,-4.233,27.27288,29.533,2,29.18244,0.9198002,0.05023502,5.140619,1.391747,3.693644,24c,M071218_125_2
128,M071218,-15.53125,-14.10418,23.16498,25.651,3,0.721077,0.996181,0.003231492,13.1648,2.364851,5.566865,6DC,M071218_128_3
130,M071218,-31.21875,-11.304,9.02098,23.351,2,7.088285,0.974148,0.04259694,8.404232,2.060007,4.07971,AMG,M071218_130_2
134,M071218,-11.875,-6.7799,30.15884,28.215,1,35.33936,0.9970623,0.01821387,9.080833,1.137374,7.984035,6DR,M071218_134_1
134,M071218,-11.875,-6.7799,30.15884,28.215,5,0.2485284,0.9955934,0.009400705,16.5765,2.186713,7.580559,6DR,M071218_134_5
144,M071218,-9.625,-7.53614,31.95767,26.52085,2,12.05547,0.9982374,0.02232667,11.95466,1.027218,11.63789,6DC,M071218_144_2
146,M071218,-8.375,-5.411,33.98118,26.4845,3,12.28176,0.9963415,0.03055229,10.05626,2.041204,4.926631,6DC,M071218_146_3
146,M071218,-8.375,-5.411,33.98118,26.4845,4,10.09937,0.96651,0.009106933,4.661919,0.9791003,4.761432,6DC,M071218_146_4
147,M071218,-9,-4.345,33.3727,26.492,3,4.169045,0.9700353,0.05846063,6.685357,2.682861,2.491876,6DC,M071218_147_3
152,M071218,-9.1875,-10.64094,32.34484,23.66,2,13.38971,0.993537,0.0126322,8.591331,1.223151,7.023931,6DC,M071218_152_2
157,M071218,-13.5,-4.59998,29.01207,25.1375,2,8.542184,0.9700353,0.09635723,6.399138,1.513116,4.229113,24c,M071218_157_2
003,M071318,-7.40625,-14.55371,25.11772,45.8275,3,3.467132,0.9876616,0.04142186,11.02656,1.334173,8.264711,12r,M071318_003_3
005,M071318,-9.75,-12.0019,24.76,45.76,1,12.5289,0.9712104,0.04112808,5.78977,1.155519,5.010535,11ml,M071318_005_1
005,M071318,-9.75,-12.0019,24.76,45.76,2,0.2360644,0.8343126,0.0146886,13.79266,1.74745,7.893024,11ml,M071318_005_2
006,M071318,-11.84375,-10.69952,23.51576,45.73,3,0.8262272,0.9970623,0,14.36455,2.038114,7.047964,11ml,M071318_006_3
007,M071318,-12.1875,-10.01988,23.6014,45.7675,2,8.619972,1,0.009988249,13.78652,1.431079,9.633655,11ml,M071318_007_2
008,M071318,-8.9375,-9.03803,27.35213,45.9025,3,0.2957316,0.9964747,0.01175088,11.8123,1.678113,7.039041,46d,M071318_008_3
008,M071318,-8.9375,-9.03803,27.35213,45.9025,5,0.07670636,0.9971752,0.001210654,22.55094,2.150797,10.48492,46d,M071318_008_5
010,M071318,-7.96875,-16.9663,24.5127,44.51,3,0.6927518,0.9955934,0.008225617,9.007616,2.363187,3.81164,12r,M071318_010_3
013,M071318,-11.03125,-13.89461,24.0305,44.3825,3,19.73092,0.9327262,0.06962397,5.657465,1.269183,4.457564,11ml,M071318_013_3
013,M071318,-11.03125,-13.89461,24.0305,44.3825,4,5.779801,0.9659224,0.01410106,9.468693,1.448004,6.539136,11ml,M071318_013_4
013,M071318,-11.03125,-13.89461,24.0305,44.3825,5,3.919049,0.9659224,0.004112808,10.75402,1.482268,7.255112,11ml,M071318_013_5
017,M071318,-7.75,-18.952,24.03174,42.911,3,8.544881,0.9247944,0.04318449,4.854889,1.227632,3.954679,12l,M071318_017_3
017,M071318,-7.75,-18.952,24.03174,42.911,4,3.211376,0.960047,0.01292597,8.42684,2.159554,3.902121,12l,M071318_017_4
017,M071318,-7.75,-18.952,24.03174,42.911,6,1.788893,0.9917744,0.001175088,17.66156,2.80937,6.286664,12l,M071318_017_6
019,M071318,-9.34375,-16.68921,25.01614,43.0685,2,11.67166,0.9759107,0.03965922,5.343579,1.029162,5.192166,12m,M071318_019_2
019,M071318,-9.34375,-16.68921,25.01614,43.0685,3,0.1829635,0.979436,0.04465335,10.20158,1.783675,5.719416,12m,M071318_019_3
025,M071318,-12.125,-8.8529,26.15788,43.25,2,7.585974,0.9856052,0.02614571,6.432899,1.254471,5.127976,46v,M071318_025_2
025,M071318,-12.125,-8.8529,26.15788,43.25,5,1.005576,0.9926557,0.006756757,12.61064,1.707593,7.385036,46v,M071318_025_5
026,M071318,-8.5,-19.319,23.74196,41.685,1,8.671143,0.9594595,0.03290247,3.823149,0.8093459,4.723752,45,M071318_026_1
026,M071318,-8.5,-19.319,23.74196,41.685,2,5.603929,1,0.008519389,17.9056,1.816469,9.857368,45,M071318_026_2
028,M071318,-12.28125,-16.906,22.6787,41.6775,3,2.121979,0.9958872,0.03084606,6.708684,1.245134,5.387924,12o,M071318_028_3
032,M071318,-13.90625,-11.3923,24.0464,41.913,1,1.06348,0.9903055,0.007638073,9.914146,1.977556,5.013333,11ml,M071318_032_1
034,M071318,-15.625,-8.93439,23.43607,41.9455,3,1.887494,0.9888366,0.01968273,9.183453,2.634571,3.485749,11ml,M071318_034_3
044,M071318,-20.125,-7.92786,19.47246,40.505,2,5.612838,0.9171563,0.07021151,7.30195,1.167219,6.255855,13m,M071318_044_2
045,M071318,-9.4375,-20.8814,22.26796,39.14,1,17.10243,0.9494712,0.08636898,5.722937,1.169538,4.893332,45,M071318_045_1
053,M071318,-19.53125,-9.25186,20.41426,39.145,3,2.401641,0.9979436,0.0146886,7.874939,1.387348,5.676253,13m,M071318_053_3
054,M071318,-21.09375,-8.13881,19.19836,39.145,3,3.15123,0.9835488,0.0420094,8.366871,1.278985,6.541803,13m,M071318_054_3
063,M071318,-22.5,-9.69873,17.44291,37.789,2,3.639261,0.9888366,0.03084606,6.824963,1.252414,5.449448,13m,M071318_063_2
065,M071318,-11.6875,-6.5154,29.01084,37.584,2,14.59913,0.9985312,0.01410106,7.242565,1.244234,5.820904,24c,M071318_065_2
066,M071318,-14.03125,-21.29528,17.95032,36.458,3,4.562559,0.9867803,0.008519389,7.351599,1.134795,6.478348,45,M071318_066_3
066,M071318,-14.03125,-21.29528,17.95032,36.458,4,0.6811544,0.9817861,0.0293772,9.236291,1.622133,5.693919,45,M071318_066_4
068,M071318,-19.53125,-18.63815,15.52685,36.438,2,18.46283,0.9430082,0.05640423,6.061263,1.789725,3.386701,12o,M071318_068_2
068,M071318,-19.53125,-18.63815,15.52685,36.438,4,1.006303,0.987074,0.01204465,10.75197,1.764679,6.092876,12o,M071318_068_4
069,M071318,-19.625,-16.6788,16.93421,36.6055,1,18.93585,0.9582844,0.04788484,5.539996,1.061619,5.218443,12o,M071318_069_1
069,M071318,-19.625,-16.6788,16.93421,36.6055,4,0.5178877,0.9923619,0.02232667,8.8663,2.025642,4.377031,12o,M071318_069_4
072,M071318,-16.25,-12.11692,23.2986,36.261,2,6.076893,0.9541715,0.007638073,7.929591,1.334036,5.94406,46v,M071318_072_2
072,M071318,-16.25,-12.11692,23.2986,36.261,3,1.947536,0.9756169,0.001762632,14.65641,1.625822,9.014768,46v,M071318_072_3
072,M071318,-16.25,-12.11692,23.2986,36.261,5,1.174603,0.9541715,0.006169213,10.4618,1.489385,7.024244,46v,M071318_072_5
077,M071318,-17.125,-21.65568,15.1974,35.09,3,4.511358,0.9797297,0.08019976,7.833227,1.61831,4.840374,AI,M071318_077_3
078,M071318,-12.4375,-20.169,21.6224,35.22,2,9.50509,0.9976498,0.02085781,10.21038,1.617841,6.311114,44,M071318_078_2
078,M071318,-12.4375,-20.169,21.6224,35.22,5,1.292582,0.9973525,0.001762632,9.432057,1.366522,6.902237,44,M071318_078_5
083,M071318,-22.5625,-12.12872,17.14472,34.99,3,3.670578,0.9932432,0.01116334,5.532074,1.146751,4.824127,13l,M071318_083_3
088,M071318,-23.28125,-5.87649,17.97121,33.2325,2,0.6710093,0.9905078,0.01439483,8.973746,1.58894,5.647629,cd,M071318_088_2
093,M071318,-21.53125,-16.11052,16.45128,33.6705,3,4.206211,0.9920682,0.01204465,6.600612,1.154643,5.716582,AI,M071318_093_3
093,M071318,-21.53125,-16.11052,16.45128,33.6705,4,0.137472,0.9979436,0.004994125,12.30776,2.266338,5.43068,AI,M071318_093_4
095,M071318,-24.5,-12.7418,15.1513,33.591,2,20.82268,1,0.009106933,8.940716,1.205172,7.418625,AI,M071318_095_2
099,M071318,-21,-6.40114,20.51142,31.9945,1,1.709345,0.9685664,0,17.63872,1.633452,10.79843,cd,M071318_099_1
100,M071318,-17.75,-5.1431,23.9039,32.0845,2,5.49153,0.9850176,0.06492362,6.8018,1.134196,5.997022,cd,M071318_100_2
101,M071318,-11.125,-21.84928,21.57444,32.639,1,2.64519,0.9820799,0.002643948,14.41996,1.56342,9.223343,45,M071318_101_1
101,M071318,-11.125,-21.84928,21.57444,32.639,4,8.034054,0.9820799,0.006169213,9.168034,1.259563,7.27874,45,M071318_101_4
109,M071318,-14.4375,-10.40855,25.97175,32.1905,1,12.98679,1,0,16.45609,1.42013,11.58773,8B,M071318_109_1
123,M071318,-20.5625,-6.4493,21.1164,29.407,3,0.09499978,0.9987171,0.004169339,14.09204,3.848312,3.661875,cd,M071318_123_3
124,M071318,-23.53125,-5.69712,18.45308,29.463,3,4.367304,0.9814923,0.05082256,6.664371,1.710481,3.896198,cd,M071318_124_3
125,M071318,-14.8125,-4.233,27.27288,29.533,3,19.67917,0.9386017,0.05111633,6.148991,1.496167,4.109829,24c,M071318_125_3
128,M071318,-15.53125,-14.10418,23.16498,25.651,3,0.4778921,0.9976498,0.004700352,11.35095,1.745188,6.504138,6DC,M071318_128_3
130,M071318,-31.21875,-11.304,9.02098,23.351,2,8.238699,0.9903055,0.05611046,7.729188,1.10842,6.973158,AMG,M071318_130_2
134,M071318,-12.125,-6.79045,29.84952,28.2125,2,0.8638824,0.9803173,0.02173913,3.51843,1.402606,2.508495,24c,M071318_134_2
134,M071318,-12.125,-6.79045,29.84952,28.2125,4,11.83968,0.9380141,0.02673326,5.683943,1.205977,4.713145,24c,M071318_134_4
134,M071318,-12.125,-6.79045,29.84952,28.2125,5,0.6929503,0.9944183,0.01086957,10.82036,1.288236,8.399357,24c,M071318_134_5
134,M071318,-12.125,-6.79045,29.84952,28.2125,6,2.638526,0.9988249,0.01703878,19.00241,1.741022,10.91452,24c,M071318_134_6
140,M071318,-22.125,-12.87626,17.65202,23.378,2,0.9967073,0.9021739,0.0126322,9.393999,1.666909,5.63558,pu,M071318_140_2
140,M071318,-22.125,-12.87626,17.65202,23.378,3,0.3091133,0.956228,0.0005875441,11.73496,1.815277,6.464555,pu,M071318_140_3
144,M071318,-9.625,-7.53614,31.95767,26.52085,1,12.24007,0.9994125,0.005875441,12.22646,1.083055,11.28886,6DC,M071318_144_1
144,M071318,-9.625,-7.53614,31.95767,26.52085,2,6.855663,0.934195,0.06903642,3.8553,1.237976,3.114197,6DC,M071318_144_2
146,M071318,-8.375,-5.411,33.98118,26.4845,2,8.19341,0.9506463,0.03789659,7.83427,1.135859,6.897218,6DC,M071318_146_2
146,M071318,-8.375,-5.411,33.98118,26.4845,4,15.32884,0.9609283,0.03378378,4.213423,0.9329463,4.516255,6DC,M071318_146_4
146,M071318,-8.375,-5.411,33.98118,26.4845,5,2.828951,0.9957948,0.001175088,9.135553,1.095073,8.342414,6DC,M071318_146_5
146,M071318,-8.375,-5.411,33.98118,26.4845,7,6.910641,0.9506463,0.01028202,10.48711,1.497319,7.003922,6DC,M071318_146_7
147,M071318,-9,-4.345,33.3727,26.492,2,5.589652,0.985899,0.04377203,6.279604,1.06417,5.900938,6DC,M071318_147_2
152,M071318,-9.1875,-10.64094,32.34484,23.66,2,10.50921,0.9920682,0.02085781,8.591586,1.268547,6.772775,6DC,M071318_152_2
153,M071318,-32.90625,-9.34355,8.86177,20.415,3,20.40893,0.9286134,0.1125147,4.95611,1.213913,4.082756,AMG,M071318_153_3
155,M071318,-19.78125,-6.82257,22.51199,25.38,2,4.223907,0.985899,0.01850764,5.926865,1.553875,3.814247,cd,M071318_155_2
004,M071618,-8.96875,-13.48804,24.49756,45.8125,5,4.783089,0.9820799,0.01410106,7.495808,1.713236,4.375234,11ml,M071618_004_5
005,M071618,-9.75,-12.0019,24.76,45.76,3,1.260074,0.9926557,0.04142186,11.14326,2.066904,5.391281,11ml,M071618_005_3
007,M071618,-12.1875,-10.01988,23.6014,45.7675,3,3.292232,0.9697415,0.00293772,21.62688,1.668621,12.96093,11ml,M071618_007_3
011,M071618,-7.71875,-15.9736,25.7424,44.435,3,10.73419,0.9659224,0.03907168,7.216537,1.779206,4.056044,46v,M071618_011_3
011,M071618,-7.71875,-15.9736,25.7424,44.435,4,5.86171,0.9908931,0.007638073,10.66425,1.365622,7.809078,46v,M071618_011_4
013,M071618,-11.03125,-13.89461,24.0305,44.3825,3,4.461795,0.9785547,0.01439483,9.139998,1.529739,5.974873,11ml,M071618_013_3
013,M071618,-11.03125,-13.89461,24.0305,44.3825,4,1.475705,0.980611,0.001762632,12.99348,2.055538,6.321205,11ml,M071618_013_4
014,M071618,-13.15625,-11.05928,23.16994,44.39,2,2.130859,0.9844301,0.02262045,5.503989,1.126394,4.886379,11ml,M071618_014_2
017,M071618,-7.75,-18.952,24.03174,42.911,2,1.543324,0.979436,0.006756757,14.12725,2.110535,6.693682,12l,M071618_017_2
017,M071618,-7.75,-18.952,24.03174,42.911,4,10.61205,0.9597532,0.02438308,5.933963,1.311395,4.524925,12l,M071618_017_4
017,M071618,-7.75,-18.952,24.03174,42.911,5,0.488663,0.979436,0.004406581,21.49279,2.794524,7.691037,12l,M071618_017_5
017,M071618,-7.75,-18.952,24.03174,42.911,6,1.076268,0.983255,0.01498237,14.15637,2.274324,6.224429,12l,M071618_017_6
018,M071618,-7.9375,-17.8628,25.1601,43.061,3,0.882619,0.9947121,0.007344301,11.97979,1.611259,7.43505,12l,M071618_018_3
025,M071618,-12.125,-8.8529,26.15788,43.25,3,0.3924378,0.9929495,0.01615746,9.031214,1.513362,5.96765,46v,M071618_025_3
026,M071618,-8.5,-19.319,23.74196,41.685,3,3.184439,0.9738543,0.01145711,15.33659,1.936295,7.920587,45,M071618_026_3
026,M071618,-8.5,-19.319,23.74196,41.685,6,0.8313694,0.9853114,0.143067,7.842115,1.276015,6.145788,45,M071618_026_6
029,M071618,-13.96875,-15.706,22.02644,41.723,4,1.915808,1,0.004406581,13.1817,1.484386,8.880239,12o,M071618_029_4
037,M071618,-13.90625,-17.54645,21.3471,40.4055,3,1.358642,0.9618096,0.06139835,6.454211,2.316656,2.786004,12o,M071618_037_3
045,M071618,-9.4375,-20.8814,22.26796,39.14,3,9.866378,0.9556404,0.04318449,7.00739,1.252127,5.59639,45,M071618_045_3
051,M071618,-16.5,-11.6268,22.1828,39.325,4,2.95961,0.9782609,0.02144536,9.405471,1.88752,4.982977,13m,M071618_051_4
066,M071618,-14.03125,-21.29528,17.95032,36.458,3,0.3256003,0.9985312,0.01145711,18.04556,2.734938,6.598163,45,M071618_066_3
068,M071618,-19.53125,-18.63815,15.52685,36.438,4,17.64331,0.9559342,0.0199765,6.644659,1.645189,4.038842,12o,M071618_068_4
069,M071618,-19.6875,-16.6894,16.62488,36.603,2,1.032185,0.9938308,0.03642773,11.48691,1.357503,8.461794,12o,M071618_069_2
072,M071618,-16.25,-12.11692,23.2986,36.261,1,5.867763,0.9585782,0.004406581,10.82336,1.378487,7.851623,46v,M071618_072_1
072,M071618,-16.25,-12.11692,23.2986,36.261,2,2.247847,0.993537,0.006169213,17.09385,1.940623,8.808435,46v,M071618_072_2
072,M071618,-16.25,-12.11692,23.2986,36.261,6,2.115543,0.9585782,0.02115159,10.63662,1.513844,7.026231,46v,M071618_072_6
077,M071618,-17.125,-21.65568,15.1974,35.09,4,4.690034,0.9923619,0.04259694,7.594404,1.760682,4.313332,AI,M071618_077_4
080,M071618,-17.75,-17.10359,18.98659,35.2775,1,15.43869,0.9177438,0.1151586,5.130049,1.228483,4.175922,AI,M071618_080_1
083,M071618,-22.5625,-12.12872,17.14472,34.99,3,13.40987,1,0,14.33794,2.058829,6.964125,13l,M071618_083_3
090,M071618,-13.75,-20.90019,20.06564,33.9445,2,5.732059,0.9480023,0.03965922,7.464827,1.733814,4.305437,45,M071618_090_2
090,M071618,-13.75,-20.90019,20.06564,33.9445,3,11.97444,0.9480023,0.02614571,8.373197,1.640561,5.103861,45,M071618_090_3
093,M071618,-21.53125,-16.11052,16.45128,33.6705,1,3.708007,0.9647474,0.01292597,6.74929,1.576709,4.280617,AI,M071618_093_1
096,M071618,-24.59375,-11.223,15.72428,33.686,3,0.272444,0.9955934,0.01439483,10.21245,2.14858,4.753117,AI,M071618_096_3
097,M071618,-14.5,-9.3048,26.25196,33.461,5,5.881225,0.9744418,0.02761457,8.10253,1.352755,5.989652,8B,M071618_097_5
097,M071618,-14.5,-9.3048,26.25196,33.461,6,0.3901486,0.9803173,0.01821387,9.61834,1.881321,5.112546,8B,M071618_097_6
099,M071618,-21,-6.40114,20.51142,31.9945,3,1.868075,0.9632785,0.0005875441,17.97219,2.120417,8.47578,cd,M071618_099_3
101,M071618,-11.125,-21.84928,21.57444,32.639,3,3.630364,0.9941245,0.007344301,10.69767,1.386008,7.718336,45,M071618_101_3
109,M071618,-14.4375,-10.40855,25.97175,32.1905,3,13.6625,0.9979436,0.002350176,15.82583,1.407939,11.24043,8B,M071618_109_3
123,M071618,-20.5625,-6.4493,21.1164,29.407,5,0.3286242,1,0.002643948,12.28666,1.662168,7.391949,cd,M071618_123_5
125,M071618,-14.8125,-4.233,27.27288,29.533,1,20.98425,0.93302,0.05199765,5.929963,1.483032,3.998541,24c,M071618_125_1
128,M071618,-15.53125,-14.10418,23.16498,25.651,2,0.6555871,0.9941245,0.007344301,10.72612,2.042906,5.250423,6DC,M071618_128_2
130,M071618,-31.21875,-11.304,9.02098,23.351,1,8.191492,0.9891304,0.1595182,7.23563,1.238934,5.840204,AMG,M071618_130_1
134,M071618,-12.125,-6.79045,29.84952,28.2125,3,0.7431931,0.9888366,0.06051704,9.971693,1.233066,8.086909,24c,M071618_134_3
134,M071618,-12.125,-6.79045,29.84952,28.2125,5,1.091623,0.9967685,0.005287896,15.73727,1.423258,11.05722,24c,M071618_134_5
140,M071618,-23.625,-12.83502,16.03054,23.158,3,1.362129,0.9914806,0.01380729,8.883118,2.264052,3.923548,pu,M071618_140_3
144,M071618,-9.625,-7.53614,31.95767,26.52085,1,17.77846,0.9982374,0.01586369,10.54231,1.011178,10.42577,6DC,M071618_144_1
144,M071618,-9.625,-7.53614,31.95767,26.52085,3,6.097314,0.9159812,0.09224442,4.008488,1.403763,2.85553,6DC,M071618_144_3
146,M071618,-8.375,-5.411,33.98118,26.4845,1,9.386066,0.9559342,0.03730905,4.42862,0.9831361,4.504585,6DC,M071618_146_1
146,M071618,-8.375,-5.411,33.98118,26.4845,4,11.09549,0.9873678,0.03025852,8.997781,1.518491,5.925477,6DC,M071618_146_4
147,M071618,-9,-4.345,33.3727,26.492,3,9.093738,0.9594595,0.09635723,5.429815,1.324824,4.098517,6DC,M071618_147_3
147,M071618,-9,-4.345,33.3727,26.492,4,0.0725032,1,0,15.43853,2.45413,6.290838,6DC,M071618_147_4
149,M071618,-26.3125,-14.18928,13.13696,21.615,4,0.2196321,0.9941245,0.01233843,10.74365,1.930334,5.565696,pu,M071618_149_4
152,M071618,-9.1875,-10.64094,32.34484,23.66,3,11.68102,0.9791422,0.05434782,7.598568,1.147022,6.624603,6DC,M071618_152_3
156,M071618,-18.46875,-5.88787,23.82248,25.36,3,1.294113,0.989718,0.02878966,6.913403,2.586709,2.672664,cd,M071618_156_3
157,M071618,-13.6875,-4.61784,28.69856,25.145,1,1.659784,0.9177438,0.01292597,8.279013,8.06734,1.026238,24c,M071618_157_1
004,M071718,-8.96875,-13.48804,24.49756,45.8125,3,3.255548,0.9791422,0.02027027,6.994993,1.753624,3.988878,11ml,M071718_004_3
005,M071718,-9.75,-12.0019,24.76,45.76,1,13.80875,0.9509401,0.05787309,4.88737,1.171618,4.171469,11ml,M071718_005_1
005,M071718,-9.75,-12.0019,24.76,45.76,2,1.234145,0.9706228,0.0005875441,11.45087,1.292493,8.859525,11ml,M071718_005_2
005,M071718,-9.75,-12.0019,24.76,45.76,5,1.694404,0.9853114,0.0273208,10.9111,1.956101,5.577982,11ml,M071718_005_5
007,M071718,-12.1875,-10.01988,23.6014,45.7675,3,2.792227,0.9623972,0.001175088,24.73401,1.916614,12.90506,11ml,M071718_007_3
011,M071718,-7.71875,-15.9736,25.7424,44.435,3,5.953437,0.9976498,0.004994125,8.417438,1.152368,7.304471,46v,M071718_011_3
013,M071718,-11.03125,-13.89461,24.0305,44.3825,2,1.551912,0.993537,0.001175088,15.97565,1.920022,8.320556,11ml,M071718_013_2
013,M071718,-11.03125,-13.89461,24.0305,44.3825,4,16.035,0.9400705,0.05170388,6.086375,1.33157,4.570826,11ml,M071718_013_4
013,M071718,-11.03125,-13.89461,24.0305,44.3825,5,4.240889,0.9615158,0.02555817,9.422485,1.588477,5.931773,11ml,M071718_013_5
014,M071718,-13.21875,-11.05928,23.16994,44.39,3,4.007231,0.9997062,0.06286722,10.00654,1.929983,5.184779,11ml,M071718_014_3
017,M071718,-7.75,-18.952,24.03174,42.911,2,1.246894,0.9885429,0.02585194,12.87918,2.036375,6.324562,12l,M071718_017_2
017,M071718,-7.75,-18.952,24.03174,42.911,4,4.164422,0.9503525,0.02643948,7.690151,2.086102,3.686373,12l,M071718_017_4
017,M071718,-7.75,-18.952,24.03174,42.911,5,1.323469,0.9688601,0.001175088,14.47129,2.209351,6.550016,12l,M071718_017_5
017,M071718,-7.75,-18.952,24.03174,42.911,7,0.4716841,0.9688601,0.001762632,20.45114,3.033945,6.740774,12l,M071718_017_7
019,M071718,-9.34375,-16.68921,25.01614,43.0685,3,1.246455,0.9979436,0,13.65962,1.446195,9.445218,12m,M071718_019_3
025,M071718,-12.125,-8.8529,26.15788,43.25,3,0.7883366,0.9691539,0.0008813161,11.17125,1.260393,8.863303,46v,M071718_025_3
026,M071718,-8.5,-19.319,23.74196,41.685,3,3.879273,0.9621034,0.008813161,14.61089,1.438564,10.15658,45,M071718_026_3
028,M071718,-12.34375,-16.906,22.6787,41.6775,4,0.06250151,1,0.003161698,12.06551,3.690341,3.269483,12o,M071718_028_4
029,M071718,-13.96875,-15.706,22.02644,41.723,3,3.572385,0.9888366,0.02350176,9.454921,1.420625,6.655466,12o,M071718_029_3
033,M071718,-16.25,-10.28481,22.27794,41.758,3,9.013776,0.9944183,0.01204465,6.640965,1.307959,5.077348,11ml,M071718_033_3
044,M071718,-20.1875,-7.92786,19.47246,40.505,3,3.375357,0.9894242,0.03965922,10.37955,1.566172,6.62734,13m,M071718_044_3
045,M071718,-9.4375,-20.8814,22.26796,39.14,3,11.88037,0.9850176,0.02085781,9.291266,1.346167,6.902018,45,M071718_045_3
048,M071718,-16.9375,-16.31342,19.43237,39.0275,2,14.93423,0.9764982,0.07461809,6.33856,1.181389,5.365346,13l,M071718_048_2
050,M071718,-15.6875,-12.93204,22.40504,39.31,1,7.405218,0.9650411,0.04670975,6.500888,1.668125,3.897123,13l,M071718_050_1
051,M071718,-16.5,-11.6268,22.1828,39.325,3,2.781451,0.9944183,0.00293772,11.02155,1.971494,5.590457,13m,M071718_051_3
066,M071718,-14.03125,-21.29528,17.95032,36.458,3,0.4472371,1,0.0005875441,21.38506,1.884192,11.34972,45,M071718_066_3
068,M071718,-19.53125,-18.63815,15.52685,36.438,1,11.67673,0.9356639,0.04347826,5.783292,1.528076,3.784688,12o,M071718_068_1
068,M071718,-19.53125,-18.63815,15.52685,36.438,3,5.537207,0.9438896,0.0293772,8.957566,1.522479,5.883539,12o,M071718_068_3
072,M071718,-16.25,-12.11692,23.2986,36.261,2,5.541602,0.960047,0.001762632,11.08072,1.424835,7.776842,46v,M071718_072_2
072,M071718,-16.25,-12.11692,23.2986,36.261,5,1.999345,0.960047,0.02056404,9.142214,1.58159,5.780395,46v,M071718_072_5
072,M071718,-16.25,-12.11692,23.2986,36.261,6,2.062049,0.9770858,0.006169213,14.16973,1.766023,8.023528,46v,M071718_072_6
079,M071718,-20.375,-18.7638,15.0188,35.22,3,1.218842,0.9785547,0.01527615,4.548168,1.122678,4.051178,AI,M071718_079_3
080,M071718,-17.8125,-17.10359,18.98659,35.2775,3,10.90032,0.9438896,0.09753232,5.653483,1.298738,4.353057,AI,M071718_080_3
083,M071718,-22.5625,-12.12872,17.14472,34.99,3,0.0968032,0.9994053,0.00505501,14.41476,3.275997,4.400114,13l,M071718_083_3
090,M071718,-13.75,-20.90019,20.06564,33.9445,3,6.67175,0.9500588,0.01233843,6.998744,1.476761,4.739252,45,M071718_090_3
090,M071718,-13.75,-20.90019,20.06564,33.9445,4,11.5017,0.9500588,0.03055229,8.161704,1.568696,5.20286,45,M071718_090_4
092,M071718,-15.3125,-17.52825,21.55555,33.8755,3,8.86165,0.9732667,0.08284371,6.138301,2.148077,2.85758,44,M071718_092_3
094,M071718,-21.875,-14.3058,17.2244,33.566,4,0.2980312,0.9979436,0.003525264,9.730002,1.759977,5.528483,AI,M071718_094_4
097,M071718,-14.5,-9.3048,26.25196,33.461,3,7.642354,0.9676851,0.0660987,7.465109,1.337172,5.582758,8B,M071718_097_3
097,M071718,-14.5,-9.3048,26.25196,33.461,4,2.232415,0.9462397,0.05787309,8.116949,1.596692,5.083604,8B,M071718_097_4
099,M071718,-21,-6.40114,20.51142,31.9945,1,7.668655,1,0.002643948,14.42772,3.45207,4.17944,cd,M071718_099_1
101,M071718,-11.375,-21.86084,21.27982,32.6365,3,4.219219,0.9914806,0.002350176,13.46721,1.551012,8.682856,45,M071718_101_3
109,M071718,-14.4375,-10.40855,25.97175,32.1905,2,12.07799,0.9994125,0.003525264,15.96828,1.429927,11.16719,8B,M071718_109_2
123,M071718,-20.5625,-6.4493,21.1164,29.407,2,0.3077971,0.989718,0.01028202,9.856238,1.975833,4.988395,cd,M071718_123_2
125,M071718,-14.9375,-4.233,27.27288,29.533,3,12.45529,0.9773796,0.03113984,5.656513,1.066962,5.301516,24c,M071718_125_3
128,M071718,-15.53125,-14.10418,23.16498,25.651,2,4.747122,0.972973,0.01175088,6.122802,1.452042,4.216685,6DC,M071718_128_2
128,M071718,-15.53125,-14.10418,23.16498,25.651,3,0.592912,0.9788484,0.05199765,9.487406,1.824379,5.200347,6DC,M071718_128_3
130,M071718,-31.21875,-11.304,9.02098,23.351,3,8.363963,0.9891304,0.08166862,8.460629,1.132044,7.473765,AMG,M071718_130_3
134,M071718,-12.125,-6.79045,29.84952,28.2125,4,0.6490684,0.9944183,0.009694478,12.59523,1.490671,8.449368,24c,M071718_134_4
140,M071718,-24.25,-12.82471,15.62517,23.103,3,3.532874,0.9673913,0.009988249,4.311852,1.43816,2.998173,pu,M071718_140_3
144,M071718,-9.625,-7.53614,31.95767,26.52085,2,4.166065,0.9538778,0.08636898,3.900644,1.490499,2.617005,6DC,M071718_144_2
144,M071718,-9.625,-7.53614,31.95767,26.52085,5,19.52711,0.9970623,0.02408931,10.28743,1.015495,10.13046,6DC,M071718_144_5
146,M071718,-8.375,-5.411,33.98118,26.4845,3,12.24246,0.9932432,0.1195652,8.383794,1.969178,4.257509,6DC,M071718_146_3
147,M071718,-9,-4.345,33.3727,26.492,2,0.03954708,0.9987484,0.005006258,15.7428,4.090916,3.848233,6DC,M071718_147_2
152,M071718,-9.1875,-10.64094,32.34484,23.66,3,11.33523,0.976792,0.07344301,7.512496,1.170978,6.415576,6DC,M071718_152_3
005,M071818,-9.75,-12.0019,24.76,45.76,2,13.76027,0.953584,0.02144536,5.39129,1.256796,4.289711,11ml,M071818_005_2
005,M071818,-9.75,-12.0019,24.76,45.76,3,5.617662,0.9632785,0.01703878,8.291702,2.545937,3.256837,11ml,M071818_005_3
007,M071818,-12.1875,-10.01988,23.6014,45.7675,2,3.701502,0.9571093,0.07373678,5.852277,1.500967,3.899004,11ml,M071818_007_2
007,M071818,-12.1875,-10.01988,23.6014,45.7675,3,1.766892,0.9676851,0,31.2367,2.405612,12.98493,11ml,M071818_007_3
010,M071818,-7.96875,-16.9663,24.5127,44.51,3,1.068563,0.9853114,0.04142186,6.663118,2.153741,3.093742,12r,M071818_010_3
013,M071818,-11.03125,-13.89461,24.0305,44.3825,3,2.116268,0.9947121,0.008225617,14.08497,1.840107,7.65443,11ml,M071818_013_3
017,M071818,-7.75,-18.952,24.03174,42.911,1,1.448468,0.9397767,0.005581669,14.85404,2.226438,6.671661,12l,M071818_017_1
017,M071818,-7.75,-18.952,24.03174,42.911,5,1.071016,0.9900118,0.01439483,12.92347,2.168288,5.960219,12l,M071818_017_5
019,M071818,-9.34375,-16.68921,25.01614,43.0685,3,1.777804,0.9955934,0.003525264,14.35073,1.46065,9.824891,12m,M071818_019_3
025,M071818,-12.125,-8.8529,26.15788,43.25,3,0.5832576,0.9905993,0.01645123,11.5071,1.74376,6.599017,46v,M071818_025_3
025,M071818,-12.125,-8.8529,26.15788,43.25,4,0.1733454,0.9905993,0.001762632,12.52661,1.684252,7.437488,46v,M071818_025_4
026,M071818,-8.5,-19.319,23.74196,41.685,1,5.090834,0.960047,0.005581669,12.63709,1.491933,8.470277,45,M071818_026_1
026,M071818,-8.5,-19.319,23.74196,41.685,3,0.6014734,0.9894242,0.04553467,7.937538,1.60377,4.949301,45,M071818_026_3
029,M071818,-13.96875,-15.706,22.02644,41.723,2,2.368082,0.9988249,0.002350176,11.85485,1.490082,7.955836,12o,M071818_029_2
032,M071818,-13.96875,-11.3923,24.0464,41.913,3,3.308444,0.9835488,0.01645123,8.72541,1.591698,5.481826,11ml,M071818_032_3
036,M071818,-10.0625,-18.78788,23.57252,40.473,3,1.741265,0.9926557,0.0220329,12.1082,1.368527,8.847621,45,M071818_036_3
037,M071818,-13.90625,-17.54645,21.3471,40.4055,1,19.54366,0.9908931,0.04024677,7.265993,1.114442,6.519848,12o,M071818_037_1
043,M071818,-19.78125,-9.14115,19.6876,40.5025,3,3.408778,0.9715041,0.06051704,7.401016,1.631544,4.536203,13m,M071818_043_3
044,M071818,-20.25,-7.92786,19.47246,40.505,3,4.753366,0.9976498,0.02232667,11.61112,1.292031,8.986722,13m,M071818_044_3
045,M071818,-9.4375,-20.8814,22.26796,39.14,3,9.227293,0.9979436,0.01380729,14.26215,1.760724,8.100162,45,M071818_045_3
045,M071818,-9.4375,-20.8814,22.26796,39.14,4,1.17744,0.956228,0.03613396,10.67325,1.750091,6.098681,45,M071818_045_4
045,M071818,-9.4375,-20.8814,22.26796,39.14,5,1.954756,0.956228,0.007344301,8.299777,1.739249,4.772046,45,M071818_045_5
051,M071818,-16.5,-11.6268,22.1828,39.325,3,0.422598,0.9994125,0.001762632,11.87633,1.86849,6.356109,13m,M071818_051_3
064,M071818,-23.21875,-8.47954,17.51898,37.609,3,4.525651,0.9797297,0.0472973,8.06201,1.269283,6.351624,13m,M071818_064_3
065,M071818,-11.9375,-6.5154,29.01084,37.584,2,17.9125,0.9377204,0.03907168,4.75786,1.013583,4.694098,24c,M071818_065_2
067,M071818,-14.09375,-20.12445,19.4693,36.498,2,0.2631874,0.9638661,0.006169213,5.915833,1.38894,4.259243,45,M071818_067_2
068,M071818,-19.53125,-18.63815,15.52685,36.438,3,7.394533,0.9764982,0.01909518,8.397976,1.508241,5.568058,12o,M071818_068_3
069,M071818,-19.6875,-16.6894,16.62488,36.603,2,0.4574935,0.9947121,0.0220329,10.9965,2.005571,5.48298,12o,M071818_069_2
072,M071818,-16.25,-12.11692,23.2986,36.261,3,6.321608,0.9706228,0.008519389,10.6478,1.428836,7.452079,46v,M071818_072_3
072,M071818,-16.25,-12.11692,23.2986,36.261,4,21.85715,0.936839,0.04759107,5.000277,1.230677,4.063031,46v,M071818_072_4
072,M071818,-16.25,-12.11692,23.2986,36.261,5,1.507801,0.9706228,0.003819037,12.08157,1.603667,7.533718,46v,M071818_072_5
075,M071818,-22.65625,-8.51985,18.08027,36.296,3,1.073711,0.9955934,0.007344301,7.33339,1.564482,4.687424,13m,M071818_075_3
090,M071818,-13.75,-20.90019,20.06564,33.9445,2,12.44144,0.9397767,0.02585194,8.105868,1.617345,5.011836,45,M071818_090_2
093,M071818,-21.53125,-16.11052,16.45128,33.6705,2,2.121785,0.9894242,0.003819037,8.358336,1.268372,6.589817,AI,M071818_093_2
094,M071818,-21.875,-14.3058,17.2244,33.566,3,0.1155282,0.9967685,0.007050529,9.926402,1.618838,6.131805,AI,M071818_094_3
094,M071818,-21.875,-14.3058,17.2244,33.566,4,11.48601,0.9847239,0.02173913,7.385472,1.219121,6.058031,AI,M071818_094_4
097,M071818,-14.5,-9.3048,26.25196,33.461,3,6.351945,0.9873678,0.03290247,8.604079,1.566824,5.491413,8B,M071818_097_3
099,M071818,-21,-6.40114,20.51142,31.9945,1,8.179713,1,0.001175088,10.68342,3.229574,3.307997,cd,M071818_099_1
100,M071818,-18,-5.15912,23.58168,32.077,3,0.6581405,0.9964747,0.01380729,5.944221,1.122167,5.297089,cd,M071818_100_3
101,M071818,-11.375,-21.86084,21.27982,32.6365,3,4.662176,0.9888366,0.004112808,9.587683,1.46945,6.524674,45,M071818_101_3
109,M071818,-14.4375,-10.40855,25.97175,32.1905,1,10.48187,0.9982374,0.004700352,16.99188,1.556826,10.91444,8B,M071818_109_1
113,M071818,-10,-3.85368,31.92264,30.837,2,1.662521,0.9923619,0.003231492,9.120914,1.754448,5.198738,24c,M071818_113_2
123,M071818,-20.5625,-6.4493,21.1164,29.407,2,1.952197,0.9791422,0.08225617,6.491292,2.106006,3.082275,cd,M071818_123_2
130,M071818,-31.21875,-11.304,9.02098,23.351,3,19.08002,0.9250881,0.1862515,5.60564,1.775689,3.156881,AMG,M071818_130_3
134,M071818,-12.125,-6.79045,29.84952,28.2125,2,12.22198,0.9515276,0.07432432,6.002664,1.59635,3.760243,24c,M071818_134_2
144,M071818,-9.625,-7.53614,31.95767,26.52085,1,21.95925,0.9873678,0.01762632,7.992106,1.067254,7.488475,6DC,M071818_144_1
144,M071818,-9.625,-7.53614,31.95767,26.52085,6,7.43791,0.9544653,0.01938896,4.268912,1.276232,3.344935,6DC,M071818_144_6
146,M071818,-8.375,-5.411,33.98118,26.4845,2,8.449637,0.9477086,0.01233843,9.479329,1.640802,5.777253,6DC,M071818_146_2
146,M071818,-8.375,-5.411,33.98118,26.4845,5,11.60915,0.9524089,0.0220329,4.107861,0.9482388,4.332095,6DC,M071818_146_5
149,M071818,-26.4375,-14.18928,13.13696,21.615,3,3.766194,0.9914806,0.004994125,7.283537,2.107051,3.456744,pu,M071818_149_3
152,M071818,-9.1875,-10.64094,32.34484,23.66,3,12.09295,0.9726792,0.05052879,7.355816,1.154642,6.370647,6DC,M071818_152_3
156,M071818,-18.59375,-5.88787,23.82248,25.36,3,7.820988,0.989718,0.03613396,8.03879,1.239,6.488127,cd,M071818_156_3
005,M071918,-9.75,-12.0019,24.76,45.76,3,5.393588,0.9738543,0.0146886,8.374084,1.846601,4.534864,11ml,M071918_005_3
005,M071918,-9.75,-12.0019,24.76,45.76,4,0.65468,0.9955934,0.02761457,11.05086,2.348697,4.705103,11ml,M071918_005_4
005,M071918,-9.75,-12.0019,24.76,45.76,5,17.74134,0.9700353,0.01762632,5.832834,1.309507,4.454221,11ml,M071918_005_5
007,M071918,-12.1875,-10.01988,23.6014,45.7675,3,2.361077,1,0.0005875441,26.81478,2.143435,12.51019,11ml,M071918_007_3
011,M071918,-7.71875,-15.9736,25.7424,44.435,1,6.297939,0.9964747,0.01351351,9.215331,1.185244,7.775048,46v,M071918_011_1
012,M071918,-9.96875,-14.95332,24.30012,44.375,4,4.600297,0.9715041,0.03848414,7.384662,1.747166,4.22665,12r,M071918_012_4
013,M071918,-11.03125,-13.89461,24.0305,44.3825,3,3.333309,0.9941245,0.02027027,11.17621,1.374897,8.128761,11ml,M071918_013_3
013,M071918,-11.03125,-13.89461,24.0305,44.3825,4,2.264674,0.9944183,0.002056404,17.8505,2.070172,8.622717,11ml,M071918_013_4
014,M071918,-13.28125,-11.05676,23.01673,44.3825,3,4.158076,0.9820799,0.1310223,7.410131,1.15717,6.403669,11ml,M071918_014_3
017,M071918,-7.75,-18.952,24.03174,42.911,4,0.9333214,0.9421269,0.04847239,14.11678,2.317424,6.091582,12l,M071918_017_4
017,M071918,-7.75,-18.952,24.03174,42.911,5,1.705181,0.9045241,0.0008813161,9.520687,2.168953,4.389531,12l,M071918_017_5
018,M071918,-7.9375,-17.8628,25.1601,43.061,3,1.035301,0.9873678,0.039953,8.111399,1.386036,5.852227,12l,M071918_018_3
019,M071918,-9.34375,-16.68921,25.01614,43.0685,3,0.9232261,0.9976498,0.004700352,14.22938,1.486462,9.572647,12m,M071918_019_3
025,M071918,-12.125,-8.8529,26.15788,43.25,3,1.317555,0.9938308,0.01674501,10.06111,2.304255,4.366318,46v,M071918_025_3
026,M071918,-8.5,-19.319,23.74196,41.685,2,4.782058,0.9632785,0.005875441,12.58092,1.815794,6.928605,45,M071918_026_2
028,M071918,-12.46875,-16.9092,22.48948,41.67,2,3.155911,0.9750293,0.1154524,6.769418,1.884651,3.591869,12o,M071918_028_2
029,M071918,-13.96875,-15.706,22.02644,41.723,3,3.328984,0.9908931,0.0693302,10.03361,1.461001,6.867631,12o,M071918_029_3
034,M071918,-15.75,-8.9458,23.2394,41.943,1,15.96847,0.9891304,0.01292597,5.90944,1.120964,5.271747,11ml,M071918_034_1
036,M071918,-10.0625,-18.78788,23.57252,40.473,2,1.444106,0.9988249,0.007344301,10.37242,2.376534,4.364516,45,M071918_036_2
042,M071918,-18.375,-10.30607,20.68283,40.6025,3,4.816983,0.9770858,0.0546416,6.933333,1.44731,4.790497,13m,M071918_042_3
044,M071918,-20.25,-7.92786,19.47246,40.505,3,4.046572,0.9941245,0.01351351,9.72584,1.66437,5.843555,13m,M071918_044_3
045,M071918,-9.4375,-20.8814,22.26796,39.14,3,11.15348,0.9597532,0.08960047,8.186858,2.166075,3.779583,45,M071918_045_3
051,M071918,-16.5,-11.6268,22.1828,39.325,2,0.2548021,0.9967685,0.00146886,13.10054,1.836808,7.132232,13m,M071918_051_2
064,M071918,-23.21875,-8.47954,17.51898,37.609,3,6.175143,0.9621034,0.05728555,7.852158,1.356262,5.789556,13m,M071918_064_3
066,M071918,-14.15625,-21.30376,17.72044,36.453,2,2.181354,0.9250881,0.01703878,10.40627,1.357463,7.665963,45,M071918_066_2
067,M071918,-14.09375,-20.12445,19.4693,36.498,3,3.962648,0.9759107,0.07961222,6.368305,1.173995,5.424471,45,M071918_067_3
067,M071918,-14.09375,-20.12445,19.4693,36.498,4,3.366242,0.9823737,0.0326087,7.332927,1.348604,5.43742,45,M071918_067_4
068,M071918,-19.53125,-18.63815,15.52685,36.438,2,4.485249,0.9850176,0.02056404,10.36698,1.403795,7.384972,12o,M071918_068_2
072,M071918,-16.25,-12.11692,23.2986,36.261,3,5.792943,0.9873678,0.009400705,10.7561,1.454933,7.39285,46v,M071918_072_3
075,M071918,-22.65625,-8.51985,18.08027,36.296,3,7.963186,0.9668038,0.03290247,5.935998,1.156353,5.133377,13m,M071918_075_3
078,M071918,-12.75,-20.1829,21.31331,35.215,3,16.86287,0.9782609,0.06756756,7.666354,1.105823,6.932711,44,M071918_078_3
090,M071918,-13.75,-20.90019,20.06564,33.9445,3,11.76686,0.9585782,0.02849589,7.477771,1.554196,4.811343,45,M071918_090_3
090,M071918,-13.75,-20.90019,20.06564,33.9445,4,7.832636,0.9615158,0.01498237,8.637295,1.675007,5.156573,45,M071918_090_4
094,M071918,-21.875,-14.3058,17.2244,33.566,1,12.21405,0.9494712,0.0913631,5.509485,1.046982,5.262255,AI,M071918_094_1
097,M071918,-14.5,-9.3048,26.25196,33.461,2,5.782436,0.993537,0.01703878,10.2486,1.363342,7.517261,8B,M071918_097_2
097,M071918,-14.5,-9.3048,26.25196,33.461,4,0.3595187,0.9947121,0.006169213,10.94604,1.690136,6.476427,8B,M071918_097_4
099,M071918,-21,-6.40114,20.51142,31.9945,3,9.441673,0.979436,0.02643948,6.334892,1.93736,3.269858,cd,M071918_099_3
100,M071918,-18,-5.15912,23.58168,32.077,3,1.047798,0.9958872,0.001762632,6.733099,1.229128,5.47795,cd,M071918_100_3
101,M071918,-11.375,-21.86084,21.27982,32.6365,2,4.262777,0.9982374,0.003525264,12.35126,1.803141,6.849863,45,M071918_101_2
109,M071918,-14.4375,-10.40855,25.97175,32.1905,2,0.7026153,0.9891304,0.01762632,7.649245,1.47003,5.203461,8B,M071918_109_2
109,M071918,-14.4375,-10.40855,25.97175,32.1905,3,10.42723,0.9988249,0.006462985,17.17321,1.595238,10.76529,8B,M071918_109_3
113,M071918,-10,-3.85368,31.92264,30.837,2,10.93858,0.9553466,0.04318449,5.588201,1.716398,3.255772,24c,M071918_113_2
125,M071918,-15.0625,-4.233,27.27288,29.533,3,0.4618399,0.9970623,0.01498237,10.17602,1.540434,6.605946,24c,M071918_125_3
128,M071918,-15.53125,-14.10418,23.16498,25.651,4,0.2341846,0.9867803,0.008225617,13.04197,2.119397,6.153624,6DC,M071918_128_4
128,M071918,-15.53125,-14.10418,23.16498,25.651,5,0.8639757,0.9826674,0.01968273,10.64095,1.682729,6.323627,6DC,M071918_128_5
130,M071918,-31.25,-11.304,9.02098,23.351,3,11.20346,0.934195,0.1695065,5.817817,1.324419,4.392732,AMG,M071918_130_3
134,M071918,-12.125,-6.79045,29.84952,28.2125,2,11.20355,0.9339013,0.1063455,6.203961,1.448869,4.281935,24c,M071918_134_2
140,M071918,-25.625,-12.78347,14.00369,22.883,3,3.312658,0.9682726,0.01410106,3.613616,1.414558,2.55459,pu,M071918_140_3
144,M071918,-9.625,-7.53614,31.95767,26.52085,3,7.69758,0.9556404,0.04142186,5.164419,1.802153,2.865693,6DC,M071918_144_3
146,M071918,-8.5,-5.424,33.67352,26.487,3,0.600176,1,0.003525264,20.89191,1.932672,10.80986,6DC,M071918_146_3
147,M071918,-9.125,-4.345,33.3727,26.492,3,1.694349,0.9932432,0.01233843,8.521615,1.769446,4.815978,6DC,M071918_147_3
147,M071918,-9.125,-4.345,33.3727,26.492,4,0.03888951,1,0,19.89445,3.138456,6.338932,6DC,M071918_147_4
149,M071918,-26.4375,-14.18928,13.13696,21.615,2,5.274541,0.9970623,0.001762632,7.507766,1.64327,4.568795,pu,M071918_149_2
149,M071918,-26.4375,-14.18928,13.13696,21.615,5,0.1243734,0.9453584,0.007344301,7.836454,1.437843,5.450145,pu,M071918_149_5
150,M071918,-28.625,-12.86365,11.47309,21.265,2,6.415235,0.96651,0.03290247,6.065389,1.944223,3.119698,pu,M071918_150_2
152,M071918,-9.1875,-10.64094,32.34484,23.66,2,11.74246,0.9732667,0.06756756,6.948859,1.191521,5.831924,6DC,M071918_152_2
005,M072018,-9.75,-12.0019,24.76,45.76,3,1.086589,0.9873678,0.06257344,10.85691,1.856183,5.849053,11ml,M072018_005_3
005,M072018,-9.75,-12.0019,24.76,45.76,5,7.464189,0.9764982,0.04524089,8.39893,1.827781,4.59515,11ml,M072018_005_5
007,M072018,-12.1875,-10.01988,23.6014,45.7675,2,2.360789,0.9817861,0.07902468,6.325973,1.757233,3.599962,11ml,M072018_007_2
007,M072018,-12.1875,-10.01988,23.6014,45.7675,4,1.723281,1,0.002643948,31.67938,2.434362,13.01342,11ml,M072018_007_4
011,M072018,-7.71875,-15.9736,25.7424,44.435,3,5.982045,0.9952996,0.01645123,8.685441,1.172631,7.406799,46v,M072018_011_3
012,M072018,-9.96875,-14.95332,24.30012,44.375,3,6.94444,0.9532902,0.01116334,7.235728,1.858431,3.89346,12r,M072018_012_3
013,M072018,-11.03125,-13.89461,24.0305,44.3825,3,3.597397,0.987074,0.009400705,10.57607,1.275095,8.294339,11ml,M072018_013_3
013,M072018,-11.03125,-13.89461,24.0305,44.3825,4,1.634058,0.996181,0.001762632,20.27657,2.24694,9.024082,11ml,M072018_013_4
017,M072018,-7.75,-18.952,24.03174,42.911,2,1.187899,0.9541715,0.002056404,14.20539,2.036895,6.974042,12l,M072018_017_2
017,M072018,-7.75,-18.952,24.03174,42.911,3,0.4927914,0.9541715,0.005581669,18.01808,2.321927,7.759969,12l,M072018_017_3
017,M072018,-7.75,-18.952,24.03174,42.911,5,1.03474,0.9911869,0.0913631,12.77961,2.0686,6.177905,12l,M072018_017_5
018,M072018,-7.9375,-17.8628,25.1601,43.061,3,1.262142,0.9917744,0.03231492,7.885794,1.312437,6.00851,12l,M072018_018_3
019,M072018,-9.34375,-16.68921,25.01614,43.0685,2,0.7271223,1,0.0005875441,16.36801,2.050216,7.983553,12m,M072018_019_2
025,M072018,-12.1875,-8.8529,26.15788,43.25,4,2.02129,0.9829612,0.004406581,12.43643,1.677181,7.415079,46v,M072018_025_4
025,M072018,-12.1875,-8.8529,26.15788,43.25,5,0.1291683,1,0.0005875441,31.99878,3.521091,9.087745,46v,M072018_025_5
026,M072018,-8.5,-19.319,23.74196,41.685,2,9.800129,0.9811986,0.09371328,8.306297,1.946594,4.267094,45,M072018_026_2
029,M072018,-13.96875,-15.706,22.02644,41.723,3,1.025948,0.9762045,0.01175088,8.307964,2.11448,3.929082,12o,M072018_029_3
029,M072018,-13.96875,-15.706,22.02644,41.723,4,0.7882724,0.9762045,0.004994125,11.59842,1.390817,8.339289,12o,M072018_029_4
034,M072018,-15.8125,-8.9458,23.2394,41.943,3,2.795501,0.9726792,0.09576968,5.917796,1.304337,4.537013,11ml,M072018_034_3
051,M072018,-16.5,-11.6268,22.1828,39.325,3,0.2503255,1,0.0005875441,15.15057,1.999659,7.576576,13m,M072018_051_3
061,M072018,-20.28125,-12.10725,18.7893,37.8635,2,10.6915,0.9388954,0.06521739,5.089257,1.247002,4.081193,13l,M072018_061_2
064,M072018,-23.21875,-8.47954,17.51898,37.609,1,5.201001,0.9873678,0.01439483,8.558809,1.241088,6.896214,13m,M072018_064_1
067,M072018,-14.15625,-20.12445,19.4693,36.498,3,3.848426,0.9949538,0.002643948,9.284159,1.240542,7.483955,45,M072018_067_3
068,M072018,-19.53125,-18.63815,15.52685,36.438,2,4.573276,0.9809048,0.0146886,8.375333,1.384669,6.048615,12o,M072018_068_2
072,M072018,-16.25,-12.11692,23.2986,36.261,3,5.07293,0.9955934,0.001762632,11.15588,1.437627,7.759922,46v,M072018_072_3
077,M072018,-17.25,-21.65568,15.1974,35.09,3,11.19038,0.9444771,0.05992949,4.407066,0.9923811,4.440901,AI,M072018_077_3
078,M072018,-12.75,-20.1829,21.31331,35.215,4,5.690455,0.9988249,0.006169213,8.939266,1.301981,6.865897,44,M072018_078_4
083,M072018,-22.625,-12.12872,17.14472,34.99,2,2.903511,0.980611,0.06051704,6.512698,1.413793,4.606544,13l,M072018_083_2
090,M072018,-13.75,-20.90019,20.06564,33.9445,1,7.850694,0.9412456,0.05376028,8.617916,1.8177,4.741111,45,M072018_090_1
090,M072018,-13.75,-20.90019,20.06564,33.9445,4,12.48945,0.9412456,0.0326087,7.490978,1.620975,4.621278,45,M072018_090_4
093,M072018,-21.53125,-16.11052,16.45128,33.6705,3,2.118971,0.9800235,0.01968273,6.877681,1.413376,4.866138,AI,M072018_093_3
094,M072018,-21.875,-14.3058,17.2244,33.566,1,17.39262,0.9706228,0.08695652,5.967358,1.111886,5.366878,AI,M072018_094_1
097,M072018,-14.5,-9.3048,26.25196,33.461,2,4.12355,0.9982374,0.0005875441,12.57445,1.531093,8.212728,8B,M072018_097_2
097,M072018,-14.5,-9.3048,26.25196,33.461,4,0.5857003,0.9982374,0.00293772,11.47515,1.642348,6.987038,8B,M072018_097_4
099,M072018,-21,-6.40114,20.51142,31.9945,1,8.469015,0.996181,0.005875441,10.3605,1.993278,5.197718,cd,M072018_099_1
100,M072018,-18,-5.15912,23.58168,32.077,3,1.079297,0.9932432,0.01233843,5.88962,1.207435,4.877797,cd,M072018_100_3
101,M072018,-11.375,-21.86084,21.27982,32.6365,2,3.682348,0.9629847,0.01556992,7.528133,1.488857,5.056318,45,M072018_101_2
105,M072018,-29.5625,-13.26716,9.19212,26.07,1,25.05068,1,0.01615746,11.88887,1.179017,10.08371,AMG,M072018_105_1
109,M072018,-14.4375,-10.40855,25.97175,32.1905,2,13.38018,1,0.01233843,16.10291,1.419136,11.34699,8B,M072018_109_2
113,M072018,-10.125,-3.85368,31.92264,30.837,3,1.356529,0.9444771,0.002643948,11.36919,2.279499,4.987585,24c,M072018_113_3
123,M072018,-20.625,-6.4493,21.1164,29.407,3,0.3267906,0.9893617,0.004994125,10.21206,1.363376,7.490272,cd,M072018_123_3
125,M072018,-15.1875,-4.2515,26.96244,29.5305,3,0.05468383,0.9938679,0.005660377,12.34013,1.585183,7.784669,24c,M072018_125_3
128,M072018,-15.65625,-14.08979,22.76419,25.5935,3,0.1195227,0.9661616,0,25.39297,2.743903,9.254327,6DC,M072018_128_3
140,M072018,-26,-12.77316,13.59832,22.828,3,2.536585,0.9894242,0.02262045,8.591245,1.585917,5.417208,pu,M072018_140_3
144,M072018,-9.625,-7.53614,31.95767,26.52085,3,6.745272,0.9571093,0.02115159,5.304883,1.477024,3.591602,6DC,M072018_144_3
146,M072018,-8.5,-5.424,33.67352,26.487,2,6.094718,0.972973,0.06169213,6.097703,1.623087,3.756855,6DC,M072018_146_2
146,M072018,-8.5,-5.424,33.67352,26.487,3,0.04504786,1,0,21.36462,2.077268,10.28496,6DC,M072018_146_3
147,M072018,-9.125,-4.345,33.3727,26.492,2,0.03878544,0.9975201,0,17.78594,2.854622,6.230577,6DC,M072018_147_2
149,M072018,-26.4375,-14.18928,13.13696,21.615,3,5.356917,0.9991187,0,8.362215,1.79844,4.649705,pu,M072018_149_3
150,M072018,-28.65625,-12.86365,11.47309,21.265,3,5.972889,0.9914806,0.01703878,8.075084,2.21401,3.647267,pu,M072018_150_3
152,M072018,-9.1875,-10.64094,32.34484,23.66,3,15.43202,0.953584,0.1797885,6.38128,1.179788,5.408838,6DC,M072018_152_3
156,M072018,-18.65625,-5.9008,23.5102,25.365,2,2.874008,0.9873678,0.01498237,4.059475,2.588537,1.568251,cd,M072018_156_2
004,M072318,-8.96875,-13.48804,24.49756,45.8125,3,3.940174,0.9888366,0.02085781,7.911613,1.736383,4.556377,11ml,M072318_004_3
007,M072318,-12.1875,-10.01988,23.6014,45.7675,3,4.985778,0.9738543,0.07226792,6.501741,1.959366,3.318288,11ml,M072318_007_3
007,M072318,-12.1875,-10.01988,23.6014,45.7675,4,1.194299,0.9994125,0,21.65192,2.06365,10.49205,11ml,M072318_007_4
011,M072318,-7.71875,-15.9736,25.7424,44.435,3,4.247733,0.9612221,0.05963572,5.981372,1.353872,4.417974,46v,M072318_011_3
013,M072318,-11.03125,-13.89461,24.0305,44.3825,3,3.204737,0.9800235,0.04289072,10.60922,1.618217,6.556118,11ml,M072318_013_3
017,M072318,-7.75,-18.952,24.03174,42.911,2,1.069309,0.9891304,0.02056404,8.303162,2.113436,3.92875,12l,M072318_017_2
017,M072318,-7.75,-18.952,24.03174,42.911,3,0.8040462,0.9970623,0.00293772,18.63682,2.693067,6.920296,12l,M072318_017_3
018,M072318,-7.9375,-17.8628,25.1601,43.061,2,4.275811,0.9861927,0.1066393,7.613172,1.64819,4.619111,12l,M072318_018_2
019,M072318,-9.34375,-16.68921,25.01614,43.0685,3,3.092018,0.9735605,0.01351351,6.634953,2.495,2.6593,12m,M072318_019_3
025,M072318,-12.1875,-8.8529,26.15788,43.25,3,0.9105355,0.9994125,0,18.65091,1.90199,9.805999,46v,M072318_025_3
025,M072318,-12.1875,-8.8529,26.15788,43.25,4,2.993133,0.9853114,0.01586369,6.497229,1.195233,5.435954,46v,M072318_025_4
026,M072318,-8.5625,-19.319,23.74196,41.685,3,0.3481382,0.9967685,0.007050529,15.32766,2.577708,5.946235,45,M072318_026_3
026,M072318,-8.5625,-19.319,23.74196,41.685,4,0.6094258,0.9967685,0.002643948,12.95381,2.189363,5.916705,45,M072318_026_4
036,M072318,-10.125,-18.78788,23.57252,40.473,3,8.899707,0.9574031,0.04964747,8.400496,1.251678,6.711389,12l,M072318_036_3
039,M072318,-15.78125,-14.7608,21.2674,40.493,2,7.982554,0.9823737,0.03554641,7.423151,1.675365,4.430768,13l,M072318_039_2
045,M072318,-9.4375,-20.8814,22.26796,39.14,3,5.516402,0.996181,0.02790834,11.79102,1.736129,6.791556,45,M072318_045_3
051,M072318,-16.5,-11.6268,22.1828,39.325,1,5.780879,0.9465335,0.03907168,7.850104,1.644063,4.77482,13m,M072318_051_1
061,M072318,-20.28125,-12.10725,18.7893,37.8635,3,5.185776,0.9947121,0.02144536,6.469304,1.151404,5.618623,13l,M072318_061_3
064,M072318,-23.21875,-8.47954,17.51898,37.609,1,6.055623,0.9694477,0.0640423,8.498987,1.499226,5.668915,13m,M072318_064_1
066,M072318,-14.28125,-21.30376,17.72044,36.453,3,1.583113,0.9826674,0.01792009,9.411068,2.105592,4.46956,45,M072318_066_3
068,M072318,-19.53125,-18.63815,15.52685,36.438,1,16.67723,0.9482961,0.03231492,6.645665,1.46181,4.546191,12o,M072318_068_1
069,M072318,-19.6875,-16.6894,16.62488,36.603,3,6.63976,0.9850176,0.005287896,7.69727,1.397145,5.509284,12o,M072318_069_3
080,M072318,-18.0625,-17.11646,18.67646,35.275,3,2.15603,0.9973561,0.002350176,13.76386,1.573994,8.744542,AI,M072318_080_3
080,M072318,-18.0625,-17.11646,18.67646,35.275,4,3.401976,0.9908931,0.01556992,6.702604,1.21612,5.511464,AI,M072318_080_4
090,M072318,-13.75,-20.90019,20.06564,33.9445,3,6.064438,0.9444771,0.02908343,8.274426,1.781179,4.645476,45,M072318_090_3
093,M072318,-21.53125,-16.11052,16.45128,33.6705,2,1.941286,0.9950058,0.02379553,7.454118,1.989451,3.746821,AI,M072318_093_2
095,M072318,-24.8125,-12.75122,14.87807,33.5935,3,8.54789,0.9923619,0.01116334,5.310596,1.029938,5.156227,AI,M072318_095_3
097,M072318,-14.5,-9.3048,26.25196,33.461,4,5.134807,0.9847239,0.02761457,8.558294,1.534336,5.577847,8B,M072318_097_4
099,M072318,-21,-6.40114,20.51142,31.9945,1,8.693532,0.9994125,0.00293772,12.58459,2.67294,4.708147,cd,M072318_099_1
105,M072318,-29.5625,-13.26716,9.19212,26.07,1,28.5935,0.9997062,0.03202115,8.164858,0.9932519,8.22033,AMG,M072318_105_1
109,M072318,-14.4375,-10.40855,25.97175,32.1905,1,11.25299,0.9958872,0.02232667,11.76717,1.270265,9.263559,8B,M072318_109_1
113,M072318,-10.125,-3.85368,31.92264,30.837,3,1.718751,0.9920682,0.02702703,7.511652,1.595711,4.7074,24c,M072318_113_3
123,M072318,-20.625,-6.4493,21.1164,29.407,4,0.2537814,0.9891548,0.006462985,11.06105,4.388355,2.520546,cd,M072318_123_4
128,M072318,-15.65625,-14.08979,22.76419,25.5935,2,0.3492497,0.9477086,0.006756757,8.790189,1.549688,5.672232,6DC,M072318_128_2
128,M072318,-15.65625,-14.08979,22.76419,25.5935,4,0.216997,0.9712104,0.0005875441,15.82755,1.791716,8.833734,6DC,M072318_128_4
128,M072318,-15.65625,-14.08979,22.76419,25.5935,6,0.3471304,0.9927273,0,22.24296,2.563357,8.677278,6DC,M072318_128_6
128,M072318,-15.65625,-14.08979,22.76419,25.5935,7,0.06369303,0.9927273,0,41.30996,3.859578,10.70323,6DC,M072318_128_7
130,M072318,-31.34375,-11.304,9.02098,23.351,2,7.967406,0.926557,0.1192714,5.778011,1.352265,4.272839,AMG,M072318_130_2
139,M072318,-28.375,-13.86278,10.71945,22.6205,2,1.010702,0.9873678,0.0619859,9.282649,2.40282,3.863232,pu,M072318_139_2
149,M072318,-26.4375,-14.18928,13.13696,21.615,3,3.940649,0.9670975,0.01233843,6.473171,2.051347,3.155571,pu,M072318_149_3
149,M072318,-26.4375,-14.18928,13.13696,21.615,5,0.6560888,0.9670975,0.09224442,8.530434,1.611788,5.29253,pu,M072318_149_5
152,M072318,-9.1875,-10.64094,32.34484,23.66,2,11.0925,0.976792,0.01880141,6.127314,1.230702,4.978714,6DC,M072318_152_2
156,M072318,-18.71875,-5.9008,23.5102,25.365,3,9.276111,0.9524089,0.166275,6.195275,1.315553,4.709256,cd,M072318_156_3
156,M072318,-18.71875,-5.9008,23.5102,25.365,4,1.591886,0.996181,0.009694478,13.5641,1.681311,8.067572,cd,M072318_156_4
004,M072418,-8.96875,-13.48804,24.49756,45.8125,3,2.894953,0.980611,0.04435958,6.951654,1.523409,4.563221,11ml,M072418_004_3
007,M072418,-12.1875,-10.01988,23.6014,45.7675,2,2.142417,0.9994125,0,16.57825,1.715757,9.662354,11ml,M072418_007_2
011,M072418,-7.71875,-15.9736,25.7424,44.435,3,4.242977,0.972973,0.01498237,6.486307,1.227247,5.285251,46v,M072418_011_3
011,M072418,-7.71875,-15.9736,25.7424,44.435,4,4.082718,0.9809048,0.02379553,9.339735,2.032997,4.594071,46v,M072418_011_4
012,M072418,-9.96875,-14.95332,24.30012,44.375,1,29.55198,0.9506463,0.02702703,5.508097,1.110296,4.960926,12r,M072418_012_1
013,M072418,-11.03125,-13.89461,24.0305,44.3825,2,6.162858,0.9691539,0.08636898,7.418544,1.251991,5.925395,11ml,M072418_013_2
013,M072418,-11.03125,-13.89461,24.0305,44.3825,5,3.531959,0.9797297,0.02144536,13.01647,1.553273,8.380029,11ml,M072418_013_5
017,M072418,-7.75,-18.952,24.03174,42.911,3,0.9650722,0.9480023,0.002350176,8.127734,2.307978,3.521582,12l,M072418_017_3
017,M072418,-7.75,-18.952,24.03174,42.911,4,1.427111,0.9941245,0.0005875441,21.64466,2.71215,7.980628,12l,M072418_017_4
019,M072418,-9.40625,-16.6923,24.8812,43.061,2,0.6647496,0.9221504,0.07256169,9.580997,1.668964,5.740685,12m,M072418_019_2
019,M072418,-9.40625,-16.6923,24.8812,43.061,3,0.5106146,0.9659224,0.002643948,13.09859,1.42852,9.169348,12m,M072418_019_3
025,M072418,-12.1875,-8.8529,26.15788,43.25,2,3.534929,0.9985312,0.04024677,17.1633,1.715011,10.00769,46v,M072418_025_2
025,M072418,-12.1875,-8.8529,26.15788,43.25,4,3.865176,0.9903055,0.003525264,6.495946,1.050454,6.183945,46v,M072418_025_4
026,M072418,-8.5625,-19.319,23.74196,41.685,3,1.541346,0.9950058,0.02291422,8.359117,1.567891,5.33144,45,M072418_026_3
026,M072418,-8.5625,-19.319,23.74196,41.685,5,0.2589991,0.9612221,0,16.65812,2.101724,7.925933,45,M072418_026_5
028,M072418,-12.53125,-16.9092,22.48948,41.67,3,0.9899012,0.9929495,0.0252644,8.599288,1.688169,5.093854,12o,M072418_028_3
036,M072418,-10.125,-18.78788,23.57252,40.473,2,13.80616,0.9908931,0.04259694,7.503724,1.196871,6.269448,12l,M072418_036_2
039,M072418,-15.78125,-14.7608,21.2674,40.493,2,0.8279951,0.8581081,0.05846063,8.191031,1.234389,6.635699,13l,M072418_039_2
039,M072418,-15.78125,-14.7608,21.2674,40.493,3,6.280793,0.8857227,0.1136898,5.944812,1.582798,3.755888,13l,M072418_039_3
045,M072418,-9.4375,-20.8814,22.26796,39.14,2,0.2364291,0.9985312,0.004406581,20.91111,2.868331,7.290341,45,M072418_045_2
045,M072418,-9.4375,-20.8814,22.26796,39.14,4,3.360421,0.9988249,0.0005875441,10.75342,1.604835,6.700635,45,M072418_045_4
051,M072418,-16.5,-11.6268,22.1828,39.325,3,1.258484,0.9121622,0.009106933,9.822703,1.36839,7.178291,13m,M072418_051_3
051,M072418,-16.5,-11.6268,22.1828,39.325,5,3.269536,0.9500588,0.001175088,10.63078,1.50158,7.079731,13m,M072418_051_5
060,M072418,-20,-13.4258,18.2236,37.8635,3,0.2635253,0.9976498,0.005581669,13.99203,3.968597,3.525687,13l,M072418_060_3
060,M072418,-20,-13.4258,18.2236,37.8635,4,0.1899358,0.9967685,0.00293772,11.04717,2.184196,5.057774,13l,M072418_060_4
064,M072418,-23.21875,-8.47954,17.51898,37.609,2,10.48408,0.9676851,0.03642773,7.498165,1.525381,4.9156,13m,M072418_064_2
065,M072418,-12.53125,-6.562,28.3922,37.594,1,4.894833,0.996181,0.004112808,10.38108,1.400464,7.412598,24c,M072418_065_1
065,M072418,-12.53125,-6.562,28.3922,37.594,2,11.57254,0.9647474,0.09488837,6.705693,1.453622,4.613094,24c,M072418_065_2
066,M072418,-14.28125,-21.30376,17.72044,36.453,2,6.581418,0.9626909,0.06316099,7.395765,1.530406,4.83255,45,M072418_066_2
066,M072418,-14.28125,-21.30376,17.72044,36.453,4,1.738687,0.9829612,0.02379553,6.018578,1.22631,4.907877,45,M072418_066_4
068,M072418,-19.53125,-18.63815,15.52685,36.438,2,15.26393,0.9647474,0.04024677,6.795043,1.480612,4.589348,12o,M072418_068_2
069,M072418,-19.6875,-16.6894,16.62488,36.603,3,1.674089,0.9820799,0.01116334,4.21706,1.334888,3.159111,12o,M072418_069_3
072,M072418,-16.25,-12.11692,23.2986,36.261,3,1.411618,0.9903055,0.0005875441,13.61243,1.333352,10.20918,46v,M072418_072_3
072,M072418,-16.25,-12.11692,23.2986,36.261,4,3.182439,0.9494712,0.06227967,7.722875,1.818925,4.245845,46v,M072418_072_4
075,M072418,-22.78125,-8.51985,18.08027,36.296,3,4.419528,0.9885429,0.03172738,7.435647,1.397626,5.320198,13m,M072418_075_3
077,M072418,-17.25,-21.65568,15.1974,35.09,3,1.609778,0.9958872,0.003819037,12.60921,1.418152,8.891297,AI,M072418_077_3
080,M072418,-18.0625,-17.11646,18.67646,35.275,4,6.455344,0.998518,0.003525264,8.376026,1.597197,5.244203,AI,M072418_080_4
090,M072418,-13.75,-20.90019,20.06564,33.9445,3,11.32811,0.922738,0.02379553,7.671709,1.585031,4.840099,45,M072418_090_3
093,M072418,-21.59375,-16.11052,16.45128,33.6705,1,6.617528,1,0,14.67031,2.071621,7.08156,AI,M072418_093_1
093,M072418,-21.59375,-16.11052,16.45128,33.6705,4,0.2650308,0.9941245,0.005287896,5.286055,1.312146,4.028558,AI,M072418_093_4
094,M072418,-22,-14.3058,17.2244,33.566,2,9.250689,0.9853114,0.03025852,4.203369,0.9778465,4.298598,AI,M072418_094_2
095,M072418,-24.84375,-12.75122,14.87807,33.5935,3,7.261522,0.9923619,0.01733255,4.889742,0.9957556,4.910584,AI,M072418_095_3
097,M072418,-14.5,-9.3048,26.25196,33.461,3,6.280406,0.983255,0.02849589,8.537524,1.557094,5.482987,8B,M072418_097_3
099,M072418,-21,-6.40114,20.51142,31.9945,4,8.586691,1,0.002350176,11.86431,1.954308,6.070851,cd,M072418_099_4
105,M072418,-29.5625,-13.26716,9.19212,26.07,1,20.23241,1,0.008813161,10.67911,1.023438,10.43454,AMG,M072418_105_1
109,M072418,-14.4375,-10.40855,25.97175,32.1905,2,14.00828,0.9952996,0.01938896,10.97736,1.267487,8.660734,8B,M072418_109_2
123,M072418,-20.6875,-6.4493,21.1164,29.407,3,0.6986347,0.987074,0.01439483,9.599892,1.486293,6.458951,cd,M072418_123_3
124,M072418,-23.78125,-5.71049,18.14366,29.4605,2,0.6521159,0.9929495,0.07961222,8.196187,1.959966,4.1818,cd,M072418_124_2
128,M072418,-15.65625,-14.08979,22.76419,25.5935,3,0.2704197,0.9797297,0,19.0341,2.714658,7.011601,6DC,M072418_128_3
128,M072418,-15.65625,-14.08979,22.76419,25.5935,4,0.1522558,0.9797297,0.001175088,15.60009,2.080172,7.499424,6DC,M072418_128_4
139,M072418,-28.375,-13.86278,10.71945,22.6205,3,0.790224,0.9770858,0.05552291,8.038916,2.008842,4.001766,pu,M072418_139_3
147,M072418,-9.1875,-4.345,33.3727,26.492,1,8.312675,0.970329,0.039953,5.120365,0.9795728,5.22714,6DC,M072418_147_1
149,M072418,-26.4375,-14.18928,13.13696,21.615,3,3.912172,0.9691539,0.0126322,5.590076,1.87792,2.976739,pu,M072418_149_3
152,M072418,-9.1875,-10.64094,32.34484,23.66,3,10.31098,0.9459459,0.02702703,6.013954,1.256846,4.784959,6DC,M072418_152_3
152,M072418,-9.1875,-10.64094,32.34484,23.66,4,11.01233,0.93302,0.04259694,6.500157,1.114746,5.831064,6DC,M072418_152_4
156,M072418,-18.71875,-5.9008,23.5102,25.365,3,1.415202,0.9932432,0.01116334,10.99891,2.238043,4.914522,cd,M072418_156_3
004,M072518,-8.96875,-13.48804,24.49756,45.8125,3,2.856206,0.9914806,0.02144536,7.231239,1.585913,4.559669,11ml,M072518_004_3
005,M072518,-9.75,-12.0019,24.76,45.76,2,6.605848,0.9644536,0.02820211,7.527898,1.99477,3.773818,11ml,M072518_005_2
006,M072518,-11.96875,-10.6965,23.356,45.7225,3,5.17263,0.9762045,0.1280846,6.552417,1.244179,5.26646,11ml,M072518_006_3
007,M072518,-12.1875,-10.01988,23.6014,45.7675,4,3.726943,0.9700353,0.03495887,7.875821,2.126183,3.704206,11ml,M072518_007_4
012,M072518,-9.96875,-14.95332,24.30012,44.375,2,26.38389,0.9574031,0.0293772,5.882101,1.095339,5.370121,12r,M072518_012_2
013,M072518,-11.03125,-13.89461,24.0305,44.3825,2,6.440332,0.9556404,0.07432432,7.089604,1.164888,6.086084,11ml,M072518_013_2
013,M072518,-11.03125,-13.89461,24.0305,44.3825,5,4.375663,0.9923619,0.01556992,14.10323,1.634228,8.6299,11ml,M072518_013_5
017,M072518,-7.75,-18.952,24.03174,42.911,2,1.09,0.9991187,0.004112808,21.4851,2.939895,7.308117,12l,M072518_017_2
017,M072518,-7.75,-18.952,24.03174,42.911,4,0.8930563,0.9773796,0.01439483,7.638528,1.867404,4.090453,12l,M072518_017_4
019,M072518,-9.40625,-16.6923,24.8812,43.061,3,2.014276,0.9955934,0.003231492,10.89395,1.515693,7.187437,12m,M072518_019_3
019,M072518,-9.40625,-16.6923,24.8812,43.061,4,0.3888495,0.9955934,0.008813161,14.12204,1.498587,9.423574,12m,M072518_019_4
025,M072518,-12.1875,-8.8529,26.15788,43.25,2,2.699631,0.9950058,0.01762632,13.92207,1.613028,8.631018,46v,M072518_025_2
025,M072518,-12.1875,-8.8529,26.15788,43.25,4,3.07763,0.983255,0.02115159,6.243143,1.108413,5.632504,46v,M072518_025_4
026,M072518,-8.625,-19.319,23.74196,41.685,3,2.145616,0.9994125,0.001175088,17.14355,1.470364,11.65939,45,M072518_026_3
032,M072518,-14.09375,-11.39869,23.84822,41.908,3,7.915084,0.9606345,0.02849589,7.548418,1.831053,4.122446,11ml,M072518_032_3
036,M072518,-10.125,-18.78788,23.57252,40.473,2,12.43608,0.947121,0.03113984,6.870085,2.915554,2.356357,12l,M072518_036_2
043,M072518,-20,-9.154,19.439,40.5,3,1.656871,0.9903055,0.01880141,10.30224,1.443464,7.137162,13m,M072518_043_3
051,M072518,-16.5,-11.6268,22.1828,39.325,3,4.71254,0.9626909,0.039953,8.130673,1.686594,4.820765,13m,M072518_051_3
051,M072518,-16.5,-11.6268,22.1828,39.325,4,2.630504,0.9626909,0.005875441,11.28017,1.492876,7.555999,13m,M072518_051_4
051,M072518,-16.5,-11.6268,22.1828,39.325,5,0.8505107,0.9835488,0.008813161,13.62418,1.547086,8.806349,13m,M072518_051_5
060,M072518,-20,-13.4258,18.2236,37.8635,3,0.1594205,0.9932432,0,14.94421,1.255405,11.9039,13l,M072518_060_3
060,M072518,-20,-13.4258,18.2236,37.8635,4,0.1252445,0.9932432,0.007344301,16.06777,2.195106,7.319814,13l,M072518_060_4
064,M072518,-23.21875,-8.47954,17.51898,37.609,3,9.997581,0.9894242,0.01880141,9.129384,1.511118,6.041477,13m,M072518_064_3
065,M072518,-12.53125,-6.562,28.3922,37.594,6,2.744132,0.9905993,0.01292597,5.560798,1.643078,3.384378,24c,M072518_065_6
065,M072518,-12.53125,-6.562,28.3922,37.594,7,2.402453,0.9994125,0.005875441,8.032919,1.284913,6.25172,24c,M072518_065_7
068,M072518,-19.53125,-18.63815,15.52685,36.438,2,16.98494,0.970329,0.01733255,7.248885,1.425465,5.085277,12o,M072518_068_2
072,M072518,-16.25,-12.11692,23.2986,36.261,4,1.577562,0.993537,0.009400705,12.51099,1.315354,9.511507,46v,M072518_072_4
077,M072518,-17.25,-21.65568,15.1974,35.09,3,3.308228,0.9938308,0.01821387,10.85901,1.583135,6.859179,AI,M072518_077_3
080,M072518,-18.0625,-17.11646,18.67646,35.275,3,5.927548,0.9776734,0.0640423,6.564096,1.281804,5.120983,AI,M072518_080_3
083,M072518,-22.6875,-12.12872,17.14472,34.99,3,2.660867,0.9717979,0.01909518,5.607691,1.572323,3.566501,13l,M072518_083_3
090,M072518,-13.75,-20.90019,20.06564,33.9445,2,6.340067,0.9365453,0.01175088,8.63557,1.828565,4.722594,45,M072518_090_2
093,M072518,-21.59375,-16.11052,16.45128,33.6705,3,1.324191,0.9712104,0.007050529,4.7505,1.545597,3.073569,AI,M072518_093_3
094,M072518,-22,-14.3058,17.2244,33.566,3,10.83128,0.9876616,0.03407755,4.443185,0.9939394,4.470277,AI,M072518_094_3
095,M072518,-24.84375,-12.75122,14.87807,33.5935,3,6.734616,0.974148,0.03319624,4.484932,1.055854,4.247684,AI,M072518_095_3
097,M072518,-14.5,-9.3048,26.25196,33.461,2,3.21751,0.9785547,0.05728555,8.164051,1.440397,5.667918,8B,M072518_097_2
097,M072518,-14.5,-9.3048,26.25196,33.461,3,5.048419,0.9788484,0.01586369,9.177835,1.44697,6.342797,8B,M072518_097_3
099,M072518,-21,-6.40114,20.51142,31.9945,3,7.814087,1,0.001762632,13.99547,1.660891,8.426478,cd,M072518_099_3
101,M072518,-11.5,-21.86084,21.27982,32.6365,3,4.368756,0.9676851,0.01351351,7.998743,1.662934,4.810018,45,M072518_101_3
105,M072518,-29.5625,-13.26716,9.19212,26.07,2,19.21156,0.9994125,0.01410106,8.492425,1.010778,8.401869,AMG,M072518_105_2
109,M072518,-14.4375,-10.40855,25.97175,32.1905,3,12.31382,0.9955934,0.0493537,10.70868,1.307117,8.192593,8B,M072518_109_3
128,M072518,-15.65625,-14.08979,22.76419,25.5935,4,0.2828024,0.9976498,0.01028202,7.901809,1.945968,4.060606,6DC,M072518_128_4
128,M072518,-15.65625,-14.08979,22.76419,25.5935,5,0.3473001,0.9753521,0.004994125,13.96803,1.733717,8.056699,6DC,M072518_128_5
128,M072518,-15.65625,-14.08979,22.76419,25.5935,6,0.08326134,0.9753521,0.00128041,18.31289,2.552461,7.174602,6DC,M072518_128_6
128,M072518,-15.65625,-14.08979,22.76419,25.5935,7,0.08651313,1,0.001242622,44.13491,3.695108,11.94415,6DC,M072518_128_7
130,M072518,-31.46875,-11.298,8.62439,23.2935,3,6.225597,0.9770858,0.03701528,6.94983,2.091509,3.322878,AMG,M072518_130_3
134,M072518,-12.125,-6.79045,29.84952,28.2125,2,0.5264642,0.9955934,0.02438308,9.687078,1.604312,6.038153,24c,M072518_134_2
139,M072518,-28.40625,-13.86278,10.71945,22.6205,3,1.088443,0.9841363,0.0273208,8.094784,2.209634,3.663404,pu,M072518_139_3
147,M072518,-9.21875,-4.345,33.3727,26.492,3,0.6905732,0.9914806,0.01321974,9.219796,1.630577,5.654314,6DC,M072518_147_3
149,M072518,-26.4375,-14.18928,13.13696,21.615,5,3.071639,0.987074,0.01057579,5.223145,1.496259,3.490803,pu,M072518_149_5
152,M072518,-9.1875,-10.64094,32.34484,23.66,4,10.49815,0.9762045,0.01145711,6.383931,1.212227,5.266283,6DC,M072518_152_4
156,M072518,-18.71875,-5.9008,23.5102,25.365,4,3.817784,0.9908931,0.01204465,5.666046,1.145819,4.944973,cd,M072518_156_4
156,M072518,-18.71875,-5.9008,23.5102,25.365,5,0.9865115,0.9929495,0.01233843,9.801153,1.461557,6.705967,cd,M072518_156_5
004,M072718,-8.96875,-13.48804,24.49756,45.8125,3,2.315643,0.9931372,0.003231492,11.13589,1.409686,7.899552,11ml,M072718_004_3
007,M072718,-12.21875,-10.01988,23.6014,45.7675,4,4.907174,0.9773796,0.04582844,7.164199,2.106864,3.400409,11ml,M072718_007_4
008,M072718,-10,-9.06521,26.30591,45.8575,3,8.762632,0.9424207,0.03730905,4.223378,1.163718,3.629211,46v,M072718_008_3
008,M072718,-10,-9.06521,26.30591,45.8575,4,2.511534,0.9418331,0.01145711,10.37254,2.755199,3.764716,46v,M072718_008_4
013,M072718,-11.03125,-13.89461,24.0305,44.3825,3,2.01431,0.9864865,0.02056404,9.043136,1.279294,7.06885,11ml,M072718_013_3
013,M072718,-11.03125,-13.89461,24.0305,44.3825,4,3.349329,0.9864865,0.004112808,13.76946,1.422662,9.678658,11ml,M072718_013_4
017,M072718,-7.75,-18.952,24.03174,42.911,3,1.639423,0.9917744,0.01674501,10.21568,2.859292,3.572799,12l,M072718_017_3
019,M072718,-9.40625,-16.6923,24.8812,43.061,3,0.2905197,1,0.00146886,16.4458,1.389017,11.83988,12m,M072718_019_3
025,M072718,-12.1875,-8.8529,26.15788,43.25,3,1.111523,0.993537,0.009400705,13.87482,1.693352,8.193701,46v,M072718_025_3
026,M072718,-8.625,-19.319,23.74196,41.685,2,2.009397,1,0.001762632,18.22911,1.587922,11.47985,45,M072718_026_2
026,M072718,-8.625,-19.319,23.74196,41.685,4,1.556469,0.985899,0.01733255,10.53562,1.50265,7.01136,45,M072718_026_4
035,M072718,-10.1875,-20.26947,21.68364,40.363,2,3.743268,0.9512339,0.01674501,6.218297,4.799574,1.295594,12l,M072718_035_2
036,M072718,-10.125,-18.78788,23.57252,40.473,3,13.85995,0.9638661,0.09988249,6.875101,1.318329,5.21501,12l,M072718_036_3
037,M072718,-14.21875,-17.56071,20.92098,40.3905,3,2.596714,0.9744418,0.03378378,6.053562,1.431373,4.2292,12o,M072718_037_3
051,M072718,-16.5,-11.6268,22.1828,39.325,3,5.894899,0.9762045,0.01674501,8.862576,1.966413,4.506977,13m,M072718_051_3
051,M072718,-16.5,-11.6268,22.1828,39.325,4,2.958646,0.9920682,0.002056404,15.80469,1.803509,8.763303,13m,M072718_051_4
064,M072718,-23.21875,-8.47954,17.51898,37.609,1,9.186846,0.9903055,0.008813161,9.771068,1.605166,6.087265,13m,M072718_064_1
066,M072718,-14.40625,-21.31224,17.49056,36.448,2,3.78833,0.9512339,0.06844889,3.652436,1.097301,3.328562,45,M072718_066_2
066,M072718,-14.40625,-21.31224,17.49056,36.448,4,3.160375,0.9835488,0.02115159,7.918393,1.601918,4.943072,45,M072718_066_4
068,M072718,-19.53125,-18.63815,15.52685,36.438,2,13.88115,0.9709166,0.01792009,7.758192,1.514358,5.123091,12o,M072718_068_2
072,M072718,-16.3125,-12.11692,23.2986,36.261,2,7.257772,0.9785547,0.03025852,8.831427,1.837531,4.806138,46v,M072718_072_2
077,M072718,-17.25,-21.65568,15.1974,35.09,2,4.198006,0.9978948,0.008519389,13.03251,2.489805,5.23435,AI,M072718_077_2
080,M072718,-18.0625,-17.11646,18.67646,35.275,3,4.930819,0.9453584,0.05229142,5.554615,1.317149,4.21715,AI,M072718_080_3
083,M072718,-22.6875,-12.12872,17.14472,34.99,1,1.859477,0.9864865,0.01116334,4.710233,1.152654,4.086425,13l,M072718_083_1
090,M072718,-13.875,-20.91442,19.80752,33.942,2,19.94821,0.9697415,0.04582844,8.607805,1.977442,4.352999,45,M072718_090_2
093,M072718,-21.59375,-16.11052,16.45128,33.6705,2,0.1301929,0.9982374,0.007931845,11.59571,1.727114,6.713923,AI,M072718_093_2
094,M072718,-22,-14.3058,17.2244,33.566,4,12.24824,0.9908931,0.02967098,5.032383,1.005463,5.005042,AI,M072718_094_4
095,M072718,-24.84375,-12.75122,14.87807,33.5935,2,3.899155,0.9861927,0.01380729,4.245372,1.015416,4.180921,AI,M072718_095_2
097,M072718,-14.5,-9.3048,26.25196,33.461,2,6.384938,0.9823737,0.0440658,7.533972,1.661042,4.53569,8B,M072718_097_2
099,M072718,-21,-6.40114,20.51142,31.9945,2,8.739415,1,0.00293772,13.7251,1.527728,8.983996,cd,M072718_099_2
100,M072718,-18.1875,-5.15912,23.58168,32.077,3,0.8889292,0.9932432,0.05611046,8.743212,1.237933,7.062749,cd,M072718_100_3
101,M072718,-11.625,-21.86084,21.27982,32.6365,3,2.872311,0.9879553,0.01968273,10.93003,1.325378,8.246728,45,M072718_101_3
101,M072718,-11.625,-21.86084,21.27982,32.6365,4,1.612267,0.9964747,0.001175088,20.80304,2.057444,10.11111,45,M072718_101_4
101,M072718,-11.625,-21.86084,21.27982,32.6365,5,0.5160669,0.9879553,0.00293772,12.07099,1.950829,6.187623,45,M072718_101_5
105,M072718,-29.5625,-13.26716,9.19212,26.07,2,15.85905,1,0.02262045,10.02491,1.032304,9.711195,AMG,M072718_105_2
109,M072718,-14.4375,-10.40855,25.97175,32.1905,2,11.31903,0.9903055,0.03554641,9.325841,1.334441,6.988576,8B,M072718_109_2
110,M072718,-24.3125,-7.40934,16.97865,30.64,1,23.55941,0.9988249,0.03613396,7.945263,1.096355,7.246982,pu,M072718_110_1
113,M072718,-10.1875,-3.87292,31.60991,30.8345,4,0.2236604,0.9958872,0.01175088,9.474514,1.755533,5.396944,24c,M072718_113_4
123,M072718,-20.6875,-6.4493,21.1164,29.407,3,0.9950796,0.9958872,0.009988249,8.043757,2.178413,3.692484,cd,M072718_123_3
128,M072718,-15.78125,-14.08979,22.76419,25.5935,3,1.433196,0.9941245,0.02056404,10.21323,2.043256,4.998507,6DC,M072718_128_3
130,M072718,-31.53125,-11.298,8.62439,23.2935,3,14.51247,0.9876616,0.1116334,6.906161,1.116583,6.185083,AMG,M072718_130_3
134,M072718,-12.1875,-6.79045,29.84952,28.2125,1,1.136021,0.9985312,0.002643948,11.46912,2.828846,4.054347,24c,M072718_134_1
134,M072718,-12.1875,-6.79045,29.84952,28.2125,4,2.797055,0.9982374,0.01909518,9.115305,1.392508,6.54596,24c,M072718_134_4
144,M072718,-9.6875,-7.53614,31.95767,26.52085,2,15.56399,0.9979436,0.01938896,8.092333,1.06688,7.585045,6DC,M072718_144_2
146,M072718,-8.5625,-5.424,33.67352,26.487,3,3.780992,0.9929495,0.003819037,12.22812,1.812361,6.747065,6DC,M072718_146_3
147,M072718,-9.21875,-4.345,33.3727,26.492,3,4.00575,0.979436,0.01645123,7.230977,2.50463,2.887044,6DC,M072718_147_3
149,M072718,-26.4375,-14.18928,13.13696,21.615,3,3.181376,0.9864865,0.004994125,5.364824,1.472227,3.64402,pu,M072718_149_3
152,M072718,-9.1875,-10.64094,32.34484,23.66,3,10.60793,0.9994125,0.01057579,11.23224,1.111936,10.10151,6DC,M072718_152_3
156,M072718,-18.71875,-5.9008,23.5102,25.365,3,3.889162,0.9844301,0.02320799,6.384669,1.276224,5.002781,cd,M072718_156_3
156,M072718,-18.71875,-5.9008,23.5102,25.365,4,0.1249196,0.9811986,0.02056404,7.17212,1.607495,4.461676,cd,M072718_156_4
157,M072718,-14.1875,-4.6357,28.38505,25.1525,3,0.6501777,0.9929495,0.008813161,9.460147,1.719218,5.502588,24c,M072718_157_3
004,M073018,-8.96875,-13.48804,24.49756,45.8125,3,4.157325,0.9894242,0.02761457,6.730865,1.580623,4.258361,11ml,M073018_004_3
008,M073018,-10,-9.06521,26.30591,45.8575,3,1.527116,0.9991187,0,15.13688,1.912591,7.91433,46v,M073018_008_3
011,M073018,-7.78125,-15.97461,25.61439,44.425,3,0.9627523,0.9932432,0.006462985,10.51132,1.711405,6.141926,46v,M073018_011_3
013,M073018,-11.03125,-13.89461,24.0305,44.3825,2,5.759146,0.9941245,0.009106933,12.72321,1.484752,8.569246,11ml,M073018_013_2
013,M073018,-11.03125,-13.89461,24.0305,44.3825,4,1.771031,0.9791422,0.002643948,8.023011,1.256583,6.384782,11ml,M073018_013_4
014,M073018,-13.4375,-11.05424,22.86352,44.375,3,4.344125,0.9715041,0.03613396,6.578404,1.75756,3.742918,11ml,M073018_014_3
014,M073018,-13.4375,-11.05424,22.86352,44.375,4,6.892376,0.9521152,0.1116334,5.808753,1.085381,5.351811,11ml,M073018_014_4
026,M073018,-8.625,-19.319,23.74196,41.685,3,1.666389,0.9985312,0.006169213,15.17965,2.427221,6.253924,45,M073018_026_3
042,M073018,-18.6875,-10.32873,20.22037,40.5975,3,1.177503,0.9982374,0.008813161,12.07958,1.860144,6.493895,13m,M073018_042_3
045,M073018,-9.4375,-20.8814,22.26796,39.14,3,4.927613,0.9941245,0.01439483,12.94671,1.699203,7.619284,45,M073018_045_3
051,M073018,-16.5,-11.6268,22.1828,39.325,3,0.4267951,0.9062867,0.006169213,10.99559,1.850226,5.942837,13m,M073018_051_3
051,M073018,-16.5,-11.6268,22.1828,39.325,5,1.967596,0.9503525,0.006756757,8.82303,1.865558,4.729432,13m,M073018_051_5
051,M073018,-16.5,-11.6268,22.1828,39.325,6,2.64175,0.9621034,0.002643948,17.02176,1.886787,9.021556,13m,M073018_051_6
054,M073018,-21.25,-8.15578,18.91068,39.145,3,0.1936498,0.9944183,0.006169213,12.94546,1.356213,9.5453,13m,M073018_054_3
063,M073018,-22.875,-9.71674,17.13358,37.789,3,0.2389396,0.9885429,0.01762632,8.638639,2.446066,3.531646,13m,M073018_063_3
064,M073018,-23.21875,-8.47954,17.51898,37.609,3,5.518345,0.9300823,0.05757932,6.95261,1.839176,3.780286,13m,M073018_064_3
066,M073018,-14.40625,-21.31224,17.49056,36.448,3,0.09431121,0.9985312,0.002643948,13.5011,1.381787,9.770754,45,M073018_066_3
066,M073018,-14.40625,-21.31224,17.49056,36.448,4,3.362611,0.9879553,0.0293772,7.59852,1.725376,4.40398,45,M073018_066_4
068,M073018,-19.53125,-18.63815,15.52685,36.438,3,9.072308,0.9623972,0.01968273,7.52457,1.462929,5.143496,12o,M073018_068_3
077,M073018,-17.25,-21.65568,15.1974,35.09,3,2.553918,0.9920682,0.1583431,10.55543,1.60166,6.590306,AI,M073018_077_3
078,M073018,-13.25,-20.2107,20.69513,35.205,2,16.5912,0.9083431,0.2094595,5.240918,1.229506,4.262619,44,M073018_078_2
078,M073018,-13.25,-20.2107,20.69513,35.205,4,1.409821,0.9947121,0.001762632,4.696668,1.102021,4.261867,44,M073018_078_4
079,M073018,-20.8125,-18.77281,14.76271,35.2175,3,0.6395172,0.9947121,0.006756757,9.010411,1.945063,4.632452,AI,M073018_079_3
083,M073018,-22.6875,-12.12872,17.14472,34.99,3,9.687894,0.9553466,0.06022327,5.753272,1.067581,5.389072,13l,M073018_083_3
083,M073018,-22.6875,-12.12872,17.14472,34.99,4,0.7823502,0.9133372,0.01351351,7.690931,1.11927,6.871378,13l,M073018_083_4
083,M073018,-22.6875,-12.12872,17.14472,34.99,6,10.01723,0.9618096,0.02262045,8.792295,1.205608,7.29283,13l,M073018_083_6
083,M073018,-22.6875,-12.12872,17.14472,34.99,7,0.06877534,0.9940719,0.002593553,15.28643,2.397461,6.37609,13l,M073018_083_7
093,M073018,-21.59375,-16.11052,16.45128,33.6705,3,1.721072,0.9917744,0.01057579,4.591562,1.590263,2.887298,AI,M073018_093_3
094,M073018,-22,-14.3058,17.2244,33.566,3,0.4166859,0.9941245,0.03848414,8.790169,2.150378,4.087733,AI,M073018_094_3
097,M073018,-14.5,-9.3048,26.25196,33.461,3,0.298251,0.9982374,0.02761457,12.17994,1.308627,9.307421,8B,M073018_097_3
101,M073018,-11.625,-21.86084,21.27982,32.6365,3,4.048193,0.9994125,0.005875441,15.19063,1.482452,10.24696,45,M073018_101_3
101,M073018,-11.625,-21.86084,21.27982,32.6365,4,0.9847391,0.9994125,0.000293772,19.14302,2.288544,8.364716,45,M073018_101_4
105,M073018,-29.5625,-13.26716,9.19212,26.07,1,21.39965,0.9973561,0.008519389,7.639188,1.138309,6.710996,AMG,M073018_105_1
109,M073018,-14.4375,-10.40855,25.97175,32.1905,1,16.21796,0.9791422,0.07520564,7.489542,1.289059,5.810085,8B,M073018_109_1
110,M073018,-24.3125,-7.40934,16.97865,30.64,3,16.57359,0.9421269,0.03819036,4.574043,1.041716,4.390873,pu,M073018_110_3
113,M073018,-10.1875,-3.87292,31.60991,30.8345,3,0.09653427,1,0.004406581,10.36872,1.72405,6.014165,24c,M073018_113_3
113,M073018,-10.1875,-3.87292,31.60991,30.8345,4,9.425996,0.9800235,0.1183901,6.458383,1.10169,5.862248,24c,M073018_113_4
128,M073018,-16.03125,-14.0754,22.3634,25.536,3,2.357869,0.9365453,0.01057579,7.983523,1.466101,5.445411,6DC,M073018_128_3
128,M073018,-16.03125,-14.0754,22.3634,25.536,5,0.7974657,0.949765,0.004406581,10.77976,1.571561,6.859268,6DC,M073018_128_5
134,M073018,-12.1875,-6.79045,29.84952,28.2125,3,6.500535,0.9947121,0.03554641,7.468183,1.236819,6.03822,24c,M073018_134_3
134,M073018,-12.1875,-6.79045,29.84952,28.2125,4,1.177305,0.9982374,0.001175088,10.30135,2.424743,4.248431,24c,M073018_134_4
144,M073018,-9.6875,-7.53614,31.95767,26.52085,3,14.35308,0.9976498,0.03907168,8.01272,1.079008,7.426008,6DC,M073018_144_3
146,M073018,-8.5625,-5.424,33.67352,26.487,2,1.527402,0.9958872,0.00146886,16.88897,1.835046,9.203569,6DC,M073018_146_2
147,M073018,-9.21875,-4.345,33.3727,26.492,3,1.935547,0.9788484,0.008813161,7.827675,1.923113,4.070315,6DC,M073018_147_3
149,M073018,-26.4375,-14.18928,13.13696,21.615,3,3.801044,0.9529965,0.01674501,4.450518,1.28995,3.450147,pu,M073018_149_3
150,M073018,-28.90625,-12.86365,11.47309,21.265,3,0.5208121,0.9850176,0.02467685,8.337549,2.040022,4.08699,pu,M073018_150_3
152,M073018,-9.1875,-10.64094,32.34484,23.66,3,10.2485,0.9988249,0.003231492,11.80201,1.083777,10.8897,6DC,M073018_152_3
156,M073018,-18.71875,-5.9008,23.5102,25.365,1,4.368361,0.9955934,0.04289072,10.87479,1.61972,6.713991,cd,M073018_156_1
157,M073018,-14.1875,-4.6357,28.38505,25.1525,3,0.111192,0.9958872,0,11.5833,1.83314,6.318833,24c,M073018_157_3
004,M073118,-8.96875,-13.48804,24.49756,45.8125,3,4.176436,0.9903055,0.03554641,6.684034,1.614844,4.13912,11ml,M073118_004_3
007,M073118,-12.3125,-10.01988,23.6014,45.7675,3,4.761911,0.9782609,0.08490012,8.890723,1.83134,4.854763,11ml,M073118_007_3
008,M073118,-10,-9.06521,26.30591,45.8575,2,4.289063,0.9735605,0.01703878,7.350555,2.094382,3.509654,46v,M073118_008_2
008,M073118,-10,-9.06521,26.30591,45.8575,4,1.777109,0.9973561,0.002350176,13.80904,1.942442,7.109112,46v,M073118_008_4
010,M073118,-8.03125,-16.96479,24.39981,44.5025,3,0.6747045,0.9976498,0.003231492,9.36284,1.487474,6.294456,12r,M073118_010_3
011,M073118,-7.78125,-15.97461,25.61439,44.425,3,1.254144,0.9876616,0.009400705,10.08537,1.755923,5.743632,46v,M073118_011_3
013,M073118,-11.03125,-13.89461,24.0305,44.3825,1,2.6998,0.9797297,0.0199765,7.510927,1.291743,5.814567,11ml,M073118_013_1
013,M073118,-11.03125,-13.89461,24.0305,44.3825,4,3.945927,0.9797297,0.056698,13.33085,1.539544,8.65896,11ml,M073118_013_4
014,M073118,-13.4375,-11.05424,22.86352,44.375,3,8.954837,0.9621034,0.1110458,6.335987,1.231027,5.146912,11ml,M073118_014_3
025,M073118,-12.375,-8.86555,25.97356,43.2475,2,0.4571536,0.9952996,0.001175088,25.33377,1.719249,14.73537,46v,M073118_025_2
025,M073118,-12.375,-8.86555,25.97356,43.2475,4,0.3503471,0.9973561,0.002056404,16.89927,1.610334,10.49426,46v,M073118_025_4
026,M073118,-8.625,-19.319,23.74196,41.685,1,1.522675,0.9976498,0.002643948,12.01328,1.76571,6.803653,45,M073118_026_1
028,M073118,-12.65625,-16.9124,22.30026,41.6625,3,0.4528199,0.9932432,0.03554641,8.898999,2.222162,4.004659,12o,M073118_028_3
036,M073118,-10.25,-18.79286,23.39294,40.4655,3,6.490801,0.9770858,0.1081081,6.748898,1.612787,4.184618,12l,M073118_036_3
043,M073118,-20,-9.154,19.439,40.5,3,0.9062271,0.9814923,0.03407755,10.27991,1.570724,6.544694,13m,M073118_043_3
044,M073118,-20.5625,-7.94373,19.21403,40.5025,3,2.820803,0.9908931,0.05317274,6.963782,1.741585,3.998531,13m,M073118_044_3
045,M073118,-9.5625,-20.8814,22.26796,39.14,1,13.89431,0.9750293,0.01733255,8.322966,1.462076,5.692568,45,M073118_045_1
045,M073118,-9.5625,-20.8814,22.26796,39.14,5,3.669173,0.9788484,0.05846063,11.11402,2.27544,4.884338,45,M073118_045_5
051,M073118,-16.5,-11.6268,22.1828,39.325,3,2.917034,0.9964747,0.0005875441,16.75441,1.821122,9.200047,13m,M073118_051_3
060,M073118,-20,-13.4258,18.2236,37.8635,3,3.108073,0.9717979,0.03584019,7.504349,1.667963,4.499111,13l,M073118_060_3
064,M073118,-23.21875,-8.47954,17.51898,37.609,3,9.683624,0.9856052,0.05170388,7.93162,2.408335,3.293404,13m,M073118_064_3
065,M073118,-12.90625,-6.6086,27.77356,37.604,4,3.86008,0.9994125,0,9.430764,2.783706,3.387844,24c,M073118_065_4
066,M073118,-14.40625,-21.31224,17.49056,36.448,3,4.407719,0.9709166,0.04289072,7.100907,1.76077,4.032843,45,M073118_066_3
068,M073118,-19.53125,-18.63815,15.52685,36.438,3,6.05531,0.9148061,0.01204465,7.073317,1.276546,5.54098,12o,M073118_068_3
077,M073118,-17.25,-21.65568,15.1974,35.09,2,2.37257,0.9941245,0.05904818,9.880812,1.566588,6.30722,AI,M073118_077_2
083,M073118,-22.6875,-12.12872,17.14472,34.99,4,0.8995606,0.960047,0.03613396,9.391785,1.709144,5.495022,13l,M073118_083_4
090,M073118,-14.375,-20.94288,19.29128,33.937,3,3.946942,0.9976498,0.002643948,11.88789,1.306917,9.096128,45,M073118_090_3
097,M073118,-14.5,-9.3048,26.25196,33.461,3,0.137273,0.9979436,0.02350176,10.91757,1.463096,7.461965,8B,M073118_097_3
100,M073118,-18.25,-5.17514,23.25946,32.0695,3,4.585885,0.9929495,0.1821387,8.906953,1.351251,6.591635,cd,M073118_100_3
101,M073118,-11.625,-21.86084,21.27982,32.6365,2,0.6827512,0.9991187,0.0005875441,18.73336,2.18609,8.569345,45,M073118_101_2
101,M073118,-11.625,-21.86084,21.27982,32.6365,3,1.592414,0.9991187,0.01615746,12.27461,1.32692,9.250452,45,M073118_101_3
105,M073118,-29.5625,-13.26716,9.19212,26.07,3,18.14912,0.9970623,0.01028202,8.118815,1.106632,7.336511,AMG,M073118_105_3
109,M073118,-14.4375,-10.40855,25.97175,32.1905,3,15.42138,0.972973,0.1233843,7.289762,1.285728,5.669754,8B,M073118_109_3
110,M073118,-24.3125,-7.40934,16.97865,30.64,2,19.04749,0.9488837,0.06051704,4.706804,1.174104,4.008849,pu,M073118_110_2
113,M073118,-10.1875,-3.87292,31.60991,30.8345,3,0.2831659,0.9973561,0.007050529,9.382753,1.748538,5.366056,24c,M073118_113_3
123,M073118,-20.75,-6.4493,21.1164,29.407,3,0.5328939,0.9964747,0.02262045,8.566636,2.168404,3.950664,cd,M073118_123_3
125,M073118,-15.375,-4.2515,26.96244,29.5305,3,0.9572356,0.9967685,0.01233843,10.93568,2.216235,4.93435,24c,M073118_125_3
128,M073118,-16.03125,-14.0754,22.3634,25.536,2,0.9372205,0.9691539,0.02702703,10.92447,1.425489,7.663669,6DC,M073118_128_2
128,M073118,-16.03125,-14.0754,22.3634,25.536,4,5.652867,0.9574031,0.1131022,7.151441,1.441453,4.961273,6DC,M073118_128_4
134,M073118,-12.1875,-6.79045,29.84952,28.2125,2,5.276909,0.9923619,0.01821387,7.281569,1.300504,5.599037,24c,M073118_134_2
134,M073118,-12.1875,-6.79045,29.84952,28.2125,4,2.198632,0.9909561,0.007344301,10.14184,2.920689,3.472411,24c,M073118_134_4
140,M073118,-27.375,-12.74223,12.38221,22.663,3,1.260262,0.9908931,0.006462985,11.13821,2.058833,5.409965,pu,M073118_140_3
144,M073118,-9.6875,-7.53614,31.95767,26.52085,2,16.13354,0.989718,0.02320799,7.622885,1.107265,6.884429,6DC,M073118_144_2
146,M073118,-8.5625,-5.424,33.67352,26.487,3,2.304744,0.9976498,0.002350176,14.48663,1.916896,7.557338,6DC,M073118_146_3
149,M073118,-26.4375,-14.18928,13.13696,21.615,3,0.07793532,0.9977562,0.01645475,12.21519,1.571442,7.773235,pu,M073118_149_3
152,M073118,-9.1875,-10.64094,32.34484,23.66,3,8.89317,1,0,12.12322,1.093597,11.08564,6DC,M073118_152_3
004,M080118,-8.96875,-13.48804,24.49756,45.8125,3,4.617792,0.9738543,0.0619859,6.006874,1.680003,3.575515,11ml,M080118_004_3
008,M080118,-10,-9.06521,26.30591,45.8575,1,2.740979,0.9726792,0.01233843,8.177729,2.073284,3.944336,46v,M080118_008_1
008,M080118,-10,-9.06521,26.30591,45.8575,4,1.88953,0.9726792,0.0005875441,12.49084,2.016598,6.194014,46v,M080118_008_4
013,M080118,-11.03125,-13.89461,24.0305,44.3825,3,4.750776,0.9917744,0.04641598,11.75347,1.746357,6.73028,11ml,M080118_013_3
014,M080118,-13.4375,-11.05424,22.86352,44.375,3,7.067383,0.9444771,0.02115159,5.528616,1.383457,3.996232,11ml,M080118_014_3
019,M080118,-9.53125,-16.69539,24.74626,43.0535,3,0.1799966,0.996181,0.01615746,11.94712,2.649388,4.509391,12m,M080118_019_3
025,M080118,-12.375,-8.86555,25.97356,43.2475,2,0.1797296,0.979436,0.0146886,11.50591,1.855512,6.200934,46v,M080118_025_2
025,M080118,-12.375,-8.86555,25.97356,43.2475,5,0.6026766,0.9876616,0,16.81514,1.329012,12.65236,46v,M080118_025_5
025,M080118,-12.375,-8.86555,25.97356,43.2475,6,0.5315181,0.9967685,0.0005875441,22.48984,1.684866,13.34815,46v,M080118_025_6
026,M080118,-8.625,-19.319,23.74196,41.685,3,1.370914,0.9955934,0.006462985,12.39032,2.401635,5.15912,45,M080118_026_3
029,M080118,-14.03125,-15.706,22.02644,41.723,3,1.227963,0.9950058,0.02232667,7.883431,2.125196,3.709507,12o,M080118_029_3
043,M080118,-20,-9.154,19.439,40.5,3,1.228016,0.9917744,0.01380729,9.996988,1.649881,6.059217,13m,M080118_043_3
044,M080118,-20.5625,-7.94373,19.21403,40.5025,3,3.092936,0.980611,0.039953,6.890453,1.660481,4.149673,13m,M080118_044_3
045,M080118,-9.5625,-20.8814,22.26796,39.14,2,1.08649,0.9861927,0.07344301,7.276478,1.687989,4.310738,45,M080118_045_2
045,M080118,-9.5625,-20.8814,22.26796,39.14,3,0.05021904,0.9979592,0,11.10553,2.028143,5.47571,45,M080118_045_3
045,M080118,-9.5625,-20.8814,22.26796,39.14,5,14.22617,0.9962264,0.009106933,10.39936,1.538407,6.75982,45,M080118_045_5
045,M080118,-9.5625,-20.8814,22.26796,39.14,10,0.08238019,0.9549507,0,16.29431,2.632583,6.189476,45,M080118_045_10
051,M080118,-16.5,-11.6268,22.1828,39.325,3,1.525877,0.979436,0.01410106,11.03827,2.3684,4.660646,13m,M080118_051_3
051,M080118,-16.5,-11.6268,22.1828,39.325,4,2.857525,0.979436,0.0005875441,15.97088,1.863882,8.568611,13m,M080118_051_4
053,M080118,-20.15625,-9.27902,19.83382,39.145,2,1.823321,0.9770858,0.0252644,3.963619,1.354998,2.925184,13m,M080118_053_2
054,M080118,-21.25,-8.15578,18.91068,39.145,3,0.1489406,0.9952996,0.007050529,13.61343,2.239864,6.077792,13m,M080118_054_3
063,M080118,-22.9375,-9.71674,17.13358,37.789,3,2.425622,0.9641598,0.02262045,6.002073,1.955993,3.068556,13m,M080118_063_3
064,M080118,-23.21875,-8.47954,17.51898,37.609,3,3.818421,0.9955934,0.01410106,11.08529,1.663907,6.662208,13m,M080118_064_3
065,M080118,-12.90625,-6.6086,27.77356,37.604,3,5.58842,0.998007,0.002643948,8.250705,1.970372,4.187385,24c,M080118_065_3
068,M080118,-19.53125,-18.63815,15.52685,36.438,3,7.393161,0.9133372,0.00293772,9.239475,1.312447,7.039884,12o,M080118_068_3
077,M080118,-17.3125,-21.65568,15.1974,35.09,3,3.811902,0.9976906,0.003819037,8.390246,1.283114,6.538972,AI,M080118_077_3
083,M080118,-22.6875,-12.12872,17.14472,34.99,3,0.6691642,0.936839,0.001175088,8.080282,1.916544,4.216068,13l,M080118_083_3
090,M080118,-14.5,-20.94288,19.29128,33.937,2,4.764488,0.9908931,0.0008813161,8.635508,1.406263,6.140747,45,M080118_090_2
093,M080118,-21.71875,-16.1246,16.1404,33.673,3,1.1592,0.9894242,0.006462985,9.660825,2.221227,4.349318,AI,M080118_093_3
094,M080118,-22.0625,-14.31711,16.95118,33.5685,3,0.5753841,0.9894087,0.003819037,9.404383,1.28653,7.309881,AI,M080118_094_3
100,M080118,-18.25,-5.17514,23.25946,32.0695,3,3.90097,0.9952996,0.01057579,9.381116,1.289906,7.272715,cd,M080118_100_3
101,M080118,-11.625,-21.86084,21.27982,32.6365,3,1.079038,0.9629847,0.01380729,10.19453,1.589363,6.414221,45,M080118_101_3
101,M080118,-11.625,-21.86084,21.27982,32.6365,4,1.615693,0.9629847,0.003525264,8.223093,1.508994,5.449386,45,M080118_101_4
105,M080118,-29.5625,-13.26716,9.19212,26.07,2,28.95927,0.9947121,0.03349001,6.632346,1.023383,6.480804,AMG,M080118_105_2
109,M080118,-14.4375,-10.40855,25.97175,32.1905,3,15.74771,0.9788484,0.06374853,7.4653,1.307286,5.710534,8B,M080118_109_3
113,M080118,-10.1875,-3.87292,31.60991,30.8345,3,0.9540363,0.9976498,0.009694478,8.373973,1.812355,4.620493,24c,M080118_113_3
125,M080118,-15.375,-4.2515,26.96244,29.5305,2,1.224878,0.9882491,0.006169213,10.04413,2.199824,4.565879,24c,M080118_125_2
128,M080118,-16.28125,-14.0754,22.3634,25.536,3,2.113132,0.9820799,0.003231492,11.60915,1.897229,6.119002,6DC,M080118_128_3
128,M080118,-16.28125,-14.0754,22.3634,25.536,4,3.201327,0.972973,0.01968273,6.534185,2.037545,3.206891,6DC,M080118_128_4
130,M080118,-31.78125,-11.298,8.62439,23.2935,3,9.391919,0.9762045,0.008225617,8.388353,1.128703,7.431855,AMG,M080118_130_3
130,M080118,-31.78125,-11.298,8.62439,23.2935,4,3.918212,0.9762045,0.02497062,6.74016,1.384049,4.869886,AMG,M080118_130_4
134,M080118,-12.1875,-6.79045,29.84952,28.2125,3,1.875712,0.9873678,0.004994125,9.988303,2.115508,4.721468,24c,M080118_134_3
140,M080118,-27.375,-12.74223,12.38221,22.663,3,1.446819,0.9888366,0,10.9771,2.008364,5.465691,pu,M080118_140_3
144,M080118,-9.6875,-7.53614,31.95767,26.52085,3,17.10382,0.9938308,0.007050529,7.273635,1.099789,6.613666,6DC,M080118_144_3
146,M080118,-8.5625,-5.424,33.67352,26.487,1,0.1145782,0.9601648,0,15.19125,1.658231,9.161119,6DC,M080118_146_1
149,M080118,-26.4375,-14.18928,13.13696,21.615,3,0.509774,0.9920682,0.009106933,12.01235,1.579324,7.606003,pu,M080118_149_3
152,M080118,-9.1875,-10.64094,32.34484,23.66,3,9.220348,0.9994125,0.00293772,11.86991,1.095411,10.83603,6DC,M080118_152_3
156,M080118,-18.71875,-5.9008,23.5102,25.365,4,1.474191,1,0,9.819071,1.912848,5.13322,cd,M080118_156_4
004,M080218,-8.96875,-13.48804,24.49756,45.8125,3,4.63445,0.9759107,0.08490012,5.697137,1.689501,3.372082,11ml,M080218_004_3
008,M080218,-10.125,-9.06974,26.13154,45.85,3,9.687554,0.9676851,0.03290247,6.956901,1.949305,3.568913,46v,M080218_008_3
008,M080218,-10.125,-9.06974,26.13154,45.85,4,0.9186215,0.9841363,0.001762632,14.31446,1.784341,8.022264,46v,M080218_008_4
012,M080218,-10.09375,-14.95634,24.15044,44.365,3,2.228276,0.9938308,0.02408931,13.73053,1.660419,8.269311,12r,M080218_012_3
013,M080218,-11.03125,-13.89461,24.0305,44.3825,2,4.351439,0.9926557,0.0252644,13.07148,1.916133,6.821801,11ml,M080218_013_2
013,M080218,-11.03125,-13.89461,24.0305,44.3825,4,3.308292,0.9747356,0.01321974,7.523071,1.223537,6.148624,11ml,M080218_013_4
018,M080218,-8.1875,-17.86528,24.93356,43.046,3,3.438756,0.9841363,0.06521739,8.590609,1.345294,6.385674,12l,M080218_018_3
019,M080218,-9.53125,-16.69539,24.74626,43.0535,2,2.081827,0.9744418,0.1333725,9.270762,1.221616,7.588934,12m,M080218_019_2
025,M080218,-12.375,-8.86555,25.97356,43.2475,2,4.084817,0.9738543,0.0420094,6.927716,1.749282,3.96032,46v,M080218_025_2
025,M080218,-12.375,-8.86555,25.97356,43.2475,4,0.2505537,0.9970623,0.006756757,11.11765,1.914454,5.807217,46v,M080218_025_4
026,M080218,-8.625,-19.319,23.74196,41.685,3,2.227725,0.9776734,0.009694478,10.67367,1.490184,7.162652,45,M080218_026_3
029,M080218,-14.03125,-15.706,22.02644,41.723,1,3.073479,0.996181,0.02173913,11.23789,1.5608,7.200087,12o,M080218_029_1
045,M080218,-9.5625,-20.8814,22.26796,39.14,2,12.00207,0.9967685,0.006462985,10.08654,1.584983,6.363821,45,M080218_045_2
045,M080218,-9.5625,-20.8814,22.26796,39.14,3,3.866654,0.9743897,0.007344301,12.98107,2.228024,5.826269,45,M080218_045_3
045,M080218,-9.5625,-20.8814,22.26796,39.14,4,0.2132815,0.9981802,0.00293772,21.14842,4.103179,5.154155,45,M080218_045_4
045,M080218,-9.5625,-20.8814,22.26796,39.14,7,1.257623,0.9963603,0.02350176,8.434248,2.173846,3.879873,45,M080218_045_7
051,M080218,-16.5,-11.6268,22.1828,39.325,3,0.5484574,0.9171563,0.009106933,10.82043,2.039606,5.305158,13m,M080218_051_3
051,M080218,-16.5,-11.6268,22.1828,39.325,5,2.850823,0.9773796,0.003231492,15.89567,1.826546,8.702582,13m,M080218_051_5
064,M080218,-23.21875,-8.47954,17.51898,37.609,3,2.951793,0.9932432,0.006756757,12.34308,1.596296,7.732323,13m,M080218_064_3
065,M080218,-12.90625,-6.6086,27.77356,37.604,1,6.177177,0.979436,0.05611046,6.627705,1.240253,5.343834,24c,M080218_065_1
066,M080218,-14.78125,-21.32072,17.26068,36.443,2,7.612591,0.9976498,0.002643948,12.28195,1.511854,8.123768,45,M080218_066_2
066,M080218,-14.78125,-21.32072,17.26068,36.443,4,8.089605,0.9797297,0.0619859,5.959929,1.671068,3.566539,45,M080218_066_4
066,M080218,-14.78125,-21.32072,17.26068,36.443,5,15.3837,0.9797297,0.03025852,4.372206,0.9580213,4.563788,45,M080218_066_5
066,M080218,-14.78125,-21.32072,17.26068,36.443,6,5.620739,0.9797297,0.1216216,9.710144,1.19854,8.101645,45,M080218_066_6
066,M080218,-14.78125,-21.32072,17.26068,36.443,7,2.717295,0.979436,0.01145711,6.964406,1.093544,6.368655,45,M080218_066_7
067,M080218,-16.53125,-20.2293,17.0762,36.453,1,10.23864,0.9438896,0.02908343,7.280098,1.738838,4.186759,12o,M080218_067_1
068,M080218,-19.53125,-18.63815,15.52685,36.438,3,7.312241,0.9206815,0.05229142,6.912344,1.926181,3.588626,12o,M080218_068_3
072,M080218,-16.375,-12.12963,22.98715,36.2635,3,5.95372,0.9430082,0.01821387,7.635373,1.441237,5.297791,46v,M080218_072_3
075,M080218,-23.03125,-8.5368,17.80696,36.301,3,0.9818124,0.9941245,0.01380729,12.05007,2.07737,5.800639,13m,M080218_075_3
083,M080218,-22.6875,-12.12872,17.14472,34.99,3,0.1638608,0.9967685,0.007638073,11.76339,3.408936,3.450752,13l,M080218_083_3
085,M080218,-25.46875,-9.25882,15.24556,35.04,3,3.43875,0.9726792,0.04259694,7.209982,1.860794,3.874681,13m,M080218_085_3
090,M080218,-14.5,-20.94288,19.29128,33.937,3,3.08714,0.9967685,0.004994125,8.560068,1.570988,5.448844,45,M080218_090_3
093,M080218,-21.71875,-16.1246,16.1404,33.673,3,0.5746193,0.9997062,0.00293772,11.45636,1.498482,7.645316,AI,M080218_093_3
099,M080218,-21.1875,-6.40114,20.51142,31.9945,3,0.8633319,0.9958872,0.002056404,5.228015,1.677454,3.116637,cd,M080218_099_3
099,M080218,-21.1875,-6.40114,20.51142,31.9945,4,1.672283,0.9923619,0.02085781,8.171494,2.18677,3.736787,cd,M080218_099_4
100,M080218,-18.25,-5.17514,23.25946,32.0695,3,2.737686,0.9697415,0.1316099,6.652988,1.82056,3.654365,cd,M080218_100_3
100,M080218,-18.25,-5.17514,23.25946,32.0695,4,0.9205648,0.9820799,0.02761457,11.29332,2.056059,5.492702,cd,M080218_100_4
105,M080218,-29.5625,-13.26716,9.19212,26.07,1,26.09229,0.9809048,0.09900118,5.89809,1.135151,5.195863,AMG,M080218_105_1
109,M080218,-14.4375,-10.40855,25.97175,32.1905,2,16.04071,0.9908931,0.05875441,7.699306,1.332147,5.779621,8B,M080218_109_2
125,M080218,-15.625,-4.27,26.652,29.528,3,0.2760773,0.9750293,0.007344301,11.63429,2.247667,5.176166,24c,M080218_125_3
130,M080218,-31.78125,-11.298,8.62439,23.2935,2,8.155298,1,0.01116334,8.742797,1.346112,6.494851,AMG,M080218_130_2
134,M080218,-12.1875,-6.79045,29.84952,28.2125,2,1.501405,0.9941245,0.0273208,7.418766,2.074029,3.576983,24c,M080218_134_2
135,M080218,-11,-5.59148,31.02832,27.847,1,16.50722,0.9444771,0.08754407,6.346114,2.235922,2.838254,24c,M080218_135_1
135,M080218,-11,-5.59148,31.02832,27.847,3,0.3507289,0.979436,0.001175088,11.13801,1.573437,7.078778,24c,M080218_135_3
138,M080218,-27.5625,-15.04556,10.45943,22.803,3,1.674286,0.9903055,0.113396,8.584039,1.870329,4.589587,pu,M080218_138_3
144,M080218,-9.6875,-7.53614,31.95767,26.52085,3,16.37482,0.9791422,0.01762632,6.279085,1.083522,5.795067,6DC,M080218_144_3
146,M080218,-8.5625,-5.424,33.67352,26.487,1,12.13179,0.9779671,0.1833137,7.458296,1.745885,4.271928,6DC,M080218_146_1
152,M080218,-9.1875,-10.64094,32.34484,23.66,1,9.264995,0.9994125,0.00146886,12.83875,1.153127,11.13386,6DC,M080218_152_1
005,M080318,-9.90625,-11.99787,24.6204,45.7525,3,0.4405075,0.9982374,0.01733255,16.80169,2.028321,8.283549,11ml,M080318_005_3
007,M080318,-12.4375,-10.0214,23.424,45.76,3,5.855502,0.9656287,0.06257344,6.687457,1.470369,4.54815,11ml,M080318_007_3
008,M080318,-10.375,-9.07427,25.95717,45.8425,3,4.149549,0.976792,0.007050529,8.899502,1.785451,4.984457,46v,M080318_008_3
010,M080318,-8.15625,-16.96328,24.28692,44.495,3,7.211984,0.9559342,0.01821387,8.423987,1.476985,5.703503,12r,M080318_010_3
010,M080318,-8.15625,-16.96328,24.28692,44.495,5,0.8148739,0.9988249,0.001175088,17.88858,1.769522,10.10927,12r,M080318_010_5
011,M080318,-7.90625,-15.97562,25.48638,44.415,3,1.564873,0.9641598,0.1025264,5.608066,1.079507,5.195027,46v,M080318_011_3
013,M080318,-11.09375,-13.89461,24.0305,44.3825,3,3.731537,0.9944183,0.09518214,9.047151,1.294659,6.988054,11ml,M080318_013_3
016,M080318,-12.84375,-8.9856,24.4874,44.438,4,6.493482,0.9203878,0.0893067,7.919901,1.248599,6.343029,11ml,M080318_016_4
016,M080318,-12.84375,-8.9856,24.4874,44.438,5,18.90814,0.9838426,0.02379553,5.503292,0.9847934,5.58827,11ml,M080318_016_5
016,M080318,-12.84375,-8.9856,24.4874,44.438,6,2.556347,0.9764982,0.01116334,9.646024,1.547128,6.234793,11ml,M080318_016_6
018,M080318,-8.25,-17.86652,24.82029,43.0385,2,2.06622,0.9973561,0.004112808,16.93099,1.628296,10.39798,12m,M080318_018_2
018,M080318,-8.25,-17.86652,24.82029,43.0385,4,0.7535021,0.9941245,0.02408931,10.18893,1.615483,6.307048,12m,M080318_018_4
019,M080318,-9.59375,-16.69539,24.74626,43.0535,2,5.951972,0.9409518,0.1507051,5.27863,1.315624,4.012263,12m,M080318_019_2
025,M080318,-12.5,-8.8782,25.78924,43.245,2,1.836268,0.9744418,0.03672151,6.55979,1.327461,4.941607,46v,M080318_025_2
025,M080318,-12.5,-8.8782,25.78924,43.245,4,2.320227,0.9744418,0.01645123,9.685212,1.950128,4.966451,46v,M080318_025_4
025,M080318,-12.5,-8.8782,25.78924,43.245,6,0.2334402,0.976792,0.003819037,16.66917,1.703822,9.783397,46v,M080318_025_6
026,M080318,-8.625,-19.319,23.74196,41.685,3,2.743653,0.9747356,0.02085781,9.696117,1.34999,7.182364,45,M080318_026_3
029,M080318,-14.03125,-15.706,22.02644,41.723,3,1.487108,0.9967685,0.007931845,12.33133,1.354357,9.104932,12o,M080318_029_3
035,M080318,-10.5625,-20.27945,21.2974,40.343,2,5.376125,0.9189189,0.04289072,4.284949,2.15322,1.990019,12l,M080318_035_2
043,M080318,-20,-9.154,19.439,40.5,3,22.52327,0.9221504,0.1260282,5.298283,1.596389,3.318918,13m,M080318_043_3
045,M080318,-9.5625,-20.8814,22.26796,39.14,3,14.91896,0.9988249,0.007931845,10.59679,1.612589,6.571292,45,M080318_045_3
045,M080318,-9.5625,-20.8814,22.26796,39.14,5,0.504373,0.9838426,0.03202115,8.206213,1.238943,6.62356,45,M080318_045_5
045,M080318,-9.5625,-20.8814,22.26796,39.14,7,4.031253,0.9838426,0.0146886,13.5252,2.501954,5.405852,45,M080318_045_7
045,M080318,-9.5625,-20.8814,22.26796,39.14,8,0.2344947,0.9994125,0.000293772,21.52379,4.324671,4.976978,45,M080318_045_8
051,M080318,-16.5,-11.6268,22.1828,39.325,2,2.399311,0.9521152,0.03025852,8.06625,1.505623,5.357417,13m,M080318_051_2
051,M080318,-16.5,-11.6268,22.1828,39.325,4,0.9440166,0.9647474,0.004112808,14.13349,1.699994,8.313848,13m,M080318_051_4
051,M080318,-16.5,-11.6268,22.1828,39.325,5,4.389571,0.9521152,0.004112808,11.50394,1.66905,6.892509,13m,M080318_051_5
060,M080318,-20,-13.4258,18.2236,37.8635,3,1.955704,0.9597532,0.01733255,7.086161,1.160571,6.105757,13l,M080318_060_3
064,M080318,-23.21875,-8.47954,17.51898,37.609,3,3.123906,0.9914806,0.008519389,11.37469,1.4351,7.92606,13m,M080318_064_3
065,M080318,-12.90625,-6.6086,27.77356,37.604,1,5.955544,0.9973561,0.002643948,10.10428,1.317255,7.67071,24c,M080318_065_1
065,M080318,-12.90625,-6.6086,27.77356,37.604,3,3.579182,0.9621034,0.02262045,4.063318,1.560229,2.604309,24c,M080318_065_3
066,M080318,-14.78125,-21.32072,17.26068,36.443,2,3.684675,0.9685664,0.007638073,6.460759,1.042354,6.198241,45,M080318_066_2
066,M080318,-14.78125,-21.32072,17.26068,36.443,3,4.776737,0.9985312,0.00146886,13.39665,1.668182,8.030687,45,M080318_066_3
066,M080318,-14.78125,-21.32072,17.26068,36.443,5,9.973517,0.9685664,0.03760282,6.784978,1.869839,3.628644,45,M080318_066_5
066,M080318,-14.78125,-21.32072,17.26068,36.443,6,2.24348,0.9788484,0.03437133,11.81006,1.096439,10.77129,45,M080318_066_6
067,M080318,-16.53125,-20.2293,17.0762,36.453,3,9.598735,0.9632785,0.03143361,4.938514,1.150237,4.293474,12o,M080318_067_3
067,M080318,-16.53125,-20.2293,17.0762,36.453,4,8.778692,0.9653349,0.07902468,5.996026,1.565561,3.829953,12o,M080318_067_4
068,M080318,-19.53125,-18.63815,15.52685,36.438,3,6.676129,0.9312574,0.01351351,7.389868,1.412228,5.232771,12o,M080318_068_3
075,M080318,-23.03125,-8.5368,17.80696,36.301,3,1.133518,0.9988249,0.01204465,12.65115,1.495692,8.458393,13m,M080318_075_3
078,M080318,-13.5,-20.2246,20.38604,35.2,3,1.238124,0.989718,0.03613396,6.966091,2.161795,3.222364,44,M080318_078_3
079,M080318,-21,-18.78182,14.50662,35.215,1,1.302843,0.9917744,0.009694478,11.4033,1.356385,8.407125,AI,M080318_079_1
080,M080318,-18.3125,-17.12933,18.36633,35.2725,2,14.63587,0.9077556,0.1045828,4.011708,0.9830531,4.080866,AI,M080318_080_2
080,M080318,-18.3125,-17.12933,18.36633,35.2725,4,3.818501,0.9623972,0.140423,5.938565,1.618734,3.668649,AI,M080318_080_4
093,M080318,-21.71875,-16.1246,16.1404,33.673,3,0.7136114,0.9941245,0.01086957,10.03994,2.055148,4.885267,AI,M080318_093_3
096,M080318,-25.21875,-11.2475,15.07984,33.701,3,0.5753968,1,0.0005875441,14.85614,1.419156,10.46829,AI,M080318_096_3
097,M080318,-14.6875,-9.3161,25.93822,33.4685,2,7.144049,0.9233255,0.02232667,4.84022,1.118169,4.328701,8B,M080318_097_2
097,M080318,-14.6875,-9.3161,25.93822,33.4685,3,6.084915,0.9494712,0.003525264,10.51116,1.350117,7.785372,8B,M080318_097_3
097,M080318,-14.6875,-9.3161,25.93822,33.4685,5,12.50673,0.9494712,0.02320799,10.12656,1.398205,7.242541,8B,M080318_097_5
099,M080318,-21.1875,-6.40114,20.51142,31.9945,3,1.841745,0.9908931,0.04670975,7.175401,1.883407,3.809799,cd,M080318_099_3
100,M080318,-18.25,-5.17514,23.25946,32.0695,3,2.837945,0.9503525,0.1521739,6.195226,1.667508,3.715261,cd,M080318_100_3
100,M080318,-18.25,-5.17514,23.25946,32.0695,4,0.8533188,0.974148,0.02408931,10.45455,1.247972,8.377233,cd,M080318_100_4
101,M080318,-11.75,-21.8724,20.9852,32.634,3,0.2742478,1,0,18.84619,1.630923,11.55554,45,M080318_101_3
109,M080318,-14.4375,-10.40855,25.97175,32.1905,3,16.39375,0.9920682,0.06580494,7.890552,1.324587,5.956989,8B,M080318_109_3
113,M080318,-10.3125,-3.87292,31.60991,30.8345,3,1.36876,0.9903055,0.01821387,6.493357,1.81021,3.587073,24c,M080318_113_3
119,M080318,-30.6875,-11.15125,9.487,24.6495,2,4.230518,0.9559342,0.02673326,4.070444,1.565348,2.600343,AMG,M080318_119_2
123,M080318,-20.8125,-6.4493,21.1164,29.407,3,0.3505326,0.9988249,0.003819037,13.02913,1.654776,7.873649,cd,M080318_123_3
134,M080318,-12.4375,-6.801,29.5402,28.21,2,0.4438781,0.9788484,0.008519389,9.786643,1.425661,6.864637,24c,M080318_134_2
134,M080318,-12.4375,-6.801,29.5402,28.21,4,0.08872344,0.9906191,0.001250782,14.63964,2.403073,6.092048,24c,M080318_134_4
134,M080318,-12.4375,-6.801,29.5402,28.21,6,1.006066,1,0,27.88408,2.82318,9.876835,24c,M080318_134_6
134,M080318,-12.4375,-6.801,29.5402,28.21,7,0.4266028,0.9994125,0.005875441,5.676406,1.337218,4.244937,24c,M080318_134_7
135,M080318,-11,-5.59148,31.02832,27.847,5,4.608794,0.970329,0.0326087,9.767868,1.853377,5.270308,24c,M080318_135_5
135,M080318,-11,-5.59148,31.02832,27.847,6,0.7762495,0.9973561,0.0005875441,15.27466,2.102062,7.266512,24c,M080318_135_6
138,M080318,-27.59375,-15.04556,10.45943,22.803,3,0.505429,0.9985312,0.02320799,11.53641,2.111946,5.462454,pu,M080318_138_3
144,M080318,-9.6875,-7.53614,31.95767,26.52085,3,11.11492,0.9644536,0.01175088,5.215014,0.9994756,5.21775,6DC,M080318_144_3
146,M080318,-8.5625,-5.424,33.67352,26.487,3,8.2179,0.9847239,0.1272033,7.432571,1.62737,4.567227,6DC,M080318_146_3
146,M080318,-8.5625,-5.424,33.67352,26.487,4,3.370326,0.9847239,0.0126322,5.372675,1.909965,2.81297,6DC,M080318_146_4
147,M080318,-9.46875,-4.3645,33.06829,26.4945,3,1.56185,0.9920682,0.006756757,7.662243,1.841132,4.161703,6DC,M080318_147_3
152,M080318,-9.1875,-10.64094,32.34484,23.66,2,12.65766,0.9988249,0.009988249,11.91031,1.088673,10.94021,6DC,M080318_152_2
157,M080318,-14.3125,-4.65356,28.07154,25.16,3,0.7710078,0.9353701,0.06580494,8.765755,1.399973,6.261374,24c,M080318_157_3
004,M080618,-8.96875,-13.48804,24.49756,45.8125,2,4.904144,0.9988249,0.01410106,8.326927,1.543333,5.39542,11ml,M080618_004_2
005,M080618,-9.90625,-11.99787,24.6204,45.7525,3,0.4647577,0.9976498,0.01057579,12.86034,1.632792,7.876285,11ml,M080618_005_3
007,M080618,-12.4375,-10.0214,23.424,45.76,3,9.075405,0.9776734,0.04171563,6.174213,1.780084,3.468495,11ml,M080618_007_3
010,M080618,-8.15625,-16.96328,24.28692,44.495,2,5.147668,0.9623972,0.04612221,11.00906,1.831964,6.009428,12r,M080618_010_2
013,M080618,-11.09375,-13.89461,24.0305,44.3825,2,11.95865,0.9453584,0.004112808,8.804096,1.208774,7.283494,11ml,M080618_013_2
014,M080618,-13.46875,-11.05424,22.86352,44.375,4,3.581651,0.9929495,0.007931845,6.99738,2.307673,3.032224,11ml,M080618_014_4
016,M080618,-12.84375,-8.9856,24.4874,44.438,1,8.803462,0.9245006,0.0660987,5.417071,1.495122,3.623163,11ml,M080618_016_1
018,M080618,-8.25,-17.86652,24.82029,43.0385,1,9.380142,0.9811986,0.1154524,7.070684,1.802908,3.921821,12m,M080618_018_1
029,M080618,-14.03125,-15.706,22.02644,41.723,3,1.860622,0.9952996,0.01586369,8.746582,2.768262,3.159593,12o,M080618_029_3
043,M080618,-20,-9.154,19.439,40.5,2,17.35591,0.9412456,0.09841363,5.680031,1.645267,3.452347,13m,M080618_043_2
045,M080618,-9.5625,-20.8814,22.26796,39.14,4,12.30603,0.9888366,0.01321974,8.087173,1.696717,4.766365,45,M080618_045_4
045,M080618,-9.5625,-20.8814,22.26796,39.14,5,4.5032,0.9712104,0.02027027,10.56038,2.245049,4.703853,45,M080618_045_5
048,M080618,-17.25,-16.32276,19.16336,39.02,3,1.783674,0.9759107,0.03378378,8.067853,2.185584,3.691395,13l,M080618_048_3
050,M080618,-16.4375,-12.9592,21.5802,39.3,3,11.98061,0.949765,0.0893067,5.016347,1.495299,3.354746,13l,M080618_050_3
051,M080618,-16.5,-11.6268,22.1828,39.325,2,3.20418,0.9973561,0.0005875441,17.08569,1.802042,9.481296,13m,M080618_051_2
054,M080618,-21.25,-8.15578,18.91068,39.145,3,0.3253446,0.9976498,0.007638073,10.95777,1.855489,5.905598,13m,M080618_054_3
060,M080618,-20,-13.4258,18.2236,37.8635,3,3.509569,0.980611,0.04142186,8.034381,1.555154,5.166293,13l,M080618_060_3
064,M080618,-23.21875,-8.47954,17.51898,37.609,4,4.429077,0.9950058,0.002643948,11.65133,1.438571,8.099236,13m,M080618_064_4
066,M080618,-14.78125,-21.32072,17.26068,36.443,2,4.7202,0.9994125,0.002643948,12.56558,1.56943,8.006461,45,M080618_066_2
066,M080618,-14.78125,-21.32072,17.26068,36.443,3,5.538131,0.9297885,0.03701528,5.633578,1.487589,3.787052,45,M080618_066_3
066,M080618,-14.78125,-21.32072,17.26068,36.443,4,9.058668,0.987074,0.0252644,8.526202,2.021605,4.21754,45,M080618_066_4
068,M080618,-19.53125,-18.63815,15.52685,36.438,2,5.525839,0.9594595,0.008813161,8.710406,1.32827,6.557707,12o,M080618_068_2
077,M080618,-17.3125,-21.65568,15.1974,35.09,3,2.383394,0.9835488,0.02702703,7.642543,1.354818,5.641011,AI,M080618_077_3
083,M080618,-22.75,-12.12872,17.14472,34.99,2,10.45046,0.9717979,0.1307286,5.829431,1.043541,5.586202,13l,M080618_083_2
083,M080618,-22.75,-12.12872,17.14472,34.99,4,0.5427448,0.987074,0.039953,8.121642,1.576066,5.153111,13l,M080618_083_4
083,M080618,-22.75,-12.12872,17.14472,34.99,6,0.5223618,1,0,24.47186,2.141299,11.42851,13l,M080618_083_6
090,M080618,-14.875,-20.97134,18.77504,33.932,3,0.6361321,0.9979436,0.009106933,10.57344,1.778777,5.944221,6VaVb,M080618_090_3
093,M080618,-21.71875,-16.1246,16.1404,33.673,3,1.488925,0.9903055,0.01703878,7.465306,2.1698,3.44055,AI,M080618_093_3
094,M080618,-22.25,-14.31711,16.95118,33.5685,2,0.38885,0.9873678,0.02878966,8.786227,2.024213,4.340564,AI,M080618_094_2
094,M080618,-22.25,-14.31711,16.95118,33.5685,4,0.3928044,0.9991187,0.003231492,15.27465,2.275724,6.711997,AI,M080618_094_4
096,M080618,-25.21875,-11.2475,15.07984,33.701,4,0.5432932,0.9941245,0.009694478,9.115893,1.201869,7.584764,AI,M080618_096_4
097,M080618,-14.6875,-9.3161,25.93822,33.4685,1,11.25208,0.9762045,0.04171563,10.3684,1.455991,7.121196,8B,M080618_097_1
097,M080618,-14.6875,-9.3161,25.93822,33.4685,2,24.25386,0.9124559,0.05904818,5.406425,0.9579605,5.643683,8B,M080618_097_2
097,M080618,-14.6875,-9.3161,25.93822,33.4685,4,9.282965,0.9803173,0.005581669,7.282895,1.24267,5.860684,8B,M080618_097_4
099,M080618,-21.1875,-6.40114,20.51142,31.9945,4,0.5973755,0.9988249,0.00146886,24.69117,2.330642,10.59415,cd,M080618_099_4
100,M080618,-18.25,-5.17514,23.25946,32.0695,3,0.8741567,0.9955934,0.03525265,10.31289,1.463683,7.045848,cd,M080618_100_3
101,M080618,-11.75,-21.8724,20.9852,32.634,3,1.105003,0.9973561,0.01586369,11.28995,1.74788,6.459226,45,M080618_101_3
109,M080618,-14.4375,-10.40855,25.97175,32.1905,2,14.74546,0.9800235,0.07373678,7.678877,1.269384,6.049294,8B,M080618_109_2
123,M080618,-20.8125,-6.4493,21.1164,29.407,3,0.3594385,1,0.002643948,15.36389,1.626084,9.448403,cd,M080618_123_3
128,M080618,-17.03125,-14.04662,21.56182,25.421,2,1.359625,0.989718,0.01292597,9.391068,1.99488,4.707587,6DC,M080618_128_2
134,M080618,-12.4375,-6.801,29.5402,28.21,3,0.146963,0.974148,0.00293772,6.923014,2.159336,3.206085,24c,M080618_134_3
134,M080618,-12.4375,-6.801,29.5402,28.21,5,3.204572,1,0,18.06901,2.066404,8.744181,24c,M080618_134_5
135,M080618,-11,-5.59148,31.02832,27.847,2,23.3471,0.9759107,0.02173913,6.444838,0.9922375,6.495257,24c,M080618_135_2
135,M080618,-11,-5.59148,31.02832,27.847,3,12.74339,0.9638661,0.04054054,6.015259,1.323565,4.544738,24c,M080618_135_3
135,M080618,-11,-5.59148,31.02832,27.847,6,2.988655,0.9856052,0.1119271,9.690869,1.426623,6.792873,24c,M080618_135_6
135,M080618,-11,-5.59148,31.02832,27.847,7,1.020577,0.9944183,0.001175088,14.35931,2.049258,7.007078,24c,M080618_135_7
144,M080618,-9.6875,-7.53614,31.95767,26.52085,1,15.47807,0.9547591,0.009988249,5.372557,1.065156,5.043915,6DC,M080618_144_1
146,M080618,-8.6875,-5.424,33.67352,26.487,3,1.63803,0.9568155,0.001762632,11.74491,3.974468,2.95509,6DC,M080618_146_3
152,M080618,-9.1875,-10.64094,32.34484,23.66,3,8.877573,0.996181,0.03025852,11.40073,1.21765,9.362895,6DC,M080618_152_3
004,M080718,-8.96875,-13.48804,24.49756,45.8125,3,4.763125,0.9764982,0.06169213,6.665687,1.50849,4.418781,11ml,M080718_004_3
005,M080718,-9.90625,-11.99787,24.6204,45.7525,2,0.5859864,0.9994125,0.001175088,14.21079,1.926849,7.375145,11ml,M080718_005_2
008,M080718,-10.5,-9.0788,25.7828,45.835,3,2.734735,0.9753231,0.0440658,7.457305,1.853344,4.023704,46v,M080718_008_3
010,M080718,-8.15625,-16.96328,24.28692,44.495,3,9.363977,0.9803173,0.09723854,8.334021,1.711089,4.870595,12r,M080718_010_3
011,M080718,-7.96875,-15.97562,25.48638,44.415,3,2.425005,0.9964747,0.01527615,9.469831,2.182198,4.339583,46v,M080718_011_3
013,M080718,-11.09375,-13.89461,24.0305,44.3825,2,22.69255,0.9738543,0.02408931,6.107231,1.135919,5.376468,11ml,M080718_013_2
016,M080718,-12.90625,-8.9856,24.4874,44.438,2,7.329838,0.9462397,0.08519389,6.101454,1.383539,4.410034,11ml,M080718_016_2
025,M080718,-12.625,-8.8782,25.78924,43.245,3,0.4840228,0.9952996,0.01292597,8.885748,3.078882,2.88603,46v,M080718_025_3
026,M080718,-8.75,-19.319,23.60835,41.6775,3,0.3601087,0.9973561,0.01498237,14.87187,1.635393,9.093758,12l,M080718_026_3
029,M080718,-14.03125,-15.706,22.02644,41.723,3,1.874342,0.9994125,0.003525264,11.09266,1.402313,7.910259,12o,M080718_029_3
032,M080718,-14.46875,-11.41147,23.45186,41.898,2,3.144139,0.9838426,0.03730905,8.695955,1.514462,5.741945,11ml,M080718_032_2
032,M080718,-14.46875,-11.41147,23.45186,41.898,3,1.680818,0.9838426,0.002643948,10.299,1.442285,7.140756,11ml,M080718_032_3
035,M080718,-10.8125,-20.28444,21.10428,40.333,3,2.050538,0.9826674,0.007344301,9.622362,1.702925,5.65049,12l,M080718_035_3
037,M080718,-14.53125,-17.56784,20.70792,40.383,2,4.137503,0.947121,0.0199765,5.746339,1.501219,3.827782,12o,M080718_037_2
043,M080718,-20,-9.154,19.439,40.5,3,20.20838,0.9224442,0.08225617,5.582688,1.571352,3.552793,13m,M080718_043_3
044,M080718,-20.75,-7.9596,18.9556,40.5,3,1.01464,0.9964747,0.02585194,10.46359,1.968655,5.315097,13m,M080718_044_3
045,M080718,-9.5625,-20.8814,22.26796,39.14,1,13.1167,0.989718,0.009106933,8.462655,1.520725,5.564881,45,M080718_045_1
045,M080718,-9.5625,-20.8814,22.26796,39.14,2,5.608698,0.989718,0.01968273,12.78532,2.240457,5.70657,45,M080718_045_2
051,M080718,-16.5,-11.6268,22.1828,39.325,3,3.309778,0.9762045,0.01145711,10.77154,1.571858,6.852744,13m,M080718_051_3
051,M080718,-16.5,-11.6268,22.1828,39.325,4,0.5833247,0.9947121,0.007638073,16.5841,1.69979,9.756559,13m,M080718_051_4
054,M080718,-21.25,-8.15578,18.91068,39.145,2,0.1667468,0.9958872,0.01615746,12.08406,2.047028,5.90322,13m,M080718_054_2
060,M080718,-20,-13.4258,18.2236,37.8635,3,3.412904,0.9850176,0.04024677,7.355115,1.518094,4.844966,13l,M080718_060_3
064,M080718,-23.21875,-8.47954,17.51898,37.609,2,2.821085,0.9979436,0.006169213,11.63171,1.488588,7.813922,13m,M080718_064_2
066,M080718,-14.78125,-21.32072,17.26068,36.443,1,6.033616,0.9485899,0.001175088,5.074381,1.130167,4.489937,45,M080718_066_1
066,M080718,-14.78125,-21.32072,17.26068,36.443,3,8.261141,0.9259694,0.0525852,7.594533,1.408619,5.391474,45,M080718_066_3
066,M080718,-14.78125,-21.32072,17.26068,36.443,6,4.042687,0.9994125,0,14.56392,1.823717,7.985845,45,M080718_066_6
068,M080718,-19.53125,-18.63815,15.52685,36.438,1,5.734829,0.9415393,0.002643948,7.84806,1.307653,6.001639,12o,M080718_068_1
074,M080718,-22.65625,-9.86197,17.78926,36.3135,3,3.228307,0.9788484,0.01204465,5.536974,1.212437,4.566814,13m,M080718_074_3
077,M080718,-17.375,-21.66416,14.9368,35.085,2,6.331196,0.9591657,0.04435958,6.387129,1.866173,3.422581,AI,M080718_077_2
078,M080718,-13.875,-20.2385,20.07695,35.195,2,4.963221,0.9926557,0.05611046,10.74223,1.807076,5.944537,44,M080718_078_2
083,M080718,-22.75,-12.12872,17.14472,34.99,3,9.032009,0.9876616,0.06698003,6.915236,1.177915,5.870744,13l,M080718_083_3
083,M080718,-22.75,-12.12872,17.14472,34.99,4,0.5097018,1,0,16.35789,2.079502,7.866254,13l,M080718_083_4
093,M080718,-21.71875,-16.1246,16.1404,33.673,2,1.496947,0.9864865,0.01703878,7.248541,1.824751,3.972345,AI,M080718_093_2
094,M080718,-22.25,-14.31711,16.95118,33.5685,3,0.8899957,0.9776734,0.0220329,8.993965,1.313076,6.849537,AI,M080718_094_3
094,M080718,-22.25,-14.31711,16.95118,33.5685,4,0.3463624,0.9776734,0,12.67347,1.956961,6.476097,AI,M080718_094_4
097,M080718,-14.6875,-9.3161,25.93822,33.4685,1,13.82156,0.949765,0.03231492,9.368548,1.529953,6.12342,8B,M080718_097_1
097,M080718,-14.6875,-9.3161,25.93822,33.4685,5,8.588415,0.9994125,0.007638073,3.945705,1.320057,2.989041,8B,M080718_097_5
097,M080718,-14.6875,-9.3161,25.93822,33.4685,6,8.158788,0.9706228,0.01116334,5.739689,1.270777,4.516675,8B,M080718_097_6
099,M080718,-21.1875,-6.40114,20.51142,31.9945,3,0.7153632,0.9950058,0.001762632,14.46006,1.832257,7.891941,cd,M080718_099_3
099,M080718,-21.1875,-6.40114,20.51142,31.9945,4,1.243477,0.9950058,0.004112808,22.18724,1.920862,11.55067,cd,M080718_099_4
100,M080718,-18.25,-5.17514,23.25946,32.0695,3,0.7891079,0.9964747,0.08078731,10.22384,1.360311,7.51581,cd,M080718_100_3
101,M080718,-11.75,-21.8724,20.9852,32.634,2,3.581458,0.993537,0.02761457,8.440837,1.594691,5.293086,45,M080718_101_2
109,M080718,-14.4375,-10.40855,25.97175,32.1905,3,12.97415,0.9888366,0.0619859,8.801275,1.248981,7.046767,8B,M080718_109_3
123,M080718,-20.8125,-6.4493,21.1164,29.407,2,0.2768223,1,0,12.40156,1.7038,7.278765,cd,M080718_123_2
134,M080718,-12.8125,-6.81155,29.23088,28.2075,2,1.380088,0.9926557,0.002350176,9.218968,2.181816,4.225364,24c,M080718_134_2
135,M080718,-11,-5.59148,31.02832,27.847,3,1.066689,0.9791422,0.01028202,10.82685,1.308167,8.276352,24c,M080718_135_3
135,M080718,-11,-5.59148,31.02832,27.847,4,0.5869198,0.9952996,0,15.52673,2.184453,7.107834,24c,M080718_135_4
135,M080718,-11,-5.59148,31.02832,27.847,5,3.68822,0.9791422,0.02085781,10.13415,1.586617,6.387272,24c,M080718_135_5
138,M080718,-27.71875,-15.04556,10.45943,22.803,3,0.4857674,0.9941245,0.005287896,10.47779,2.202034,4.758233,pu,M080718_138_3
140,M080718,-27.5,-12.74223,12.38221,22.663,3,14.06834,0.9312574,0.1486486,5.475128,1.415122,3.869014,pu,M080718_140_3
144,M080718,-9.9375,-7.54108,31.64424,26.5242,3,16.07439,0.9685664,0.004700352,10.48406,1.792156,5.849968,6DC,M080718_144_3
144,M080718,-9.9375,-7.54108,31.64424,26.5242,5,2.955492,0.976792,0.02790834,7.268299,1.605676,4.526629,6DC,M080718_144_5
146,M080718,-8.6875,-5.424,33.67352,26.487,4,2.823431,0.9903055,0.06286722,9.902614,1.887772,5.245662,6DC,M080718_146_4
146,M080718,-8.6875,-5.424,33.67352,26.487,5,1.04569,0.9903055,0.002350176,11.05834,3.290313,3.360876,6DC,M080718_146_5
147,M080718,-9.53125,-4.3645,33.06829,26.4945,3,18.97489,0.9697415,0.1745006,6.442183,1.036061,6.217955,6DC,M080718_147_3
147,M080718,-9.53125,-4.3645,33.06829,26.4945,5,0.03782037,0.9541855,0.01096282,14.27793,1.345666,10.61031,6DC,M080718_147_5
152,M080718,-9.1875,-10.64094,32.34484,23.66,2,8.749391,0.9994125,0.01086957,12.96808,1.175587,11.03115,6DC,M080718_152_2
003,M080818,-7.71875,-14.54393,24.87476,45.8125,3,1.018425,0.9494712,0.04641598,8.551965,2.027156,4.2187,12r,M080818_003_3
004,M080818,-8.96875,-13.48804,24.49756,45.8125,3,3.954811,0.9838426,0.05581669,5.810895,1.516596,3.831538,11ml,M080818_004_3
005,M080818,-9.90625,-11.99787,24.6204,45.7525,3,0.738101,0.9988249,0.003231492,13.85673,1.815727,7.631505,11ml,M080818_005_3
007,M080818,-12.5625,-10.02292,23.2466,45.7525,2,4.181851,0.9982374,0.01233843,10.77596,1.630394,6.609425,11ml,M080818_007_2
011,M080818,-8.09375,-15.97663,25.35837,44.405,3,1.75395,1,0.007050529,22.76935,2.03604,11.18316,46v,M080818_011_3
013,M080818,-11.15625,-13.89864,23.904,44.375,4,5.182728,1,0.0005875441,15.09114,1.504396,10.03136,11ml,M080818_013_4
016,M080818,-13.03125,-8.99026,24.27379,44.4305,3,0.1564818,1,0,18.53562,1.797099,10.31419,11ml,M080818_016_3
018,M080818,-8.25,-17.86652,24.82029,43.0385,3,0.9054398,0.9955934,0.008225617,13.09273,1.753029,7.468632,12m,M080818_018_3
019,M080818,-9.71875,-16.69848,24.61132,43.046,3,0.2829595,0.9964747,0.005287896,14.00586,1.815767,7.713469,12m,M080818_019_3
029,M080818,-14.03125,-15.706,22.02644,41.723,3,1.273505,0.9950058,0.02467685,8.557453,1.711608,4.999659,12o,M080818_029_3
035,M080818,-10.8125,-20.28444,21.10428,40.333,5,3.005673,0.9829612,0.01175088,8.7267,1.192129,7.320268,12l,M080818_035_5
037,M080818,-14.59375,-17.56784,20.70792,40.383,3,2.59651,0.9823737,0.0199765,9.242049,1.554073,5.946987,12o,M080818_037_3
044,M080818,-20.75,-7.9596,18.9556,40.5,3,0.6879594,0.9994125,0.00293772,13.3373,2.130514,6.260132,13m,M080818_044_3
045,M080818,-9.5625,-20.8814,22.26796,39.14,2,6.052069,0.9811986,0.01233843,9.733172,1.631604,5.965402,45,M080818_045_2
045,M080818,-9.5625,-20.8814,22.26796,39.14,3,11.06896,0.9811986,0.01116334,6.332479,1.389242,4.558226,45,M080818_045_3
048,M080818,-17.3125,-16.32276,19.16336,39.02,3,2.293434,0.9894242,0.02614571,8.177476,1.936304,4.223239,13l,M080818_048_3
054,M080818,-21.25,-8.15578,18.91068,39.145,3,0.2888891,0.9967685,0.005875441,13.10888,2.297962,5.704567,13m,M080818_054_3
060,M080818,-20,-13.4258,18.2236,37.8635,3,4.071106,0.9773796,0.03584019,7.002221,1.530378,4.575486,13l,M080818_060_3
061,M080818,-20.78125,-12.13055,18.16854,37.8585,3,1.41747,0.9970623,0,14.41298,2.810318,5.128596,13l,M080818_061_3
064,M080818,-23.21875,-8.47954,17.51898,37.609,3,2.760686,0.9973561,0.005287896,11.23244,1.555419,7.221488,13m,M080818_064_3
066,M080818,-14.90625,-21.3292,17.0308,36.438,2,7.651953,0.9679788,0.02761457,6.181676,1.571933,3.932531,45,M080818_066_2
067,M080818,-16.84375,-20.24095,16.8103,36.448,3,0.7851279,0.9960513,0.02027027,10.27387,1.229966,8.352972,12o,M080818_067_3
068,M080818,-19.53125,-18.63815,15.52685,36.438,2,5.202609,0.9606345,0.007050529,7.640251,1.295161,5.899075,12o,M080818_068_2
075,M080818,-23.15625,-8.55375,17.53365,36.306,7,2.758908,0.9576969,0.01175088,7.429631,1.970846,3.769768,13m,M080818_075_7
078,M080818,-14,-20.2385,20.07695,35.195,3,7.928498,0.9735605,0.03025852,7.935597,1.857604,4.271954,44,M080818_078_3
080,M080818,-18.5,-17.1422,18.0562,35.27,4,0.3573579,0.9966997,0,20.48,3.116941,6.570545,AI,M080818_080_4
083,M080818,-22.75,-12.12872,17.14472,34.99,3,9.335891,0.9618096,0.1368978,5.67939,1.147825,4.947958,13l,M080818_083_3
083,M080818,-22.75,-12.12872,17.14472,34.99,4,0.4549024,1,0,15.24524,2.1366,7.135282,13l,M080818_083_4
085,M080818,-25.59375,-9.25882,15.24556,35.04,3,1.14354,0.9873678,0.01439483,10.11131,2.058397,4.912225,13m,M080818_085_3
090,M080818,-15.125,-20.98557,18.51692,33.9295,3,0.2551666,0.9950058,0.01351351,11.21169,2.599284,4.313379,6VaVb,M080818_090_3
094,M080818,-22.25,-14.31711,16.95118,33.5685,3,0.8446851,0.9994125,0.007050529,11.40773,1.766198,6.458919,AI,M080818_094_3
096,M080818,-25.28125,-11.2475,15.07984,33.701,3,1.943995,0.9324324,0.03613396,7.406251,2.008108,3.688174,AI,M080818_096_3
097,M080818,-14.6875,-9.3161,25.93822,33.4685,1,0.4814295,0.940658,0.008225617,7.230222,2.617485,2.762278,8B,M080818_097_1
097,M080818,-14.6875,-9.3161,25.93822,33.4685,5,9.908993,0.9565217,0.04700353,5.259681,1.528675,3.440679,8B,M080818_097_5
097,M080818,-14.6875,-9.3161,25.93822,33.4685,6,8.026295,0.9706228,0.008813161,5.396943,1.146975,4.705372,8B,M080818_097_6
099,M080818,-21.1875,-6.40114,20.51142,31.9945,3,1.335001,0.9976498,0.01527615,16.76157,1.858031,9.021144,cd,M080818_099_3
099,M080818,-21.1875,-6.40114,20.51142,31.9945,4,0.8030187,0.9867803,0.03554641,8.11425,2.026641,4.003792,cd,M080818_099_4
100,M080818,-18.25,-5.17514,23.25946,32.0695,3,0.7430277,0.9941245,0.0619859,8.82803,1.446684,6.102252,cd,M080818_100_3
109,M080818,-14.4375,-10.40855,25.97175,32.1905,3,13.36286,0.9941245,0.07990599,9.650548,1.199995,8.04216,8B,M080818_109_3
113,M080818,-10.6875,-3.89216,31.29718,30.832,3,0.6845107,0.9914806,0.02702703,7.76212,2.142985,3.622107,24c,M080818_113_3
113,M080818,-10.6875,-3.89216,31.29718,30.832,4,4.674158,0.9726792,0.2317861,6.535888,1.259805,5.188014,24c,M080818_113_4
113,M080818,-10.6875,-3.89216,31.29718,30.832,5,0.153043,0.9432421,0.04876616,13.92573,1.838128,7.576037,24c,M080818_113_5
123,M080818,-20.8125,-6.4493,21.1164,29.407,3,0.6009628,0.9988249,0.005875441,10.96186,1.631853,6.71743,cd,M080818_123_3
124,M080818,-24.28125,-5.72386,17.83424,29.458,3,1.137654,0.9920682,0.0420094,7.572951,2.003304,3.780231,cd,M080818_124_3
134,M080818,-13.0625,-6.8221,28.92156,28.205,3,2.391475,0.9950058,0.0005875441,7.035681,1.750857,4.018423,24c,M080818_134_3
135,M080818,-11.25,-5.59148,31.02832,27.847,1,2.638329,0.9509401,0.05111633,6.798727,1.218346,5.580293,24c,M080818_135_1
135,M080818,-11.25,-5.59148,31.02832,27.847,5,11.33139,1,0.000293772,13.86216,1.563001,8.868939,24c,M080818_135_5
135,M080818,-11.25,-5.59148,31.02832,27.847,6,2.001162,0.9509401,0.02908343,8.917241,1.144483,7.791499,24c,M080818_135_6
135,M080818,-11.25,-5.59148,31.02832,27.847,7,0.5361696,0.9606345,0.004112808,7.760167,1.307356,5.935772,24c,M080818_135_7
138,M080818,-27.78125,-15.04556,10.45943,22.803,3,0.1047221,0.9535532,0.0006321113,15.18375,2.953492,5.140946,pu,M080818_138_3
140,M080818,-27.5625,-12.74223,12.38221,22.663,3,13.17045,0.9571093,0.08519389,5.26883,1.045358,5.040218,pu,M080818_140_3
140,M080818,-27.5625,-12.74223,12.38221,22.663,4,3.819362,0.9694477,0.1104583,7.021493,1.788132,3.92672,pu,M080818_140_4
144,M080818,-9.9375,-7.54108,31.64424,26.5242,1,24.91441,0.9803173,0.2103408,5.053347,1.049894,4.813195,6DC,M080818_144_1
144,M080818,-9.9375,-7.54108,31.64424,26.5242,3,45.06665,0.9903055,0.004406581,8.356659,1.159498,7.207132,6DC,M080818_144_3
144,M080818,-9.9375,-7.54108,31.64424,26.5242,5,2.74485,1,0.03760282,8.934254,1.431059,6.243109,6DC,M080818_144_5
146,M080818,-8.6875,-5.424,33.67352,26.487,1,7.726009,0.9744418,0.02115159,4.612466,1.044084,4.417715,6DC,M080818_146_1
146,M080818,-8.6875,-5.424,33.67352,26.487,3,6.809737,0.9876616,0.06698003,6.328753,1.686327,3.752982,6DC,M080818_146_3
146,M080818,-8.6875,-5.424,33.67352,26.487,4,0.174642,0.9976498,0.006462985,13.19753,2.23462,5.905941,6DC,M080818_146_4
149,M080818,-26.65625,-14.1753,12.7291,21.565,3,0.1006216,0.9986936,0.004898759,12.43338,2.076245,5.988398,pu,M080818_149_3
152,M080818,-9.4375,-10.63971,31.93956,23.6075,2,21.46358,0.9224442,0.0220329,4.634219,0.748838,6.188546,6DC,M080818_152_2
152,M080818,-9.4375,-10.63971,31.93956,23.6075,3,1.922238,0.9850176,0.02320799,6.981582,0.9750406,7.160299,6DC,M080818_152_3
152,M080818,-9.4375,-10.63971,31.93956,23.6075,5,8.563104,0.9994586,0.01968273,10.52758,0.9358994,11.24862,6DC,M080818_152_5
152,M080818,-9.4375,-10.63971,31.93956,23.6075,7,16.53903,0.995095,0.002056404,11.72291,1.40024,8.372076,6DC,M080818_152_7
003,M080918,-7.71875,-14.54393,24.87476,45.8125,3,2.407872,0.9917744,0.03231492,8.583396,1.9532,4.39453,12r,M080918_003_3
003,M080918,-7.71875,-14.54393,24.87476,45.8125,4,0.1471104,0.9917744,0.002643948,12.56565,2.953957,4.253835,12r,M080918_003_4
004,M080918,-8.96875,-13.48804,24.49756,45.8125,3,2.62557,0.9976498,0.009400705,9.387037,1.459594,6.431266,11ml,M080918_004_3
005,M080918,-9.90625,-11.99787,24.6204,45.7525,3,0.9110087,0.9952996,0.0220329,11.26094,1.399313,8.047474,11ml,M080918_005_3
007,M080918,-12.5625,-10.02292,23.2466,45.7525,3,4.423871,0.9976498,0.02467685,10.44201,1.506395,6.931787,11ml,M080918_007_3
008,M080918,-10.75,-9.08786,25.43406,45.82,3,14.53735,0.9409518,0.09606346,6.813056,1.567897,4.345348,46v,M080918_008_3
011,M080918,-8.09375,-15.97663,25.35837,44.405,5,4.050246,0.9485899,0.01439483,5.285461,1.387966,3.808062,46v,M080918_011_5
011,M080918,-8.09375,-15.97663,25.35837,44.405,7,2.910606,0.9518214,0.02350176,7.455712,1.57441,4.735559,46v,M080918_011_7
011,M080918,-8.09375,-15.97663,25.35837,44.405,8,1.993897,0.9609283,0.00293772,10.43345,1.434547,7.272994,46v,M080918_011_8
011,M080918,-8.09375,-15.97663,25.35837,44.405,9,2.106918,0.9976498,0.00146886,22.15092,2.481828,8.925243,46v,M080918_011_9
013,M080918,-11.15625,-13.89864,23.904,44.375,2,9.222146,0.9979436,0.004112808,11.17143,1.330636,8.395559,11ml,M080918_013_2
016,M080918,-13.15625,-8.99492,24.06018,44.423,3,0.5715001,0.993537,0.008225617,9.946654,2.964339,3.355438,11ml,M080918_016_3
018,M080918,-8.25,-17.86652,24.82029,43.0385,2,13.65829,0.9826674,0.02056404,9.373147,1.644444,5.699887,12m,M080918_018_2
019,M080918,-9.78125,-16.69848,24.61132,43.046,1,4.02572,0.9756169,0.01086957,10.74753,1.588555,6.7656,12m,M080918_019_1
019,M080918,-9.78125,-16.69848,24.61132,43.046,4,0.3809415,0.9917744,0.04612221,7.241897,1.481348,4.888722,12m,M080918_019_4
019,M080918,-9.78125,-16.69848,24.61132,43.046,5,0.9467949,0.9756169,0.01233843,7.087294,1.21515,5.832441,12m,M080918_019_5
024,M080918,-13.4375,-10.12312,24.44225,43.221,1,11.83913,0.9712104,0.05111633,7.070668,1.637035,4.31919,11ml,M080918_024_1
024,M080918,-13.4375,-10.12312,24.44225,43.221,4,3.383129,0.9876616,0.007050529,11.48449,1.565756,7.334788,11ml,M080918_024_4
026,M080918,-8.75,-19.319,23.60835,41.6775,2,0.5337326,0.9976498,0.009694478,11.77581,2.085397,5.646793,12l,M080918_026_2
036,M080918,-10.5,-18.79784,23.21336,40.458,1,28.46549,1,0.009400705,12.43488,1.324893,9.385573,12l,M080918_036_1
036,M080918,-10.5,-18.79784,23.21336,40.458,4,1.139624,0.9970623,0.009988249,8.809124,1.004763,8.767363,12l,M080918_036_4
037,M080918,-14.65625,-17.57497,20.49486,40.3755,3,1.653152,0.9811986,0.02262045,8.628031,1.978606,4.360662,12o,M080918_037_3
044,M080918,-20.75,-7.9596,18.9556,40.5,3,0.8005595,0.9958872,0.007638073,11.44282,2.354499,4.85998,13m,M080918_044_3
045,M080918,-9.8125,-20.88895,22.06998,39.1325,2,4.078639,0.9250881,0.08078731,6.515285,1.384341,4.706417,45,M080918_045_2
048,M080918,-17.3125,-16.32276,19.16336,39.02,1,1.583741,0.985899,0.07403056,8.320602,1.994216,4.172369,13l,M080918_048_1
051,M080918,-16.5625,-11.6268,22.1828,39.325,3,2.231715,0.9274383,0.05082256,9.638486,1.737819,5.54631,13m,M080918_051_3
054,M080918,-21.25,-8.15578,18.91068,39.145,3,0.3170173,1,0.003819037,13.6134,2.167892,6.279556,13m,M080918_054_3
060,M080918,-20.03125,-13.4258,18.2236,37.8635,3,2.456835,0.9662162,0.03936545,7.23357,1.427816,5.066179,13l,M080918_060_3
064,M080918,-23.21875,-8.47954,17.51898,37.609,1,4.163585,0.9524089,0.005581669,9.57336,1.453197,6.587794,13m,M080918_064_1
064,M080918,-23.21875,-8.47954,17.51898,37.609,3,9.679276,0.9524089,0.01615746,8.371526,2.015503,4.153566,13m,M080918_064_3
066,M080918,-15.03125,-21.3292,17.0308,36.438,2,3.229962,0.9632785,0.006462985,10.95024,1.578034,6.939164,45,M080918_066_2
066,M080918,-15.03125,-21.3292,17.0308,36.438,3,0.6082671,0.9632785,0.01321974,13.51137,1.715941,7.874031,45,M080918_066_3
067,M080918,-16.84375,-20.24095,16.8103,36.448,3,0.0439318,1,0.002908668,11.30846,1.35934,8.319078,12o,M080918_067_3
068,M080918,-19.53125,-18.63815,15.52685,36.438,3,8.59643,0.9947121,0.004700352,10.14494,1.466282,6.91882,12o,M080918_068_3
069,M080918,-20,-16.7,16.31555,36.6005,2,7.229317,0.9626909,0.05023502,6.847271,1.51616,4.516194,12o,M080918_069_2
069,M080918,-20,-16.7,16.31555,36.6005,3,0.653986,0.9782609,0.003231492,14.2189,1.860246,7.643557,12o,M080918_069_3
069,M080918,-20,-16.7,16.31555,36.6005,5,0.3018,0.9782609,0.0005875441,18.96575,1.971301,9.62093,12o,M080918_069_5
077,M080918,-17.4375,-21.66416,14.9368,35.085,1,5.377205,0.9685664,0.08754407,6.721889,2.468472,2.723097,AI,M080918_077_1
077,M080918,-17.4375,-21.66416,14.9368,35.085,4,5.103216,0.9759107,0.0472973,5.160005,1.116686,4.620819,AI,M080918_077_4
078,M080918,-14.25,-20.2524,19.76786,35.19,2,0.351429,0.9991187,0.01733255,13.42842,2.13378,6.293257,44,M080918_078_2
080,M080918,-18.5,-17.1422,18.0562,35.27,3,0.2667032,1,0,23.4258,4.005209,5.848834,AI,M080918_080_3
083,M080918,-22.75,-12.12872,17.14472,34.99,4,0.4151638,0.9905993,0.0220329,10.24424,2.039677,5.022481,13l,M080918_083_4
085,M080918,-25.59375,-9.25882,15.24556,35.04,3,0.9075254,0.9994125,0.009694478,12.83183,1.551337,8.271461,13m,M080918_085_3
088,M080918,-23.65625,-5.89478,17.68362,33.225,3,1.88471,0.9967685,0.003525264,16.43871,2.087969,7.873062,cd,M080918_088_3
097,M080918,-14.8125,-9.3161,25.93822,33.4685,3,3.316806,0.9873678,0.02849589,10.43224,1.621477,6.433784,8B,M080918_097_3
099,M080918,-21.1875,-6.40114,20.51142,31.9945,3,0.8902885,1,0.001175088,22.42588,2.052442,10.92644,cd,M080918_099_3
099,M080918,-21.1875,-6.40114,20.51142,31.9945,4,1.388666,0.9950058,0.08695652,9.491924,1.454432,6.526206,cd,M080918_099_4
101,M080918,-11.9375,-21.8724,20.9852,32.634,3,1.472897,0.9336075,0.007638073,8.511568,1.06385,8.000721,45,M080918_101_3
106,M080918,-31.625,-11.98924,7.9135,25.7325,2,3.942982,0.9764982,0.03554641,8.022901,1.313092,6.109932,AMG,M080918_106_2
109,M080918,-14.4375,-10.40855,25.97175,32.1905,2,13.10076,0.9879553,0.05699177,9.175668,1.226584,7.480669,8B,M080918_109_2
113,M080918,-10.8125,-3.9114,30.98445,30.8295,3,12.02426,0.9900118,0.07520564,7.698963,2.048328,3.758658,24c,M080918_113_3
123,M080918,-20.875,-6.45752,20.79876,29.402,3,0.9027181,0.996181,0.006462985,10.54244,1.859421,5.669742,cd,M080918_123_3
124,M080918,-24.28125,-5.72386,17.83424,29.458,3,2.536983,0.9706228,0.1019389,6.253416,1.832877,3.411803,cd,M080918_124_3
135,M080918,-11.25,-5.59148,31.02832,27.847,2,6.338302,0.9380141,0.01938896,4.328999,1.057535,4.093482,24c,M080918_135_2
135,M080918,-11.25,-5.59148,31.02832,27.847,4,12.28866,0.9994125,0.0008813161,13.36236,1.50073,8.903904,24c,M080918_135_4
135,M080918,-11.25,-5.59148,31.02832,27.847,6,1.94438,0.9838426,0.02379553,7.516778,1.262596,5.953429,24c,M080918_135_6
135,M080918,-11.25,-5.59148,31.02832,27.847,7,1.13265,0.9941245,0.003819037,9.809195,1.728875,5.673743,24c,M080918_135_7
136,M080918,-19.375,-5.1921,23.00474,27.9145,3,1.450388,0.9926557,0.0472973,8.458449,2.139294,3.95385,cd,M080918_136_3
138,M080918,-27.78125,-15.04556,10.45943,22.803,2,0.2553767,0.9985312,0.004994125,11.32624,2.509441,4.513453,pu,M080918_138_2
144,M080918,-10.1875,-7.54108,31.64424,26.5242,1,14.47957,0.9994125,0.02115159,11.05726,1.054023,10.49053,6DC,M080918_144_1
146,M080918,-8.8125,-5.437,33.36586,26.4895,3,0.9986558,0.9456522,0.04318449,6.843788,1.73207,3.951219,6DC,M080918_146_3
146,M080918,-8.8125,-5.437,33.36586,26.4895,4,0.4032664,0.9347826,0.008225617,13.93551,2.186332,6.373921,6DC,M080918_146_4
147,M080918,-10.03125,-4.4035,32.45947,26.4995,1,10.56614,0.9932432,0.004994125,5.694349,1.098662,5.182984,6DC,M080918_147_1
147,M080918,-10.03125,-4.4035,32.45947,26.4995,3,1.386155,0.9947121,0.005287896,14.24246,1.657446,8.593013,6DC,M080918_147_3
147,M080918,-10.03125,-4.4035,32.45947,26.4995,6,0.6527312,0.9891304,0.0472973,8.144773,2.609483,3.12122,6DC,M080918_147_6
149,M080918,-26.65625,-14.1753,12.7291,21.565,2,0.1817077,0.9997062,0.006756757,12.79026,2.533611,5.048235,pu,M080918_149_2
152,M080918,-9.6875,-10.63848,31.53428,23.555,1,6.552555,0.9556404,0.008813161,9.239837,1.317764,7.011753,6DC,M080918_152_1
152,M080918,-9.6875,-10.63848,31.53428,23.555,3,2.917643,0.9556404,0.0493537,6.568121,1.500502,4.377282,6DC,M080918_152_3
003,M081018,-7.71875,-14.54393,24.87476,45.8125,3,5.017558,0.9726792,0.05640423,7.152277,1.818572,3.932909,12r,M081018_003_3
004,M081018,-8.96875,-13.48804,24.49756,45.8125,1,2.359556,0.9976498,0.00293772,10.7446,1.429715,7.515202,11ml,M081018_004_1
007,M081018,-12.5625,-10.02292,23.2466,45.7525,3,4.484438,0.9947121,0.0146886,9.591003,1.530069,6.268345,11ml,M081018_007_3
010,M081018,-8.21875,-16.96177,24.17403,44.4875,3,0.281394,0.9435958,0.004994125,16.21442,2.214851,7.320771,12r,M081018_010_3
011,M081018,-8.09375,-15.97663,25.35837,44.405,3,5.143325,0.9958872,0.02790834,9.797564,2.297516,4.264417,46v,M081018_011_3
012,M081018,-10.21875,-14.95936,24.00076,44.355,3,5.707722,0.9700353,0.03907168,9.111468,1.363903,6.680436,12r,M081018_012_3
013,M081018,-11.15625,-13.89864,23.904,44.375,4,8.827333,0.9841363,0.004406581,8.411578,1.202037,6.997769,11ml,M081018_013_4
018,M081018,-8.25,-17.86652,24.82029,43.0385,2,3.376321,0.9650411,0.1348414,7.149257,1.440468,4.963148,12m,M081018_018_2
018,M081018,-8.25,-17.86652,24.82029,43.0385,4,11.14576,0.9788484,0.008225617,10.88635,1.551873,7.014977,12m,M081018_018_4
019,M081018,-9.78125,-16.69848,24.61132,43.046,4,1.545765,0.9997062,0,16.69208,1.703375,9.799414,12m,M081018_019_4
019,M081018,-9.78125,-16.69848,24.61132,43.046,5,1.281462,0.9926557,0.0005875441,7.542203,1.433975,5.259646,12m,M081018_019_5
024,M081018,-13.4375,-10.12312,24.44225,43.221,2,10.82285,0.9541715,0.02379553,6.230352,1.525185,4.084981,11ml,M081018_024_2
024,M081018,-13.4375,-10.12312,24.44225,43.221,4,4.969222,0.970329,0.009694478,9.728034,1.466562,6.633223,11ml,M081018_024_4
024,M081018,-13.4375,-10.12312,24.44225,43.221,5,2.064223,0.9900118,0.01821387,7.903509,2.077542,3.80426,11ml,M081018_024_5
025,M081018,-13.25,-8.9288,25.05196,43.235,3,2.251497,0.9914806,0.003819037,15.35232,2.77659,5.529201,46v,M081018_025_3
032,M081018,-14.46875,-11.41147,23.45186,41.898,3,7.456124,0.9756169,0.08989424,7.504267,1.636746,4.58487,11ml,M081018_032_3
034,M081018,-16.71875,-9.00285,22.25605,41.9305,2,2.087094,0.983255,0.01762632,6.118635,1.885368,3.245327,11ml,M081018_034_2
036,M081018,-10.5,-18.79784,23.21336,40.458,1,10.0823,0.9982374,0.00293772,10.99909,1.308501,8.405867,12l,M081018_036_1
036,M081018,-10.5,-18.79784,23.21336,40.458,4,6.030203,0.9800235,0.0346651,7.195937,1.602569,4.490252,12l,M081018_036_4
037,M081018,-14.71875,-17.57497,20.49486,40.3755,3,1.151956,0.9829612,0.02438308,8.239842,2.228319,3.697784,12o,M081018_037_3
044,M081018,-20.78125,-7.9596,18.9556,40.5,2,1.055081,0.9556404,0.004406581,9.875813,1.396773,7.070448,13m,M081018_044_2
051,M081018,-16.5625,-11.6268,22.1828,39.325,3,1.502675,0.9903055,0.01175088,11.93021,1.652424,7.219824,13m,M081018_051_3
054,M081018,-21.25,-8.15578,18.91068,39.145,3,0.4988897,0.9988249,0.006462985,13.79021,1.827152,7.547379,13m,M081018_054_3
061,M081018,-20.84375,-12.13055,18.16854,37.8585,2,16.65093,0.9876616,0.009988249,6.157953,1.531444,4.021012,13l,M081018_061_2
064,M081018,-23.21875,-8.47954,17.51898,37.609,2,9.248172,0.980611,0.05992949,7.229877,2.128196,3.397185,13m,M081018_064_2
064,M081018,-23.21875,-8.47954,17.51898,37.609,4,2.740021,0.980611,0.006169213,9.704985,1.421547,6.827059,13m,M081018_064_4
066,M081018,-15.28125,-21.33768,16.80092,36.433,2,2.843811,0.9544653,0.03819036,7.725155,2.003926,3.855011,45,M081018_066_2
066,M081018,-15.28125,-21.33768,16.80092,36.433,4,1.504697,0.9544653,0.006462985,5.819477,1.19568,4.867084,45,M081018_066_4
066,M081018,-15.28125,-21.33768,16.80092,36.433,5,0.07554462,0.9907919,0.003683241,17.52905,3.190824,5.493581,45,M081018_066_5
068,M081018,-19.53125,-18.63815,15.52685,36.438,2,10.24108,0.9964747,0.002056404,9.607574,1.360234,7.063178,12o,M081018_068_2
069,M081018,-20,-16.7,16.31555,36.6005,3,0.5460783,0.9967685,0.01615746,12.05181,1.899155,6.345879,12o,M081018_069_3
069,M081018,-20,-16.7,16.31555,36.6005,4,0.1579312,0.9967685,0.001175088,19.97735,2.16903,9.210268,12o,M081018_069_4
077,M081018,-17.5,-21.66416,14.9368,35.085,3,3.955258,0.9644536,0.02173913,8.459608,1.753929,4.823233,AI,M081018_077_3
078,M081018,-14.375,-20.2524,19.76786,35.19,3,0.07306749,0.9981061,0.008996212,16.37874,2.971249,5.512409,44,M081018_078_3
080,M081018,-18.5,-17.1422,18.0562,35.27,3,0.4714619,0.9982374,0,20.18153,3.874586,5.208695,AI,M081018_080_3
083,M081018,-22.8125,-12.13773,16.83073,34.995,3,12.61587,0.9982374,0.0293772,7.563151,1.081536,6.992971,13l,M081018_083_3
083,M081018,-22.8125,-12.13773,16.83073,34.995,4,0.0991331,0.9948472,0.008097166,10.66126,1.907785,5.588292,13l,M081018_083_4
085,M081018,-25.59375,-9.25882,15.24556,35.04,3,0.9653107,0.9908931,0.04465335,9.515621,1.741745,5.463267,13m,M081018_085_3
088,M081018,-23.65625,-5.89478,17.68362,33.225,3,4.701979,0.9803173,0.009988249,9.088952,1.150898,7.89727,cd,M081018_088_3
088,M081018,-23.65625,-5.89478,17.68362,33.225,6,2.759194,0.9685664,0.006462985,4.530684,1.216531,3.724265,cd,M081018_088_6
094,M081018,-22.3125,-14.32842,16.67796,33.571,3,0.2457341,0.9914806,0.01792009,10.49135,2.052146,5.112379,AI,M081018_094_3
097,M081018,-15.0625,-9.3274,25.62448,33.476,3,0.675611,0.9994125,0.001175088,17.39386,2.099093,8.28637,8B,M081018_097_3
099,M081018,-21.1875,-6.40114,20.51142,31.9945,2,0.6841688,1,0.000293772,17.28711,2.822124,6.125566,cd,M081018_099_2
099,M081018,-21.1875,-6.40114,20.51142,31.9945,3,2.841858,0.9688601,0.1016451,6.376277,1.839128,3.46701,cd,M081018_099_3
106,M081018,-31.625,-11.98924,7.9135,25.7325,3,3.985463,0.9750293,0.03613396,8.185519,1.331763,6.14638,AMG,M081018_106_3
109,M081018,-14.4375,-10.40855,25.97175,32.1905,2,12.24471,0.9947121,0.02849589,9.627522,1.242825,7.746482,8B,M081018_109_2
123,M081018,-20.875,-6.45752,20.79876,29.402,2,0.9629486,0.9991187,0.003525264,11.92292,1.586643,7.514556,cd,M081018_123_2
124,M081018,-24.28125,-5.72386,17.83424,29.458,3,1.667825,0.9759107,0.03113984,7.082243,1.974542,3.586778,cd,M081018_124_3
135,M081018,-11.25,-5.59148,31.02832,27.847,2,1.730386,0.9894242,0.005287896,8.927414,1.443895,6.182867,24c,M081018_135_2
135,M081018,-11.25,-5.59148,31.02832,27.847,4,7.291707,0.9994125,0.04024677,4.709059,1.06221,4.433264,24c,M081018_135_4
135,M081018,-11.25,-5.59148,31.02832,27.847,5,0.4845352,0.9785547,0.004406581,7.060271,1.261957,5.594701,24c,M081018_135_5
135,M081018,-11.25,-5.59148,31.02832,27.847,7,12.01377,0.9994125,0,14.50985,1.693686,8.567027,24c,M081018_135_7
138,M081018,-27.78125,-15.04556,10.45943,22.803,2,0.1537229,0.9994125,0.001175088,16.53783,1.960532,8.435379,pu,M081018_138_2
144,M081018,-10.4375,-7.54602,31.33081,26.52755,3,3.988983,0.996181,0.05111633,9.303246,1.244833,7.473487,6DC,M081018_144_3
146,M081018,-9.0625,-5.437,33.36586,26.4895,4,1.65415,0.9862691,0.003525264,10.92239,1.657386,6.590131,6DC,M081018_146_4
146,M081018,-9.0625,-5.437,33.36586,26.4895,5,0.09023564,0.9862691,0.008238525,16.49774,1.805737,9.13629,6DC,M081018_146_5
147,M081018,-10.28125,-4.423,32.15506,26.502,3,0.9722292,0.9947121,0.002056404,7.608892,2.138398,3.558221,24c,M081018_147_3
149,M081018,-26.65625,-14.1753,12.7291,21.565,3,0.323175,0.9741047,0.00146886,11.02453,3.062835,3.599452,pu,M081018_149_3
152,M081018,-9.9375,-10.63848,31.53428,23.555,2,0.8509259,0.9894242,0.001762632,11.32089,1.739498,6.508138,6DC,M081018_152_2
004,M081318,-8.96875,-13.48804,24.49756,45.8125,3,2.186622,0.9988249,0.005287896,10.43772,1.475651,7.073302,11ml,M081318_004_3
007,M081318,-12.5625,-10.02292,23.2466,45.7525,3,4.193005,0.9994125,0.02643948,10.48079,1.585214,6.611592,11ml,M081318_007_3
011,M081318,-8.09375,-15.97663,25.35837,44.405,3,0.9407783,0.993537,0.003231492,12.93409,3.234018,3.999389,46v,M081318_011_3
012,M081318,-10.21875,-14.95936,24.00076,44.355,2,18.45096,0.980611,0.03672151,8.888008,1.726395,5.148304,12r,M081318_012_2
013,M081318,-11.15625,-13.89864,23.904,44.375,2,9.61391,0.9973561,0.006756757,8.45682,1.206595,7.008831,11ml,M081318_013_2
018,M081318,-8.25,-17.86652,24.82029,43.0385,3,11.4937,0.9908931,0.01909518,9.858186,1.73868,5.669927,12m,M081318_018_3
019,M081318,-9.78125,-16.69848,24.61132,43.046,3,0.696236,1,0.002056404,18.63936,1.959311,9.513221,12m,M081318_019_3
019,M081318,-9.78125,-16.69848,24.61132,43.046,4,1.208595,0.9955934,0.005287896,5.737048,1.175763,4.879426,12m,M081318_019_4
036,M081318,-10.5,-18.79784,23.21336,40.458,2,4.765377,0.996181,0.04142186,9.599029,1.736941,5.5264,12l,M081318_036_2
036,M081318,-10.5,-18.79784,23.21336,40.458,5,14.19764,0.9923619,0.005287896,6.533533,1.070303,6.104379,12l,M081318_036_5
044,M081318,-20.78125,-7.9596,18.9556,40.5,3,0.6723887,0.9353701,0.009988249,8.898012,1.427696,6.232428,13m,M081318_044_3
044,M081318,-20.78125,-7.9596,18.9556,40.5,5,0.4342031,0.9991187,0.001175088,16.53794,1.681342,9.836155,13m,M081318_044_5
053,M081318,-20.59375,-9.30618,19.25338,39.145,3,6.81654,0.9735605,0.1853701,7.061031,1.322705,5.338326,13m,M081318_053_3
054,M081318,-21.3125,-8.15578,18.91068,39.145,2,0.55393,1,0.002643948,16.1203,1.572898,10.24879,13m,M081318_054_2
064,M081318,-23.21875,-8.47954,17.51898,37.609,2,2.588012,0.8980611,0.01498237,8.532857,1.592574,5.357902,13m,M081318_064_2
064,M081318,-23.21875,-8.47954,17.51898,37.609,3,2.423311,0.8980611,0.003231492,10.93648,1.534765,7.125838,13m,M081318_064_3
067,M081318,-16.96875,-20.2526,16.5444,36.443,4,4.270795,0.9991187,0.002350176,16.44274,1.794352,9.163609,12o,M081318_067_4
067,M081318,-16.96875,-20.2526,16.5444,36.443,5,0.9158081,0.9909008,0.006756757,8.525133,1.210962,7.039967,12o,M081318_067_5
068,M081318,-19.53125,-18.63815,15.52685,36.438,1,7.814204,0.9142185,0.006462985,9.491982,1.233879,7.692796,12o,M081318_068_1
069,M081318,-20,-16.7,16.31555,36.6005,3,0.1897404,0.9958872,0.0005875441,16.85319,1.904615,8.848607,12o,M081318_069_3
077,M081318,-17.5,-21.66416,14.9368,35.085,3,3.082666,0.9556404,0.08548766,7.56117,1.310865,5.768078,AI,M081318_077_3
078,M081318,-14.625,-20.2663,19.45877,35.185,3,11.4958,0.9415393,0.01351351,5.523501,1.166995,4.733096,44,M081318_078_3
078,M081318,-14.625,-20.2663,19.45877,35.185,4,8.005908,0.9838426,0.07050529,7.893581,1.446369,5.457516,44,M081318_078_4
079,M081318,-21.25,-18.79083,14.25053,35.2125,3,5.127512,0.9547591,0.02232667,5.774629,2.182293,2.646129,AI,M081318_079_3
080,M081318,-18.5,-17.1422,18.0562,35.27,3,0.5670959,0.9994125,0.002056404,16.94445,1.665228,10.17545,AI,M081318_080_3
088,M081318,-23.65625,-5.89478,17.68362,33.225,3,3.251155,0.9621034,0.01645123,4.814695,1.418627,3.393913,cd,M081318_088_3
099,M081318,-21.1875,-6.40114,20.51142,31.9945,3,0.4916286,0.9994125,0.0005875441,17.36946,1.729773,10.04147,cd,M081318_099_3
099,M081318,-21.1875,-6.40114,20.51142,31.9945,4,2.984701,0.9941245,0.02555817,9.725917,1.297715,7.494646,cd,M081318_099_4
100,M081318,-18.375,-5.17514,23.25946,32.0695,3,5.879522,0.9994125,0.01175088,13.29206,1.546819,8.59316,cd,M081318_100_3
109,M081318,-14.6875,-10.40855,25.97175,32.1905,1,16.59932,0.9764982,0.01086957,8.334637,1.712187,4.867831,8B,M081318_109_1
113,M081318,-11.3125,-3.93064,30.67172,30.827,3,1.271333,0.9955934,0.001175088,12.13478,2.351693,5.160017,24c,M081318_113_3
119,M081318,-31.1875,-11.14468,9.08272,24.587,1,4.990097,0.9653349,0.1042891,6.504237,1.786306,3.641166,AMG,M081318_119_1
123,M081318,-20.875,-6.45752,20.79876,29.402,3,1.4047,0.9941245,0.0220329,7.88543,2.265326,3.480925,cd,M081318_123_3
135,M081318,-11.5,-5.60991,30.72019,27.8495,1,14.9958,0.976792,0.07608695,7.293682,1.046947,6.966622,24c,M081318_135_1
135,M081318,-11.5,-5.60991,30.72019,27.8495,2,2.883065,0.9130435,0.04171563,8.769596,1.189134,7.374773,24c,M081318_135_2
135,M081318,-11.5,-5.60991,30.72019,27.8495,3,4.630057,0.9130435,0.04494712,7.71731,1.925303,4.00836,24c,M081318_135_3
135,M081318,-11.5,-5.60991,30.72019,27.8495,7,0.1043386,0.9944183,0.00293772,13.49407,2.140657,6.303703,24c,M081318_135_7
138,M081318,-27.78125,-15.04556,10.45943,22.803,2,0.4103527,0.9770858,0.002350176,14.42803,1.820047,7.927284,pu,M081318_138_2
138,M081318,-27.78125,-15.04556,10.45943,22.803,3,0.2018349,0.9770858,0.007638073,10.73958,1.599485,6.714395,pu,M081318_138_3
144,M081318,-10.6875,-7.55096,31.01738,26.5309,3,0.5004406,0.9994125,0.001762632,14.32133,2.488311,5.755443,6DC,M081318_144_3
146,M081318,-9.4375,-5.463,32.75054,26.4945,3,9.72677,1,0.000293772,17.57858,1.863667,9.432254,6DC,M081318_146_3
146,M081318,-9.4375,-5.463,32.75054,26.4945,4,0.8133694,0.9911869,0.007931845,7.086042,1.550511,4.570135,6DC,M081318_146_4
149,M081318,-26.65625,-14.1753,12.7291,21.565,3,0.8220289,0.9835488,0.02438308,8.941247,1.941031,4.606441,pu,M081318_149_3
150,M081318,-29.28125,-12.8538,11.07088,21.215,2,0.789184,0.9800235,0.1836075,8.685475,1.663299,5.221835,pu,M081318_150_2
152,M081318,-10.3125,-10.63725,31.129,23.5025,3,11.454,0.9477086,0.06081081,7.089239,1.997052,3.549852,6DC,M081318_152_3
156,M081318,-19.03125,-5.91373,23.19792,25.37,3,5.506001,0.9882491,0.03143361,6.309812,1.341945,4.70199,cd,M081318_156_3
004,M081418,-8.96875,-13.48804,24.49756,45.8125,3,2.783491,0.9923619,0.01116334,8.044249,1.641711,4.899919,11ml,M081418_004_3
007,M081418,-12.5625,-10.02292,23.2466,45.7525,3,4.698705,0.9958872,0.04347826,9.005815,1.643828,5.478564,11ml,M081418_007_3
008,M081418,-11.25,-9.09692,25.08532,45.805,3,19.22967,0.9662162,0.056698,7.092492,2.113152,3.356356,46v,M081418_008_3
008,M081418,-11.25,-9.09692,25.08532,45.805,5,1.773159,0.9829612,0.008813161,11.92593,1.91481,6.228259,46v,M081418_008_5
010,M081418,-8.28125,-16.96177,24.17403,44.4875,1,3.499034,0.9926557,0.01086957,8.009359,1.446395,5.537465,12r,M081418_010_1
010,M081418,-8.28125,-16.96177,24.17403,44.4875,3,3.028993,0.9691539,0.0273208,8.850226,3.072343,2.880612,12r,M081418_010_3
010,M081418,-8.28125,-16.96177,24.17403,44.4875,5,4.287004,0.9559342,0.02232667,4.429149,1.101874,4.019652,12r,M081418_010_5
010,M081418,-8.28125,-16.96177,24.17403,44.4875,6,0.1410429,0.9289072,0.001762632,20.16426,2.607169,7.73416,12r,M081418_010_6
010,M081418,-8.28125,-16.96177,24.17403,44.4875,8,1.009801,0.9682726,0.01351351,13.46312,1.852546,7.267363,12r,M081418_010_8
012,M081418,-10.21875,-14.95936,24.00076,44.355,1,14.85968,0.9820799,0.01674501,9.713818,1.37132,7.083554,12r,M081418_012_1
013,M081418,-11.15625,-13.89864,23.904,44.375,2,18.37185,0.9973561,0.002350176,9.557941,1.220524,7.831017,11ml,M081418_013_2
017,M081418,-6.375,-18.952,25.38361,43.0085,3,0.04993988,0.9990239,0.004880429,11.26613,2.499618,4.507138,12l,M081418_017_3
018,M081418,-8.25,-17.86652,24.82029,43.0385,3,17.35013,0.9303761,0.157168,5.799178,1.702741,3.405791,12m,M081418_018_3
019,M081418,-9.78125,-16.69848,24.61132,43.046,1,1.857157,0.9885429,0.02497062,6.403132,1.175085,5.44908,12m,M081418_019_1
019,M081418,-9.78125,-16.69848,24.61132,43.046,4,1.312459,0.9991187,0.003231492,12.39141,1.641295,7.549776,12m,M081418_019_4
024,M081418,-13.5,-10.13256,24.2595,43.216,4,14.10065,0.9297885,0.01380729,5.843673,1.255554,4.654259,11ml,M081418_024_4
024,M081418,-13.5,-10.13256,24.2595,43.216,6,2.418844,0.9820799,0.05199765,7.581029,1.552276,4.883817,11ml,M081418_024_6
026,M081418,-8.8125,-19.319,23.47474,41.67,2,16.05496,0.9908931,0.009988249,8.293616,1.30638,6.348546,12l,M081418_026_2
026,M081418,-8.8125,-19.319,23.47474,41.67,3,0.6480699,0.9779671,0.02262045,10.85271,1.970365,5.507968,12l,M081418_026_3
026,M081418,-8.8125,-19.319,23.47474,41.67,5,0.4126312,0.9823737,0.007050529,16.66781,2.373731,7.021777,12l,M081418_026_5
036,M081418,-10.5,-18.79784,23.21336,40.458,2,12.69897,0.9988249,0.002643948,14.42311,1.816063,7.941967,12l,M081418_036_2
036,M081418,-10.5,-18.79784,23.21336,40.458,3,5.554364,0.9885429,0.06874266,7.37356,1.351633,5.455299,12l,M081418_036_3
043,M081418,-20,-9.154,19.439,40.5,1,20.93534,0.9294947,0.1151586,5.530791,1.55219,3.563219,13m,M081418_043_1
044,M081418,-20.78125,-7.9596,18.9556,40.5,3,0.6972478,0.9958872,0.004112808,12.39262,2.168268,5.715447,13m,M081418_044_3
045,M081418,-10.5625,-20.91915,21.27806,39.1025,3,24.16806,0.9336075,0.06580494,7.187215,1.822064,3.944546,45,M081418_045_3
050,M081418,-17.0625,-12.97957,20.96157,39.2925,3,17.4054,0.9509401,0.07726204,5.364151,1.117343,4.80081,13l,M081418_050_3
051,M081418,-16.6875,-11.6268,22.1828,39.325,3,1.160953,0.9988249,0.003525264,17.01944,1.688858,10.07748,13m,M081418_051_3
051,M081418,-16.6875,-11.6268,22.1828,39.325,4,0.8290046,0.9988249,0,31.62636,3.162612,10.00007,13m,M081418_051_4
053,M081418,-20.59375,-9.30618,19.25338,39.145,3,6.425658,0.9982374,0.01792009,10.35454,1.334142,7.7612,13m,M081418_053_3
054,M081418,-21.3125,-8.15578,18.91068,39.145,3,0.5124912,1,0,15.18766,1.595613,9.518387,13m,M081418_054_3
064,M081418,-23.21875,-8.47954,17.51898,37.609,3,6.686555,0.9632785,0.0252644,9.273571,1.837581,5.046619,13m,M081418_064_3
068,M081418,-19.53125,-18.63815,15.52685,36.438,2,9.818224,0.9923619,0.01116334,9.931529,1.40131,7.087319,12o,M081418_068_2
069,M081418,-20,-16.7,16.31555,36.6005,3,0.9947963,0.943302,0.0252644,8.059809,1.573587,5.121933,12o,M081418_069_3
069,M081418,-20,-16.7,16.31555,36.6005,5,0.2457407,0.976792,0.00146886,15.3468,1.873003,8.193687,12o,M081418_069_5
077,M081418,-17.5,-21.66416,14.9368,35.085,2,2.421831,0.9955934,0.009694478,4.275436,1.042185,4.102376,AI,M081418_077_2
078,M081418,-14.75,-20.2802,19.14968,35.18,1,46.77282,0.9955934,0.006756757,7.535383,1.015084,7.423408,44,M081418_078_1
078,M081418,-14.75,-20.2802,19.14968,35.18,4,3.766095,0.9814923,0.0346651,8.944455,1.187528,7.531995,44,M081418_078_4
079,M081418,-21.3125,-18.79083,14.25053,35.2125,3,5.066066,0.9612221,0.01703878,5.85962,1.942499,3.016537,AI,M081418_079_3
080,M081418,-18.5,-17.1422,18.0562,35.27,3,0.8946141,0.9991187,0,15.51349,1.883715,8.235584,AI,M081418_080_3
083,M081418,-22.875,-12.13773,16.83073,34.995,3,0.1115234,0.9779671,0.002056404,14.02721,2.058943,6.81282,13l,M081418_083_3
083,M081418,-22.875,-12.13773,16.83073,34.995,4,1.001844,0.9594595,0.01615746,11.59779,1.57594,7.359285,13l,M081418_083_4
083,M081418,-22.875,-12.13773,16.83073,34.995,5,0.5043711,0.9594595,0.001762632,9.146425,2.018075,4.532252,13l,M081418_083_5
095,M081418,-25.34375,-12.77006,14.33161,33.5985,1,2.438568,0.9946937,0.002350176,13.48155,1.591297,8.472052,AI,M081418_095_1
096,M081418,-25.40625,-11.25975,14.75762,33.7085,3,0.1785282,0.9970623,0,15.23348,2.054624,7.414241,AI,M081418_096_3
099,M081418,-21.1875,-6.40114,20.51142,31.9945,3,0.3685523,1,0,17.28957,1.695593,10.19677,cd,M081418_099_3
100,M081418,-18.375,-5.17514,23.25946,32.0695,3,5.717225,0.9970623,0.04553467,8.941665,1.224932,7.299724,cd,M081418_100_3
101,M081418,-12.25,-21.89552,20.39596,32.629,3,2.260585,0.9403643,0.04670975,9.658762,1.767372,5.46504,45,M081418_101_3
106,M081418,-31.6875,-11.98924,7.9135,25.7325,2,2.425089,0.9947121,0.0126322,9.694478,1.19264,8.128588,AMG,M081418_106_2
123,M081418,-20.875,-6.45752,20.79876,29.402,3,1.117896,0.9958872,0.01380729,10.30365,1.629649,6.32262,cd,M081418_123_3
138,M081418,-27.78125,-15.04556,10.45943,22.803,3,0.7527538,1,0.000293772,13.04871,2.070151,6.303267,pu,M081418_138_3
140,M081418,-27.71875,-12.73192,11.97684,22.608,3,3.461318,0.9829612,0.1260282,7.495657,1.787953,4.192313,pu,M081418_140_3
144,M081418,-10.9375,-7.5559,30.70395,26.53425,3,2.547306,0.9409518,0.04494712,5.168196,1.172893,4.406365,6DC,M081418_144_3
144,M081418,-10.9375,-7.5559,30.70395,26.53425,5,7.951365,0.9773796,0.02085781,6.127603,1.164728,5.260974,6DC,M081418_144_5
144,M081418,-10.9375,-7.5559,30.70395,26.53425,6,0.1297137,0.9542567,0.02438308,12.16972,2.900507,4.195721,6DC,M081418_144_6
152,M081418,-10.5625,-10.63602,30.72372,23.45,3,2.683873,0.9785547,0.004406581,6.077548,1.467698,4.14087,6DC,M081418_152_3
152,M081418,-10.5625,-10.63602,30.72372,23.45,4,2.452138,0.9180376,0.01028202,8.08261,1.554786,5.198536,6DC,M081418_152_4
152,M081418,-10.5625,-10.63602,30.72372,23.45,6,1.281778,0.9574031,0.01762632,10.30804,1.323958,7.785778,6DC,M081418_152_6
152,M081418,-10.5625,-10.63602,30.72372,23.45,7,0.1005116,0.9988249,0.0005875441,26.63954,2.15501,12.36167,6DC,M081418_152_7
156,M081418,-19.03125,-5.91373,23.19792,25.37,3,5.621706,0.9800235,0.09077556,6.206821,1.209372,5.132267,cd,M081418_156_3
157,M081418,-15.8125,-4.725,26.8175,25.19,3,0.8941074,0.9926557,0.007344301,9.076095,2.331887,3.892167,24c,M081418_157_3
003,M081518,-7.84375,-14.53904,24.75328,45.805,3,1.660314,0.9576969,0.01028202,12.05772,1.419945,8.491676,12r,M081518_003_3
004,M081518,-8.96875,-13.48804,24.49756,45.8125,3,3.863738,0.9691539,0.07226792,5.748378,1.696942,3.387493,11ml,M081518_004_3
007,M081518,-12.5625,-10.02292,23.2466,45.7525,3,4.722318,0.9776734,0.0546416,7.38829,1.825862,4.046467,11ml,M081518_007_3
010,M081518,-8.28125,-16.96177,24.17403,44.4875,3,0.9954605,0.9861927,0.02173913,10.40521,1.654952,6.287319,12r,M081518_010_3
010,M081518,-8.28125,-16.96177,24.17403,44.4875,4,0.1234733,0.9876616,0.01351351,17.17462,2.145434,8.005197,12r,M081518_010_4
012,M081518,-10.21875,-14.95936,24.00076,44.355,2,25.45989,0.9383079,0.04876616,6.690427,1.34592,4.970894,12r,M081518_012_2
013,M081518,-11.15625,-13.89864,23.904,44.375,2,11.42269,1,0.003525264,10.14438,1.277583,7.94029,11ml,M081518_013_2
018,M081518,-8.3125,-17.86652,24.82029,43.0385,3,1.824972,0.989718,0.01909518,9.556792,1.487761,6.423608,12m,M081518_018_3
024,M081518,-13.5625,-10.13256,24.2595,43.216,3,4.983675,0.9712104,0.04847239,9.348104,1.467444,6.37033,11ml,M081518_024_3
026,M081518,-8.875,-19.319,23.47474,41.67,2,3.007858,0.9967685,0.01057579,12.49917,2.085234,5.994133,12l,M081518_026_2
026,M081518,-8.875,-19.319,23.47474,41.67,4,0.1645514,0.9982374,0.00293772,19.42436,1.993236,9.745138,12l,M081518_026_4
036,M081518,-10.625,-18.80282,23.03378,40.4505,3,10.9373,0.979436,0.1307286,7.692145,1.099801,6.994122,12l,M081518_036_3
036,M081518,-10.625,-18.80282,23.03378,40.4505,4,1.910017,0.9941245,0.005581669,13.987,1.552319,9.010389,12l,M081518_036_4
043,M081518,-20.0625,-9.16685,19.1904,40.4975,3,11.57357,0.9544653,0.04876616,7.260616,1.712164,4.240609,13m,M081518_043_3
044,M081518,-20.78125,-7.9596,18.9556,40.5,3,0.3506655,0.9976498,0.001175088,15.97166,1.693462,9.43137,13m,M081518_044_3
045,M081518,-10.8125,-20.93425,20.8821,39.0875,3,9.689174,0.9841363,0.03877791,8.390005,1.317808,6.366636,45,M081518_045_3
051,M081518,-16.6875,-11.6268,22.1828,39.325,3,1.434713,0.9879553,0.03701528,10.97115,1.568595,6.994249,13m,M081518_051_3
051,M081518,-16.6875,-11.6268,22.1828,39.325,4,1.13077,0.9976498,0.007050529,21.89907,2.41279,9.076243,13m,M081518_051_4
053,M081518,-20.59375,-9.30618,19.25338,39.145,2,6.910522,0.9982374,0.000293772,8.738663,1.22554,7.13046,13m,M081518_053_2
054,M081518,-21.3125,-8.15578,18.91068,39.145,2,0.4697909,0.9991187,0.009400705,14.53322,1.639102,8.866576,13m,M081518_054_2
061,M081518,-20.96875,-12.1422,17.85816,37.856,3,1.575124,0.9515276,0.001762632,13.02175,1.627605,8.000563,13l,M081518_061_3
068,M081518,-19.53125,-18.63815,15.52685,36.438,3,6.826411,0.9676851,0.01880141,7.722788,1.473723,5.240326,12o,M081518_068_3
069,M081518,-20.0625,-16.7,16.31555,36.6005,3,1.663267,0.9770858,0.009988249,8.659415,1.498678,5.778037,12o,M081518_069_3
069,M081518,-20.0625,-16.7,16.31555,36.6005,4,0.08390922,0.9927231,0,15.25246,1.671962,9.122493,12o,M081518_069_4
077,M081518,-17.5625,-21.66416,14.9368,35.085,3,3.29114,0.9720917,0.02027027,7.687849,1.34079,5.73382,AI,M081518_077_3
079,M081518,-21.375,-18.79083,14.25053,35.2125,3,1.738374,0.9988249,0.0005875441,9.728496,1.454775,6.687284,AI,M081518_079_3
079,M081518,-21.375,-18.79083,14.25053,35.2125,4,0.1186293,0.995984,0.01645123,12.37593,1.890972,6.544748,AI,M081518_079_4
080,M081518,-18.5625,-17.1422,18.0562,35.27,2,1.062409,0.9967685,0.004700352,10.88228,2.314107,4.702584,AI,M081518_080_2
083,M081518,-22.9375,-12.13773,16.83073,34.995,3,0.8176696,0.9803173,0.005287896,10.85724,1.572034,6.906491,13l,M081518_083_3
083,M081518,-22.9375,-12.13773,16.83073,34.995,4,1.748367,0.9803173,0.003525264,10.51099,3.062639,3.432003,13l,M081518_083_4
088,M081518,-23.78125,-5.89478,17.68362,33.225,3,3.459804,0.9991187,0.002643948,7.947821,1.216979,6.53078,cd,M081518_088_3
088,M081518,-23.78125,-5.89478,17.68362,33.225,4,0.08692568,0.9935149,0.004416636,10.30667,1.893907,5.442012,cd,M081518_088_4
088,M081518,-23.78125,-5.89478,17.68362,33.225,5,0.07520592,0.9935149,0.001297017,16.56404,1.739786,9.520737,cd,M081518_088_5
095,M081518,-25.34375,-12.77006,14.33161,33.5985,3,2.392238,0.9964747,0.00146886,10.46987,1.570916,6.664818,AI,M081518_095_3
099,M081518,-21.1875,-6.40114,20.51142,31.9945,3,0.8812527,0.9873678,0.03025852,8.382294,2.080039,4.029873,cd,M081518_099_3
106,M081518,-31.6875,-11.98924,7.9135,25.7325,2,2.15161,0.9800235,0.05640423,7.014848,1.488388,4.713051,AMG,M081518_106_2
109,M081518,-15.0625,-10.43274,25.6489,32.203,3,2.468743,0.9861927,0.01028202,7.963737,1.429979,5.56913,8B,M081518_109_3
109,M081518,-15.0625,-10.43274,25.6489,32.203,4,0.1411024,0.993537,0.002643948,14.083,1.528658,9.212655,8B,M081518_109_4
135,M081518,-12,-5.64677,30.10393,27.8545,1,3.52283,0.9668038,0.1157462,5.800638,1.536542,3.775124,24c,M081518_135_1
135,M081518,-12,-5.64677,30.10393,27.8545,2,1.102157,0.9952996,0.0005875441,15.37631,2.118831,7.256977,24c,M081518_135_2
135,M081518,-12,-5.64677,30.10393,27.8545,3,1.646438,0.9952996,0.002350176,14.84854,1.346952,11.02381,24c,M081518_135_3
135,M081518,-12,-5.64677,30.10393,27.8545,6,8.568292,0.9668038,0.02291422,6.644441,1.301178,5.106481,24c,M081518_135_6
138,M081518,-27.90625,-15.0268,10.0629,22.748,2,0.09952772,0.9037468,0.004521964,10.9257,1.908274,5.725435,pu,M081518_138_2
138,M081518,-27.90625,-15.0268,10.0629,22.748,3,0.4858488,0.9877261,0.02144536,10.87011,2.069502,5.252524,pu,M081518_138_3
139,M081518,-29.15625,-13.83314,9.92935,22.5155,3,0.1040406,0.9972171,0.01824366,10.31194,2.908207,3.545808,pu,M081518_139_3
147,M081518,-11.40625,-4.4815,31.24183,26.5095,3,3.508849,0.9976498,0.0640423,9.319617,1.372336,6.791061,24c,M081518_147_3
152,M081518,-10.8125,-10.63602,30.72372,23.45,3,1.209841,0.9879553,0.01792009,3.922069,1.741405,2.252244,6DC,M081518_152_3
152,M081518,-10.8125,-10.63602,30.72372,23.45,4,10.04674,1,0.002643948,15.42147,1.722857,8.951098,6DC,M081518_152_4
157,M081518,-16.0625,-4.74286,26.50399,25.1975,3,0.3790344,0.9979436,0.004406581,9.522647,2.063627,4.614518,24c,M081518_157_3
003,M081618,-7.84375,-14.53904,24.75328,45.805,3,1.382732,0.9958872,0.007638073,12.77009,1.683482,7.585521,12r,M081618_003_3
004,M081618,-8.96875,-13.48804,24.49756,45.8125,2,4.18116,0.9659224,0.02761457,5.653191,1.619624,3.490433,11ml,M081618_004_2
007,M081618,-12.625,-10.02292,23.2466,45.7525,2,6.442222,0.9585782,0.1583431,6.085106,1.230226,4.946331,11ml,M081618_007_2
007,M081618,-12.625,-10.02292,23.2466,45.7525,4,5.716187,0.9944183,0.01175088,10.70464,1.234771,8.669326,11ml,M081618_007_4
010,M081618,-8.34375,-16.96026,24.06114,44.48,3,0.7932241,0.9650905,0.003819037,12.11601,2.223715,5.448545,12r,M081618_010_3
010,M081618,-8.34375,-16.96026,24.06114,44.48,4,0.1034593,0.9650905,0.006029832,9.684061,1.943479,4.982849,12r,M081618_010_4
012,M081618,-10.21875,-14.95936,24.00076,44.355,3,6.636786,0.9612221,0.06844889,7.132474,1.377063,5.179484,12r,M081618_012_3
013,M081618,-11.15625,-13.89864,23.904,44.375,1,17.74049,0.9994125,0.005875441,7.826448,1.111044,7.04423,11ml,M081618_013_1
016,M081618,-13.59375,-9.00424,23.63296,44.408,3,1.074441,0.9991187,0.02085781,7.418903,1.279602,5.797819,11ml,M081618_016_3
024,M081618,-13.625,-10.13256,24.2595,43.216,2,7.276983,0.9826674,0.06962397,7.439825,1.263812,5.886811,11ml,M081618_024_2
026,M081618,-8.875,-19.319,23.47474,41.67,2,4.388646,0.9982374,0.007931845,11.60876,2.866043,4.050449,12l,M081618_026_2
026,M081618,-8.875,-19.319,23.47474,41.67,4,0.1977298,0.9994125,0,16.6504,1.71505,9.708407,12l,M081618_026_4
028,M081618,-12.90625,-16.9156,22.11104,41.655,1,1.689686,0.9988249,0.01057579,11.74247,1.563882,7.50854,12o,M081618_028_1
028,M081618,-12.90625,-16.9156,22.11104,41.655,3,6.157629,0.9615158,0.109577,5.389281,1.061454,5.077263,12o,M081618_028_3
036,M081618,-10.625,-18.80282,23.03378,40.4505,3,9.84225,0.9659224,0.1098707,7.140084,1.180199,6.049899,12l,M081618_036_3
037,M081618,-14.90625,-17.5821,20.2818,40.368,3,2.947517,0.9905993,0.07549942,7.984134,1.928863,4.139295,12o,M081618_037_3
039,M081618,-16.09375,-14.77742,20.87446,40.483,3,0.3206237,0.9852871,0.008813161,9.610918,1.926768,4.988104,13l,M081618_039_3
043,M081618,-20.0625,-9.16685,19.1904,40.4975,3,1.61431,0.9744418,0.01556992,9.137291,1.547376,5.905023,13m,M081618_043_3
044,M081618,-20.78125,-7.9596,18.9556,40.5,3,0.2338654,1,0.001762632,14.81408,2.077362,7.131201,13m,M081618_044_3
045,M081618,-11.0625,-20.9418,20.68412,39.08,1,7.2458,0.9753231,0.1101645,7.155182,1.42799,5.010666,45,M081618_045_1
054,M081618,-21.3125,-8.15578,18.91068,39.145,3,0.3781563,0.9970623,0.004700352,13.86515,1.447434,9.579122,13m,M081618_054_3
079,M081618,-21.375,-18.79083,14.25053,35.2125,2,0.9528738,0.9747356,0.008225617,5.262754,1.377587,3.82027,AI,M081618_079_2
079,M081618,-21.375,-18.79083,14.25053,35.2125,3,4.207963,0.9747356,0.01116334,8.240234,1.198136,6.877547,AI,M081618_079_3
079,M081618,-21.375,-18.79083,14.25053,35.2125,4,0.09246545,0.9930275,0.01944954,11.87993,2.213207,5.367745,AI,M081618_079_4
083,M081618,-22.9375,-12.13773,16.83073,34.995,2,1.780575,0.9970623,0.005875441,9.275385,2.220715,4.176757,13l,M081618_083_2
090,M081618,-17,-21.08518,16.71008,33.912,4,2.39387,0.9950058,0,12.75942,1.875821,6.802047,6VaVb,M081618_090_4
090,M081618,-17,-21.08518,16.71008,33.912,5,5.151496,0.9900118,0.07843713,6.934174,2.029755,3.416261,6VaVb,M081618_090_5
090,M081618,-17,-21.08518,16.71008,33.912,6,1.372313,0.9900118,0.007638073,11.13573,1.495275,7.447278,6VaVb,M081618_090_6
090,M081618,-17,-21.08518,16.71008,33.912,7,0.4286123,0.9988249,0.00146886,21.03011,1.767582,11.89767,6VaVb,M081618_090_7
095,M081618,-25.34375,-12.77006,14.33161,33.5985,2,2.205905,0.9953319,0.00146886,9.934578,1.454868,6.82851,AI,M081618_095_2
099,M081618,-21.1875,-6.40114,20.51142,31.9945,3,0.7360933,0.9800235,0.0199765,8.170532,2.292982,3.563278,cd,M081618_099_3
100,M081618,-18.4375,-5.17514,23.25946,32.0695,2,2.228699,0.9987915,0.04670975,8.697998,1.553548,5.598794,cd,M081618_100_2
113,M081618,-12.0625,-3.96912,30.04626,30.822,2,13.48093,0.9603408,0.1633372,6.51298,1.155613,5.635954,24c,M081618_113_2
123,M081618,-21,-6.45752,20.79876,29.402,1,15.22481,0.9720917,0.08548766,6.431377,1.353589,4.751353,cd,M081618_123_1
128,M081618,-20.28125,-13.9315,18.3555,24.961,3,2.851837,0.9982374,0.07050529,11.69018,1.349969,8.659586,pu,M081618_128_3
135,M081618,-12.375,-5.6652,29.7958,27.857,3,0.08650625,0.9965451,0.00268714,13.22484,2.142601,6.172331,24c,M081618_135_3
135,M081618,-12.375,-5.6652,29.7958,27.857,4,0.5611686,0.9965451,0,19.01525,2.36191,8.050794,24c,M081618_135_4
138,M081618,-27.90625,-15.0268,10.0629,22.748,3,0.3372555,0.9669097,0.008813161,9.873016,1.871875,5.274398,pu,M081618_138_3
147,M081618,-11.40625,-4.4815,31.24183,26.5095,3,3.944078,0.9882491,0.09488837,9.68787,1.254693,7.721309,24c,M081618_147_3
152,M081618,-11.1875,-10.63479,30.31844,23.3975,3,2.845266,0.9911869,0.007931845,8.448253,1.41166,5.984622,6DC,M081618_152_3
156,M081618,-19.09375,-5.91373,23.19792,25.37,3,7.225286,0.9647474,0.04905993,4.822386,0.9992384,4.826062,cd,M081618_156_3
003,M081718,-7.84375,-14.53904,24.75328,45.805,3,1.775075,0.9982374,0.004994125,13.33798,1.560698,8.546163,12r,M081718_003_3
004,M081718,-9.03125,-13.48804,24.49756,45.8125,3,4.067344,1,0.005581669,14.66463,1.44035,10.1813,11ml,M081718_004_3
005,M081718,-10.03125,-11.99384,24.4808,45.745,3,2.452796,0.9988249,0.0126322,13.47056,1.744479,7.721823,11ml,M081718_005_3
007,M081718,-12.625,-10.02292,23.2466,45.7525,2,6.518647,0.974148,0.126322,6.831993,1.138724,5.99969,11ml,M081718_007_2
007,M081718,-12.625,-10.02292,23.2466,45.7525,3,4.753291,0.9914806,0.008519389,11.61556,1.292743,8.985205,11ml,M081718_007_3
011,M081718,-8.28125,-15.97764,25.23036,44.395,3,3.152025,0.9688601,0.08754407,11.11072,1.593188,6.973891,12r,M081718_011_3
011,M081718,-8.28125,-15.97764,25.23036,44.395,4,2.618795,0.9688601,0.01556992,9.58805,1.544695,6.207082,12r,M081718_011_4
012,M081718,-10.28125,-14.96238,23.85108,44.345,1,12.00902,0.9621034,0.07226792,6.854409,1.632833,4.197864,12r,M081718_012_1
013,M081718,-11.15625,-13.89864,23.904,44.375,2,22.75079,0.9606345,0.03819036,5.621932,1.052696,5.340507,11ml,M081718_013_2
019,M081718,-9.96875,-16.70466,24.34144,43.031,3,0.5725497,0.9964747,0.004406581,10.114,2.285125,4.426015,12m,M081718_019_3
024,M081718,-13.625,-10.13256,24.2595,43.216,3,2.862908,0.9914806,0.007638073,7.704751,1.060412,7.26581,11ml,M081718_024_3
026,M081718,-8.875,-19.319,23.47474,41.67,2,3.417955,0.9623972,0.004700352,11.6357,3.501391,3.323164,12l,M081718_026_2
026,M081718,-8.875,-19.319,23.47474,41.67,3,2.45235,0.9888366,0.004112808,8.906981,1.822727,4.886623,12l,M081718_026_3
032,M081718,-14.84375,-11.42425,23.0555,41.888,3,2.539087,0.9856052,0.02438308,8.389873,1.933024,4.340283,11ml,M081718_032_3
034,M081718,-16.96875,-9.01426,22.05938,41.928,3,1.90376,0.9952996,0.01233843,6.723963,1.177769,5.70907,11ml,M081718_034_3
044,M081718,-20.78125,-7.9596,18.9556,40.5,2,0.224532,0.9997062,0.001762632,13.38151,1.68374,7.947493,13m,M081718_044_2
051,M081718,-16.8125,-11.63614,21.94604,39.3225,3,1.844835,0.9785547,0.007931845,8.371614,1.791498,4.672967,13m,M081718_051_3
054,M081718,-21.375,-8.15578,18.91068,39.145,3,0.3584023,0.9988249,0.00146886,13.86158,1.430813,9.687907,13m,M081718_054_3
060,M081718,-20.1875,-13.4258,18.2236,37.8635,3,3.63535,0.9717979,0.05728555,6.730547,1.683555,3.997819,13l,M081718_060_3
064,M081718,-23.40625,-8.49543,17.24991,37.6115,4,2.528911,0.9905993,0.123678,8.064257,1.394923,5.78115,13m,M081718_064_4
066,M081718,-16.28125,-21.38008,15.65152,36.408,3,7.086357,0.9550529,0.05640423,3.982666,1.156113,3.444876,12l,M081718_066_3
066,M081718,-16.28125,-21.38008,15.65152,36.408,4,7.327265,0.9668038,0.03407755,6.68926,1.754324,3.813012,12l,M081718_066_4
067,M081718,-17.15625,-20.2526,16.5444,36.443,3,1.633845,0.9955934,0.00293772,8.412638,1.70919,4.922001,12o,M081718_067_3
078,M081718,-15.25,-20.2941,18.84059,35.175,3,5.051148,0.9756169,0.03349001,7.589997,1.60231,4.73691,6VaVb,M081718_078_3
078,M081718,-15.25,-20.2941,18.84059,35.175,4,2.356011,0.9958872,0.003525264,14.15371,1.3706,10.32665,6VaVb,M081718_078_4
079,M081718,-21.4375,-18.79984,13.99444,35.21,2,4.932282,0.9911869,0.008813161,9.264642,1.211444,7.647599,AI,M081718_079_2
079,M081718,-21.4375,-18.79984,13.99444,35.21,4,0.6712117,0.9732667,0.02173913,8.52677,2.484996,3.431302,AI,M081718_079_4
079,M081718,-21.4375,-18.79984,13.99444,35.21,5,0.7191872,0.9732667,0.01380729,5.005178,1.234119,4.05567,AI,M081718_079_5
083,M081718,-22.9375,-12.13773,16.83073,34.995,3,1.697583,0.9958872,0.003819037,7.756977,1.947792,3.982446,13l,M081718_083_3
090,M081718,-17,-21.08518,16.71008,33.912,3,2.323216,0.9950058,0,11.00993,1.791887,6.144322,6VaVb,M081718_090_3
090,M081718,-17,-21.08518,16.71008,33.912,5,0.8725341,0.9955934,0.0005875441,20.91931,1.761061,11.87881,6VaVb,M081718_090_5
090,M081718,-17,-21.08518,16.71008,33.912,6,0.4662143,0.9950058,0.002643948,11.20776,1.433074,7.820782,6VaVb,M081718_090_6
095,M081718,-25.34375,-12.77006,14.33161,33.5985,3,2.203766,0.9946373,0,7.766152,1.262334,6.152215,AI,M081718_095_3
095,M081718,-25.34375,-12.77006,14.33161,33.5985,5,0.692388,0.9803173,0.02614571,6.669749,1.239901,5.379261,AI,M081718_095_5
113,M081718,-12.4375,-4.0076,29.4208,30.817,3,9.470497,0.943302,0.07843713,5.671348,1.331829,4.258314,24c,M081718_113_3
123,M081718,-21,-6.45752,20.79876,29.402,3,12.14472,0.970329,0.07256169,6.102663,1.44255,4.230468,cd,M081718_123_3
139,M081718,-29.34375,-13.81832,9.5343,22.463,3,0.979876,0.9841363,0.005581669,8.825019,2.171933,4.06321,pu,M081718_139_3
140,M081718,-27.96875,-12.73192,11.97684,22.608,3,3.638641,0.974148,0.08166862,8.648331,1.339394,6.456899,pu,M081718_140_3
149,M081718,-26.96875,-14.16132,12.32124,21.515,3,7.357944,0.9923619,0.0420094,7.645686,1.976037,3.869201,pu,M081718_149_3
149,M081718,-26.96875,-14.16132,12.32124,21.515,5,0.144619,0.9950058,0.001762632,12.2637,1.870499,6.556376,pu,M081718_149_5
152,M081718,-11.5625,-10.63356,29.91316,23.345,3,0.1937275,0.9991187,0.001175088,15.6207,1.895675,8.240178,6DC,M081718_152_3
003,M082018,-7.84375,-14.53904,24.75328,45.805,1,2.108319,0.9958872,0.01175088,12.68304,1.584844,8.002707,12r,M082018_003_1
004,M082018,-9.03125,-13.48804,24.49756,45.8125,4,5.15454,1,0.003231492,19.95398,1.309495,15.23791,11ml,M082018_004_4
005,M082018,-10.03125,-11.99384,24.4808,45.745,3,0.9009575,0.9885429,0.0126322,13.01685,1.64962,7.890817,11ml,M082018_005_3
005,M082018,-10.03125,-11.99384,24.4808,45.745,4,8.060403,0.9712104,0.02761457,8.348808,2.147149,3.888323,11ml,M082018_005_4
006,M082018,-12.15625,-10.69348,23.19624,45.715,3,3.631242,0.9559342,0.1154524,6.307249,1.143677,5.514889,11ml,M082018_006_3
011,M082018,-8.28125,-15.97764,25.23036,44.395,1,1.885969,0.9465335,0.1045828,8.856941,1.832914,4.832165,12r,M082018_011_1
011,M082018,-8.28125,-15.97764,25.23036,44.395,4,2.110836,0.9465335,0.02027027,9.995119,1.823118,5.482431,12r,M082018_011_4
013,M082018,-11.15625,-13.89864,23.904,44.375,2,27.07382,0.9885429,0.05787309,6.976023,1.054377,6.616249,11ml,M082018_013_2
014,M082018,-13.71875,-11.05172,22.71031,44.3675,3,1.879917,0.9923619,0.01145711,7.967991,1.855871,4.293396,11ml,M082018_014_3
019,M082018,-10.03125,-16.70466,24.34144,43.031,3,3.166735,0.9720917,0.01850764,6.814935,2.776927,2.454128,12m,M082018_019_3
019,M082018,-10.03125,-16.70466,24.34144,43.031,4,0.06089919,0.9948064,0.01180359,12.75086,1.914953,6.658575,12m,M082018_019_4
026,M082018,-8.875,-19.319,23.47474,41.67,3,2.558207,0.9920682,0.01556992,9.829515,1.518931,6.471337,12l,M082018_026_3
032,M082018,-14.84375,-11.42425,23.0555,41.888,3,0.4928621,0.9970623,0.0293772,9.891709,2.580398,3.833404,11ml,M082018_032_3
033,M082018,-16.5,-10.30587,21.85838,41.748,2,5.158557,0.9903055,0.004700352,7.961277,1.328012,5.994882,11ml,M082018_033_2
034,M082018,-16.96875,-9.01426,22.05938,41.928,3,1.805005,0.9964747,0.01145711,6.508823,1.093246,5.953667,11ml,M082018_034_3
036,M082018,-10.875,-18.8078,22.8542,40.443,2,7.474886,0.9594595,0.001175088,16.11232,2.805162,5.74381,12l,M082018_036_2
039,M082018,-16.15625,-14.77742,20.87446,40.483,2,14.51133,0.9271445,0.08372503,5.951194,1.554626,3.828056,13l,M082018_039_2
039,M082018,-16.15625,-14.77742,20.87446,40.483,3,0.379871,0.9955934,0.02115159,11.35699,1.485359,7.645958,13l,M082018_039_3
044,M082018,-20.78125,-7.9596,18.9556,40.5,3,0.6609192,0.9947121,0.056698,6.19852,1.381799,4.485834,13m,M082018_044_3
054,M082018,-21.4375,-8.15578,18.91068,39.145,3,0.4902073,0.9988249,0.007344301,12.5969,1.314101,9.585943,13m,M082018_054_3
060,M082018,-20.1875,-13.4258,18.2236,37.8635,3,14.03558,0.9811986,0.01410106,5.850127,1.02071,5.731431,13l,M082018_060_3
064,M082018,-23.40625,-8.49543,17.24991,37.6115,2,25.83032,0.9192127,0.0619859,4.432078,1.080239,4.10287,13m,M082018_064_2
066,M082018,-16.34375,-21.38008,15.65152,36.408,3,4.41327,0.9353701,0.0199765,6.443482,1.903484,3.385099,12l,M082018_066_3
068,M082018,-19.53125,-18.63815,15.52685,36.438,3,5.492658,0.9247944,0.01439483,8.722546,1.199868,7.269588,12o,M082018_068_3
069,M082018,-20.1875,-16.7,16.31555,36.6005,3,2.268121,0.9615158,0.005875441,8.704494,1.5479,5.62342,12o,M082018_069_3
069,M082018,-20.1875,-16.7,16.31555,36.6005,4,1.158082,0.9615158,0.003819037,12.08631,1.558124,7.756964,12o,M082018_069_4
078,M082018,-15.625,-20.308,18.5315,35.17,1,5.501421,0.9994125,0.02085781,4.034721,1.041863,3.872604,6VaVb,M082018_078_1
078,M082018,-15.625,-20.308,18.5315,35.17,3,9.148558,0.9762045,0.02320799,7.845851,1.427043,5.497977,6VaVb,M082018_078_3
078,M082018,-15.625,-20.308,18.5315,35.17,4,3.666002,0.9970623,0.0005875441,17.72593,2.140663,8.280581,6VaVb,M082018_078_4
078,M082018,-15.625,-20.308,18.5315,35.17,5,0.6533782,0.9950058,0.004700352,17.55019,1.963866,8.936549,6VaVb,M082018_078_5
079,M082018,-21.4375,-18.79984,13.99444,35.21,3,0.8044631,0.9879553,0.02144536,8.229583,2.594368,3.172096,AI,M082018_079_3
080,M082018,-18.6875,-17.1422,18.0562,35.27,2,0.3501198,0.9985312,0.0008813161,11.33661,2.222495,5.10085,AI,M082018_080_2
088,M082018,-23.96875,-5.91307,17.39603,33.2175,3,0.5723296,0.9923619,0.0126322,9.749192,2.059096,4.734696,cd,M082018_088_3
090,M082018,-17,-21.08518,16.71008,33.912,3,3.407069,0.9920682,0.004700352,9.912035,1.301384,7.616532,6VaVb,M082018_090_3
092,M082018,-19.0625,-17.71125,17.81095,33.8455,2,4.176686,1,0.00293772,17.73916,1.96535,9.025953,AI,M082018_092_2
095,M082018,-25.34375,-12.77006,14.33161,33.5985,3,0.9062502,0.9838426,0.03437133,7.056769,2.258363,3.124727,AI,M082018_095_3
096,M082018,-25.59375,-11.25975,14.75762,33.7085,2,1.578939,0.9883876,0.007050529,9.054172,1.209511,7.485809,AI,M082018_096_2
096,M082018,-25.59375,-11.25975,14.75762,33.7085,3,0.06532004,0.9883876,0.01965163,11.48948,1.783508,6.44207,AI,M082018_096_3
123,M082018,-21,-6.45752,20.79876,29.402,3,9.308352,0.9926557,0.02115159,7.619188,1.173665,6.49179,cd,M082018_123_3
123,M082018,-21,-6.45752,20.79876,29.402,4,0.2814846,0.9926557,0.01556992,13.23021,1.419951,9.317369,cd,M082018_123_4
128,M082018,-21.28125,-13.88833,17.15313,24.7885,1,21.41223,0.9591657,0.08783784,4.893497,0.960085,5.096941,pu,M082018_128_1
138,M082018,-28.03125,-15.0268,10.0629,22.748,2,0.8008748,0.9841363,0.05229142,8.470244,2.190245,3.867259,pu,M082018_138_2
138,M082018,-28.03125,-15.0268,10.0629,22.748,4,0.2820223,0.9841363,0.00293772,14.0697,1.587045,8.865342,pu,M082018_138_4
140,M082018,-27.96875,-12.73192,11.97684,22.608,3,4.890991,0.9882491,0.03936545,9.476789,1.259783,7.522557,pu,M082018_140_3
146,M082018,-11.1875,-5.528,31.21224,26.507,1,14.49308,0.9941245,0.0672738,8.302262,1.401619,5.923338,24c,M082018_146_1
147,M082018,-11.65625,-4.501,30.93742,26.512,3,2.043967,0.9732667,0.01880141,7.658264,1.549888,4.941172,24c,M082018_147_3
149,M082018,-26.96875,-14.16132,12.32124,21.515,1,7.669153,0.9803173,0.1098707,6.655707,1.908204,3.487943,pu,M082018_149_1
003,M082118,-7.84375,-14.53904,24.75328,45.805,2,2.450964,0.9979436,0.009988249,12.66476,1.6839,7.521088,12r,M082118_003_2
004,M082118,-9.03125,-13.48804,24.49756,45.8125,1,5.788512,1,0.0005875441,18.51825,1.259911,14.69805,11ml,M082118_004_1
005,M082118,-10.03125,-11.99384,24.4808,45.745,3,0.9219359,0.9641598,0.1210341,10.94834,1.751135,6.252141,11ml,M082118_005_3
005,M082118,-10.03125,-11.99384,24.4808,45.745,4,5.602697,0.9641598,0.01909518,8.200431,1.348118,6.082873,11ml,M082118_005_4
007,M082118,-12.6875,-10.02292,23.2466,45.7525,3,3.30535,0.9306698,0.02144536,8.164637,1.238847,6.59051,11ml,M082118_007_3
007,M082118,-12.6875,-10.02292,23.2466,45.7525,4,4.053641,0.9306698,0.04465335,7.744523,1.283149,6.035562,11ml,M082118_007_4
010,M082118,-8.34375,-16.96026,24.06114,44.48,2,0.08674022,1,0.00130166,24.80379,2.753406,9.008401,12r,M082118_010_2
011,M082118,-8.34375,-15.97865,25.10235,44.385,3,0.9031354,0.949765,0.00293772,13.03164,1.750597,7.444116,12r,M082118_011_3
014,M082118,-13.78125,-11.0492,22.5571,44.36,3,0.3094116,1,0.0008813161,19.62229,3.778595,5.193011,11ml,M082118_014_3
018,M082118,-8.5,-17.869,24.59375,43.0235,4,3.649482,1,0.001175088,23.30182,2.274741,10.24373,12m,M082118_018_4
019,M082118,-10.09375,-16.70775,24.2065,43.0235,3,1.579017,0.9952996,0.000293772,14.89877,1.764672,8.442797,12m,M082118_019_3
019,M082118,-10.09375,-16.70775,24.2065,43.0235,4,0.107498,0.9950058,0.006756757,10.33569,1.805828,5.72352,12m,M082118_019_4
019,M082118,-10.09375,-16.70775,24.2065,43.0235,5,1.852316,0.9779671,0.009694478,7.395614,1.737085,4.257486,12m,M082118_019_5
026,M082118,-8.875,-19.319,23.47474,41.67,3,2.13107,0.9920682,0.01175088,9.604,1.607819,5.97331,12l,M082118_026_3
035,M082118,-11.1875,-20.29442,20.71804,40.313,2,4.143884,0.9932432,0.007931845,10.78387,1.493424,7.220906,12l,M082118_035_2
036,M082118,-10.875,-18.8078,22.8542,40.443,1,11.48986,0.9994125,0.006169213,16.6225,3.849034,4.318615,12l,M082118_036_1
039,M082118,-16.15625,-14.77742,20.87446,40.483,1,13.20357,0.9453584,0.04494712,5.998723,1.406991,4.263512,13l,M082118_039_1
039,M082118,-16.15625,-14.77742,20.87446,40.483,4,0.2471154,0.9929495,0.01762632,10.04538,1.942909,5.170277,13l,M082118_039_4
048,M082118,-17.625,-16.3321,18.89435,39.0125,1,3.300126,0.9903055,0.005287896,4.024633,0.9909479,4.061398,13l,M082118_048_1
054,M082118,-21.5,-8.17275,18.623,39.145,1,0.78059,0.9950058,0.01556992,9.01859,1.444482,6.243477,13m,M082118_054_1
060,M082118,-20.1875,-13.4258,18.2236,37.8635,2,11.43235,0.9685664,0.04024677,5.143977,1.063039,4.838935,13l,M082118_060_2
063,M082118,-23.25,-9.73475,16.82425,37.789,3,3.398598,0.9994125,0.01527615,9.730357,1.523408,6.387228,13m,M082118_063_3
068,M082118,-19.53125,-18.63815,15.52685,36.438,2,5.604621,0.9735605,0.01175088,7.942537,1.289722,6.15833,12o,M082118_068_2
069,M082118,-20.1875,-16.7,16.31555,36.6005,3,2.505278,0.9506463,0.01057579,9.110785,1.779987,5.118456,12o,M082118_069_3
078,M082118,-15.875,-20.3219,18.22241,35.165,3,2.468336,0.9723854,0.00146886,8.002061,1.416194,5.650398,6VaVb,M082118_078_3
079,M082118,-21.5,-18.79984,13.99444,35.21,3,2.117665,0.9659224,0.01968273,5.433344,1.415643,3.838074,AI,M082118_079_3
083,M082118,-23,-12.13773,16.83073,34.995,3,0.4521145,1,0.003231492,17.92885,1.67631,10.69542,13l,M082118_083_3
090,M082118,-17,-21.08518,16.71008,33.912,2,1.608409,0.9914806,0.007638073,8.734471,1.57895,5.531823,6VaVb,M082118_090_2
091,M082118,-17.75,-19.2911,17.69003,33.9345,2,25.2631,0.9412456,0.09841363,5.836067,1.319586,4.422649,AI,M082118_091_2
096,M082118,-25.59375,-11.25975,14.75762,33.7085,3,2.527506,0.9914806,0.003525264,9.009418,1.147732,7.849755,AI,M082118_096_3
096,M082118,-25.59375,-11.25975,14.75762,33.7085,4,0.1913074,0.9914806,0.01057579,10.85536,1.570159,6.913546,AI,M082118_096_4
101,M082118,-13.625,-21.94176,19.21748,32.619,2,0.08691766,0.8376623,0.002597403,10.58487,1.470536,7.197967,44,M082118_101_2
101,M082118,-13.625,-21.94176,19.21748,32.619,6,0.6927908,0.988961,0.0005875441,13.72377,2.021295,6.789594,44,M082118_101_6
101,M082118,-13.625,-21.94176,19.21748,32.619,7,0.3848846,0.9994125,0.0005875441,21.84031,1.664379,13.1222,44,M082118_101_7
105,M082118,-30.59375,-13.23572,8.37954,25.935,3,0.2777302,0.9905993,0.009694478,8.818941,2.309466,3.818607,AMG,M082118_105_3
117,M082118,-33.25,-13.34436,5.59457,24.2745,3,11.04101,0.9459459,0.04612221,5.997698,1.571963,3.815419,AMG,M082118_117_3
123,M082118,-21,-6.45752,20.79876,29.402,1,11.96859,0.9715041,0.06521739,6.161448,1.311415,4.69832,cd,M082118_123_1
130,M082118,-32.59375,-11.286,7.83121,23.1785,2,5.621192,0.989718,0.007638073,6.928702,1.467398,4.721762,AMG,M082118_130_2
138,M082118,-28.03125,-15.0268,10.0629,22.748,2,0.09316135,0.9953974,0.005523167,14.40591,1.689563,8.526413,pu,M082118_138_2
139,M082118,-29.53125,-13.81832,9.5343,22.463,1,11.21732,0.9568155,0.0420094,6.029007,2.194526,2.747293,pu,M082118_139_1
140,M082118,-27.96875,-12.73192,11.97684,22.608,3,3.517565,0.9944183,0.01586369,9.888858,1.16596,8.4813,pu,M082118_140_3
003,M082218,-7.84375,-14.53904,24.75328,45.805,3,2.213034,0.9973561,0.001762632,12.3948,1.653847,7.494531,12r,M082218_003_3
004,M082218,-9.03125,-13.48804,24.49756,45.8125,2,6.226649,1,0.004700352,17.47445,1.289274,13.55372,11ml,M082218_004_2
005,M082218,-10.03125,-11.99384,24.4808,45.745,2,4.571113,0.9688601,0.01116334,9.057642,1.387984,6.525752,11ml,M082218_005_2
007,M082218,-12.6875,-10.02292,23.2466,45.7525,3,3.547745,0.9189189,0.06316099,7.219798,1.263762,5.712944,11ml,M082218_007_3
010,M082218,-8.40625,-16.96026,24.06114,44.48,3,9.226423,0.9879553,0.0913631,7.893416,1.507496,5.23611,12r,M082218_010_3
010,M082218,-8.40625,-16.96026,24.06114,44.48,4,1.461561,0.9905993,0.007931845,12.36135,1.876153,6.588671,12r,M082218_010_4
011,M082218,-8.34375,-15.97865,25.10235,44.385,3,2.84331,0.9914806,0.007050529,11.58861,1.579049,7.338978,12r,M082218_011_3
014,M082218,-13.78125,-11.0492,22.5571,44.36,3,1.019732,0.9565217,0.03290247,8.841259,1.732186,5.104105,11ml,M082218_014_3
014,M082218,-13.78125,-11.0492,22.5571,44.36,4,0.6111789,0.9565217,0.005875441,7.674519,1.42949,5.36871,11ml,M082218_014_4
017,M082218,-7,-18.952,24.75967,42.9635,3,6.831867,0.9823737,0.006756757,10.23592,1.826662,5.603621,12l,M082218_017_3
018,M082218,-8.5,-17.869,24.59375,43.0235,3,2.858601,1,0.02967098,14.15137,1.555593,9.097086,12m,M082218_018_3
019,M082218,-10.15625,-16.70775,24.2065,43.0235,3,0.3185658,0.9923619,0.005581669,7.825116,1.839713,4.253445,12m,M082218_019_3
024,M082218,-13.8125,-10.142,24.07675,43.211,3,2.56609,0.9829612,0.03231492,6.68136,1.324883,5.04298,11ml,M082218_024_3
024,M082218,-13.8125,-10.142,24.07675,43.211,5,0.4219452,0.9635723,0.002056404,14.82708,1.780686,8.326612,11ml,M082218_024_5
024,M082218,-13.8125,-10.142,24.07675,43.211,6,0.3912614,0.9635723,0.003231492,12.36265,1.700736,7.268998,11ml,M082218_024_6
026,M082218,-8.9375,-19.319,23.34113,41.6625,3,13.19086,0.9509401,0.0252644,4.967574,1.159937,4.282625,12l,M082218_026_3
033,M082218,-16.5,-10.30587,21.85838,41.748,3,1.679455,0.9841363,0.01233843,7.522262,1.321791,5.690963,11ml,M082218_033_3
036,M082218,-10.875,-18.8078,22.8542,40.443,1,13.35794,0.9903055,0.05552291,8.205802,1.509736,5.435256,12l,M082218_036_1
039,M082218,-16.21875,-14.77742,20.87446,40.483,4,0.2018229,0.9973561,0.01380729,11.37394,2.376591,4.785821,13l,M082218_039_4
039,M082218,-16.21875,-14.77742,20.87446,40.483,5,5.385764,0.9988249,0,10.96006,1.438615,7.618481,13l,M082218_039_5
044,M082218,-20.90625,-7.97547,18.69717,40.4975,2,7.13696,0.9365453,0.03701528,8.084165,1.545082,5.232193,13m,M082218_044_2
044,M082218,-20.90625,-7.97547,18.69717,40.4975,5,1.593317,0.9826674,0.01527615,13.20634,1.591928,8.295817,13m,M082218_044_5
044,M082218,-20.90625,-7.97547,18.69717,40.4975,6,0.5301006,0.9779671,0,10.9793,1.563796,7.020927,13m,M082218_044_6
048,M082218,-17.6875,-16.34144,18.62534,39.005,3,0.2307933,0.9882491,0.02878966,10.24219,2.755293,3.717278,13l,M082218_048_3
049,M082218,-16.375,-14.8938,20.8844,39.2,3,4.466698,0.9994125,0,11.39408,1.921086,5.931063,13l,M082218_049_3
051,M082218,-17.0625,-11.64548,21.70928,39.32,2,2.943922,0.985899,0.01321974,11.77032,1.510069,7.794559,13m,M082218_051_2
063,M082218,-23.25,-9.73475,16.82425,37.789,3,3.860683,0.9776734,0.0619859,5.788582,1.701846,3.401355,13m,M082218_063_3
066,M082218,-16.46875,-21.38856,15.42164,36.403,2,9.464314,0.9215629,0.08078731,3.91378,1.325657,2.952332,12l,M082218_066_2
068,M082218,-19.59375,-18.63815,15.52685,36.438,2,5.950715,0.9274383,0.02820211,8.676773,1.321833,6.564198,12o,M082218_068_2
069,M082218,-20.1875,-16.7,16.31555,36.6005,3,4.101399,0.9735605,0.02820211,7.391757,1.853727,3.987511,12o,M082218_069_3
077,M082218,-17.9375,-21.68112,14.4156,35.075,2,2.746256,0.9950058,0.002643948,5.194911,1.549366,3.352927,AI,M082218_077_2
079,M082218,-21.5625,-18.79984,13.99444,35.21,3,2.933982,0.972973,0.04024677,5.987096,2.01708,2.968199,AI,M082218_079_3
085,M082218,-26.03125,-9.27684,14.62272,35.05,3,5.573637,0.9764982,0.05111633,7.456921,1.669658,4.466138,13m,M082218_085_3
095,M082218,-25.46875,-12.77006,14.33161,33.5985,3,4.598916,0.9894242,0.01674501,7.334647,1.226045,5.982363,AI,M082218_095_3
096,M082218,-25.59375,-11.25975,14.75762,33.7085,3,2.118019,0.9973561,0,11.59364,1.226614,9.451737,AI,M082218_096_3
096,M082218,-25.59375,-11.25975,14.75762,33.7085,4,0.2263955,0.9973561,0.00146886,13.33107,1.822772,7.313625,AI,M082218_096_4
101,M082218,-14,-21.95332,18.92286,32.6165,3,1.750091,0.9838426,0.001175088,9.577441,1.966213,4.87101,44,M082218_101_3
101,M082218,-14,-21.95332,18.92286,32.6165,4,0.6366413,0.9838426,0.005581669,15.7977,2.020626,7.818219,44,M082218_101_4
113,M082218,-13.8125,-4.08456,28.16988,30.807,3,3.763813,0.9694477,0.01116334,7.213675,1.271527,5.67324,24c,M082218_113_3
113,M082218,-13.8125,-4.08456,28.16988,30.807,4,3.982117,0.9694477,0.04318449,6.877921,2.004249,3.431671,24c,M082218_113_4
138,M082218,-28.03125,-15.0268,10.0629,22.748,3,0.1176312,0.9982374,0.005287896,15.09707,2.15692,6.999368,pu,M082218_138_3
140,M082218,-27.96875,-12.73192,11.97684,22.608,3,4.36086,0.989718,0.08636898,9.365286,1.398662,6.69589,pu,M082218_140_3
157,M082218,-16.5,-4.77858,25.87697,25.2125,1,31.33367,0.9571093,0.08019976,5.18444,1.128661,4.593443,24c,M082218_157_1
003,M082318,-7.84375,-14.53904,24.75328,45.805,3,2.022956,0.9958872,0.007931845,13.28747,1.507069,8.816762,12r,M082318_003_3
004,M082318,-9.03125,-13.48804,24.49756,45.8125,4,4.897614,1,0.003819037,20.75561,2.0405,10.17182,11ml,M082318_004_4
005,M082318,-10.03125,-11.99384,24.4808,45.745,2,5.851952,0.9048179,0.1145711,6.41345,1.830471,3.503716,11ml,M082318_005_2
007,M082318,-12.6875,-10.02292,23.2466,45.7525,1,3.050329,0.9544653,0.05376028,7.823711,1.452425,5.386653,11ml,M082318_007_1
007,M082318,-12.6875,-10.02292,23.2466,45.7525,4,4.447512,0.9544653,0.02056404,8.944165,1.217216,7.348053,11ml,M082318_007_4
010,M082318,-8.40625,-16.96026,24.06114,44.48,4,1.28624,0.9776734,0.002350176,13.1886,2.030687,6.49465,12r,M082318_010_4
010,M082318,-8.40625,-16.96026,24.06114,44.48,5,0.1919095,0.9776734,0.002056404,10.08582,1.543301,6.535227,12r,M082318_010_5
012,M082318,-10.46875,-14.9654,23.7014,44.335,3,0.6516026,0.9623972,0.003819037,12.95696,1.600002,8.098086,11ml,M082318_012_3
012,M082318,-10.46875,-14.9654,23.7014,44.335,4,0.405426,0.9623972,0.06286722,13.9214,2.077782,6.700128,11ml,M082318_012_4
014,M082318,-13.78125,-11.0492,22.5571,44.36,3,3.512036,0.983255,0.03789659,5.941084,2.365118,2.511961,11ml,M082318_014_3
017,M082318,-7,-18.952,24.75967,42.9635,3,0.8924053,0.9958872,0.002350176,8.018407,2.239665,3.580182,12l,M082318_017_3
018,M082318,-8.5,-17.869,24.59375,43.0235,3,6.207666,0.9532902,0.009988249,7.445897,1.596117,4.665006,12m,M082318_018_3
018,M082318,-8.5,-17.869,24.59375,43.0235,4,3.897936,0.9532902,0.08284371,9.356956,1.871295,5.000258,12m,M082318_018_4
019,M082318,-10.15625,-16.70775,24.2065,43.0235,2,0.2359417,0.9973561,0.004112808,11.69184,1.927369,6.066219,12m,M082318_019_2
024,M082318,-13.9375,-10.15144,23.894,43.206,3,3.02063,0.9850176,0.007638073,10.41023,1.499422,6.942828,11ml,M082318_024_3
024,M082318,-13.9375,-10.15144,23.894,43.206,4,3.307317,0.9904282,0.01645123,10.88491,1.303446,8.35087,11ml,M082318_024_4
024,M082318,-13.9375,-10.15144,23.894,43.206,6,2.729515,0.9659224,0.01792009,6.696146,1.308354,5.117992,11ml,M082318_024_6
026,M082318,-8.9375,-19.319,23.34113,41.6625,3,2.032077,0.9979436,0.001762632,14.76986,1.627609,9.074574,12l,M082318_026_3
029,M082318,-14.21875,-15.71175,21.83146,41.7155,1,4.789896,0.9811986,0.1336663,8.037148,1.274337,6.306926,12o,M082318_029_1
032,M082318,-14.96875,-11.42425,23.0555,41.888,2,10.56404,0.8713279,0.1078143,5.766012,1.528953,3.771217,11ml,M082318_032_2
036,M082318,-10.875,-18.8078,22.8542,40.443,2,10.3541,0.9903055,0.09106933,10.19458,1.518702,6.712696,12l,M082318_036_2
037,M082318,-15.21875,-17.58923,20.06874,40.3605,3,1.635133,0.9835488,0.04641598,7.763326,2.096154,3.703604,12o,M082318_037_3
039,M082318,-16.21875,-14.77742,20.87446,40.483,3,6.512192,0.9994125,0,10.68603,1.401798,7.623085,13l,M082318_039_3
039,M082318,-16.21875,-14.77742,20.87446,40.483,4,0.1748831,0.9944183,0.01086957,12.01582,2.674276,4.49311,13l,M082318_039_4
043,M082318,-20.0625,-9.16685,19.1904,40.4975,2,6.39889,0.9459459,0.03877791,6.77184,1.541736,4.392349,13m,M082318_043_2
044,M082318,-20.90625,-7.97547,18.69717,40.4975,3,0.6452053,0.9994125,0.006756757,13.70351,1.699892,8.061401,13m,M082318_044_3
049,M082318,-16.375,-14.8938,20.8844,39.2,5,4.804902,0.9994125,0,12.26942,2.049033,5.987907,13l,M082318_049_5
051,M082318,-17.0625,-11.64548,21.70928,39.32,3,4.934984,0.9694477,0.03613396,7.83944,1.582539,4.95371,13m,M082318_051_3
060,M082318,-20.3125,-13.43612,17.91424,37.861,1,13.03194,0.9791422,0.02555817,6.050378,1.187928,5.09322,13l,M082318_060_1
067,M082318,-17.46875,-20.2759,16.0126,36.433,3,2.243801,0.9923619,0.007931845,8.288768,1.424818,5.817422,12o,M082318_067_3
068,M082318,-19.59375,-18.63815,15.52685,36.438,3,2.584859,0.989718,0.005581669,10.05911,1.315721,7.645325,12o,M082318_068_3
069,M082318,-20.25,-16.7,16.31555,36.6005,2,4.51176,0.9732667,0.01498237,8.180789,1.577085,5.187285,12o,M082318_069_2
069,M082318,-20.25,-16.7,16.31555,36.6005,3,0.9550579,0.9427145,0.005287896,13.84766,1.746572,7.928478,12o,M082318_069_3
074,M082318,-23.375,-9.89375,17.1685,36.3185,3,0.5236679,0.9929495,0.00293772,5.302694,1.813776,2.923565,13m,M082318_074_3
077,M082318,-18,-21.68112,14.4156,35.075,3,1.172573,0.9964747,0.004112808,7.069097,1.408782,5.017877,AI,M082318_077_3
085,M082318,-26.03125,-9.27684,14.62272,35.05,2,7.538361,0.9920682,0.03760282,8.194072,1.443135,5.677968,13m,M082318_085_2
088,M082318,-24.15625,-5.93136,17.10844,33.21,3,1.627341,0.9923619,0.004994125,13.83656,1.623486,8.522745,cd,M082318_088_3
094,M082318,-22.875,-14.35104,16.13152,33.576,3,1.78253,0.9803173,0.04670975,6.875408,1.867094,3.68241,AI,M082318_094_3
096,M082318,-25.59375,-11.25975,14.75762,33.7085,2,3.51915,1,0.001175088,12.70842,1.231906,10.31607,AI,M082318_096_2
101,M082318,-14.375,-21.97644,18.33362,32.6115,1,0.7768208,0.9500588,0.00146886,9.976688,1.384259,7.207241,44,M082318_101_1
101,M082318,-14.375,-21.97644,18.33362,32.6115,5,4.107624,0.9500588,0.02027027,7.620616,1.478847,5.15308,44,M082318_101_5
101,M082318,-14.375,-21.97644,18.33362,32.6115,6,1.523941,0.9867803,0.001175088,14.18668,1.592317,8.909455,44,M082318_101_6
112,M082318,-24.53125,-5.65864,17.38532,30.695,1,4.452537,0.9841363,0.01615746,7.547574,1.631485,4.626197,cd,M082318_112_1
117,M082318,-33.375,-13.34436,5.59457,24.2745,1,16.13797,0.9245006,0.1507051,5.344656,1.137163,4.69999,AMG,M082318_117_1
128,M082318,-23.28125,-13.83077,15.54997,24.5585,3,0.7917745,0.9947121,0.004994125,13.05593,1.62208,8.048883,pu,M082318_128_3
130,M082318,-32.71875,-11.28,7.43462,23.121,3,5.432625,0.9873678,0.08490012,7.779984,1.123305,6.925976,AMG,M082318_130_3
140,M082318,-27.96875,-12.73192,11.97684,22.608,3,3.046262,0.9829612,0.0619859,7.391107,1.593293,4.638887,pu,M082318_140_3
149,M082318,-27.21875,-14.16132,12.32124,21.515,3,0.4412981,0.996181,0.003819037,15.0212,2.294926,6.545395,pu,M082318_149_3
155,M082318,-20.3125,-6.83735,21.88745,25.39,4,3.253336,0.9982374,0.001762632,11.48037,1.832803,6.263833,cd,M082318_155_4
003,M082418,-7.84375,-14.53904,24.75328,45.805,2,2.474901,0.9997062,0.0273208,12.69918,1.486601,8.54243,12r,M082418_003_2
004,M082418,-9.03125,-13.48804,24.49756,45.8125,4,4.118112,1,0.0005875441,20.68031,1.304714,15.85046,11ml,M082418_004_4
005,M082418,-10.03125,-11.99384,24.4808,45.745,3,4.630348,0.934195,0.01145711,9.948467,1.284759,7.743451,11ml,M082418_005_3
005,M082418,-10.03125,-11.99384,24.4808,45.745,4,3.333805,0.9544653,0.04964747,5.958018,1.602496,3.717961,11ml,M082418_005_4
006,M082418,-12.3125,-10.69046,23.03648,45.7075,2,0.9878346,0.9938308,0.0472973,9.227135,1.413037,6.530001,11ml,M082418_006_2
010,M082418,-8.40625,-16.96026,24.06114,44.48,3,1.978711,0.987074,0.02144536,11.08351,2.191618,5.057226,12r,M082418_010_3
010,M082418,-8.40625,-16.96026,24.06114,44.48,4,4.531682,0.987074,0.02438308,10.2214,2.833442,3.607413,12r,M082418_010_4
011,M082418,-8.46875,-15.97966,24.97434,44.375,2,0.8364681,0.9908931,0.009400705,12.65081,1.805606,7.006407,12r,M082418_011_2
011,M082418,-8.46875,-15.97966,24.97434,44.375,4,0.3654979,0.9908931,0.001762632,18.77205,2.459514,7.632424,12r,M082418_011_4
012,M082418,-10.46875,-14.9654,23.7014,44.335,3,1.064512,1,0.004112808,21.03999,2.073252,10.1483,11ml,M082418_012_3
012,M082418,-10.46875,-14.9654,23.7014,44.335,4,2.380422,0.9518214,0.0126322,6.046533,1.682514,3.593749,11ml,M082418_012_4
013,M082418,-11.34375,-13.90267,23.7775,44.3675,3,1.838254,0.9985312,0.02996475,8.847784,1.381726,6.403429,11ml,M082418_013_3
017,M082418,-7,-18.952,24.75967,42.9635,2,3.54145,0.9941245,0.05170388,8.626586,1.507774,5.721404,12l,M082418_017_2
018,M082418,-8.625,-17.87024,24.48048,43.016,2,4.545035,0.9621034,0.005581669,10.55104,1.406894,7.499525,12m,M082418_018_2
018,M082418,-8.625,-17.87024,24.48048,43.016,4,4.850465,0.9850176,0.03025852,13.3607,2.024638,6.599058,12m,M082418_018_4
018,M082418,-8.625,-17.87024,24.48048,43.016,6,2.816603,0.9621034,0.007638073,9.672117,1.873549,5.162458,12m,M082418_018_6
019,M082418,-10.28125,-16.71084,24.07156,43.016,3,4.242026,0.9905993,0.05052879,7.332626,1.152461,6.36258,12m,M082418_019_3
019,M082418,-10.28125,-16.71084,24.07156,43.016,4,0.04793844,0.9994962,0.01712846,13.26718,1.454264,9.122957,12m,M082418_019_4
024,M082418,-13.9375,-10.15144,23.894,43.206,3,4.43526,0.9083431,0.08519389,6.765193,1.840081,3.676574,11ml,M082418_024_3
024,M082418,-13.9375,-10.15144,23.894,43.206,5,2.946519,0.9891304,0.004406581,8.254209,1.177091,7.012379,11ml,M082418_024_5
029,M082418,-14.21875,-15.71175,21.83146,41.7155,3,2.315904,0.9967685,0.1454172,9.25743,1.177897,7.859287,12o,M082418_029_3
032,M082418,-15.09375,-11.43064,22.85732,41.883,2,5.167668,0.9770858,0.03907168,7.695541,1.8277,4.210507,11ml,M082418_032_2
032,M082418,-15.09375,-11.43064,22.85732,41.883,3,0.3650216,0.9941245,0.002350176,16.13461,2.906899,5.550456,11ml,M082418_032_3
036,M082418,-10.875,-18.8078,22.8542,40.443,2,12.13035,0.9723854,0.1034078,6.606713,1.551496,4.258285,12l,M082418_036_2
037,M082418,-15.28125,-17.59636,19.85568,40.353,3,1.625856,0.9900118,0.02144536,7.412066,2.101294,3.527381,12o,M082418_037_3
039,M082418,-16.21875,-14.77742,20.87446,40.483,2,0.1302747,0.9988249,0.0005875441,10.85837,1.627324,6.672533,13l,M082418_039_2
039,M082418,-16.21875,-14.77742,20.87446,40.483,3,13.77961,0.9994125,0.005581669,10.33424,1.265775,8.164363,13l,M082418_039_3
043,M082418,-20.0625,-9.16685,19.1904,40.4975,2,15.60456,0.9397767,0.1210341,5.426711,1.711351,3.17101,13m,M082418_043_2
044,M082418,-20.90625,-7.97547,18.69717,40.4975,1,1.766506,0.9835488,0.02056404,12.45759,1.505901,8.272516,13m,M082418_044_1
044,M082418,-20.90625,-7.97547,18.69717,40.4975,4,0.4747151,0.9835488,0.002643948,10.92068,1.40292,7.784249,13m,M082418_044_4
045,M082418,-12.1875,-20.97955,19.69422,39.0425,3,3.634915,0.9653349,0.07520564,6.696674,2.043833,3.276526,12l,M082418_045_3
049,M082418,-16.375,-14.8938,20.8844,39.2,3,5.309181,0.996181,0.00146886,7.917774,1.456266,5.437037,13l,M082418_049_3
050,M082418,-17.6875,-12.99994,20.34294,39.285,2,9.751053,0.983255,0.03084606,7.635242,1.185713,6.439366,13l,M082418_050_2
051,M082418,-17.0625,-11.64548,21.70928,39.32,3,10.2715,0.9609283,0.1642186,6.130525,1.171848,5.231503,13m,M082418_051_3
061,M082418,-21.34375,-12.15385,17.54778,37.8535,2,2.233632,0.9747356,0.06462985,6.191438,1.681436,3.682233,13l,M082418_061_2
069,M082418,-20.25,-16.7,16.31555,36.6005,3,1.353808,0.9932432,0.007344301,11.67672,1.769941,6.59724,12o,M082418_069_3
074,M082418,-23.5,-9.90964,16.85812,36.321,2,6.756377,0.9609283,0.05111633,6.439109,1.438609,4.475928,13m,M082418_074_2
078,M082418,-17.25,-20.3914,16.67696,35.14,3,1.489145,0.993537,0.009694478,10.12661,1.707851,5.929446,AI,M082418_078_3
078,M082418,-17.25,-20.3914,16.67696,35.14,4,0.8390709,0.9976498,0.0005875441,13.95883,1.803668,7.739137,AI,M082418_078_4
080,M082418,-19.0625,-17.15507,17.74607,35.2675,2,11.03412,0.9553466,0.06844889,6.552395,1.240236,5.283185,AI,M082418_080_2
083,M082418,-23.1875,-12.14674,16.51674,35,2,0.06296695,0.9995417,0,9.555099,2.510684,3.805776,13l,M082418_083_2
085,M082418,-26.09375,-9.27684,14.62272,35.05,3,7.655187,0.9647474,0.02673326,7.866228,1.558632,5.046878,13m,M082418_085_3
090,M082418,-17.5,-21.11364,16.19384,33.907,3,5.654803,0.9691539,0.03231492,8.309359,1.962475,4.234122,6VaVb,M082418_090_3
096,M082418,-25.59375,-11.25975,14.75762,33.7085,2,2.840843,0.9982374,0.003525264,11.1001,1.227167,9.045303,AI,M082418_096_2
099,M082418,-21.5625,-6.41998,19.88394,31.9795,3,5.147648,0.9656287,0.07814336,5.865824,1.568312,3.740214,cd,M082418_099_3
101,M082418,-14.375,-21.97644,18.33362,32.6115,2,0.1750635,0.9950058,0.0005875441,16.09464,1.773513,9.075006,44,M082418_101_2
101,M082418,-14.375,-21.97644,18.33362,32.6115,3,5.793793,0.8219742,0.01556992,6.818096,1.275368,5.345984,44,M082418_101_3
101,M082418,-14.375,-21.97644,18.33362,32.6115,8,13.54492,0.9670975,0.0126322,7.684049,1.386113,5.543596,44,M082418_101_8
112,M082418,-24.59375,-5.67403,17.06489,30.69,2,0.940726,0.9876616,0.0273208,8.205654,1.42416,5.761749,cd,M082418_112_2
113,M082418,-14.8125,-4.14228,27.23169,30.7995,3,1.42396,0.9882491,0.007638073,9.411524,2.082003,4.520418,24c,M082418_113_3
117,M082418,-33.375,-13.34436,5.59457,24.2745,2,9.74516,0.9612221,0.06756756,6.030912,1.182321,5.10091,AMG,M082418_117_2
124,M082418,-25.71875,-5.79071,16.28714,29.4455,2,0.2238647,0.9994125,0.03349001,12.20718,1.708436,7.14524,pu,M082418_124_2
128,M082418,-24.15625,-13.7876,14.3476,24.386,1,5.015895,0.9835488,0.002350176,5.917579,2.064327,2.86659,pu,M082418_128_1
128,M082418,-24.15625,-13.7876,14.3476,24.386,4,1.077331,0.9453584,0.007638073,11.26044,1.481076,7.602875,pu,M082418_128_4
128,M082418,-24.15625,-13.7876,14.3476,24.386,5,2.148395,0.9453584,0.02438308,8.841835,2.018474,4.380455,pu,M082418_128_5
130,M082418,-32.71875,-11.28,7.43462,23.121,3,5.029764,0.979436,0.08666275,7.463325,1.105282,6.752419,AMG,M082418_130_3
138,M082418,-28.03125,-15.0268,10.0629,22.748,3,0.4058528,0.9950058,0.01674501,9.405973,1.800218,5.224907,pu,M082418_138_3
139,M082418,-29.65625,-13.81832,9.5343,22.463,1,7.216371,0.9720917,0.03172738,6.255201,1.825785,3.426034,pu,M082418_139_1
140,M082418,-28.03125,-12.72161,11.57147,22.553,3,2.672502,0.9958872,0.03613396,9.001334,1.403454,6.4137,pu,M082418_140_3
156,M082418,-19.46875,-5.92666,22.88564,25.375,2,20.93821,0.9967685,0.09958872,7.665461,1.013852,7.560726,cd,M082418_156_2
003,M082718,-7.84375,-14.53904,24.75328,45.805,3,3.254796,0.9967685,0.008225617,12.1465,1.46762,8.276329,12r,M082718_003_3
004,M082718,-9.03125,-13.48804,24.49756,45.8125,2,3.869874,1,0.001175088,22.38129,1.417124,15.79345,11ml,M082718_004_2
005,M082718,-10.03125,-11.99384,24.4808,45.745,2,4.544913,0.9427145,0.002643948,10.75637,1.392857,7.722524,11ml,M082718_005_2
005,M082718,-10.03125,-11.99384,24.4808,45.745,3,6.877665,0.9318449,0.06374853,6.923705,1.551918,4.461387,11ml,M082718_005_3
006,M082718,-12.3125,-10.69046,23.03648,45.7075,2,0.6032288,0.9262632,0,16.64971,1.552407,10.72509,11ml,M082718_006_2
006,M082718,-12.3125,-10.69046,23.03648,45.7075,3,0.4591561,0.9262632,0.001175088,14.12508,1.875556,7.531144,11ml,M082718_006_3
011,M082718,-8.46875,-15.97966,24.97434,44.375,3,1.304805,0.976792,0.006462985,11.40852,1.456002,7.835507,12r,M082718_011_3
011,M082718,-8.46875,-15.97966,24.97434,44.375,4,1.31162,0.976792,0.007931845,13.27564,1.730197,7.672907,12r,M082718_011_4
011,M082718,-8.46875,-15.97966,24.97434,44.375,5,0.3612273,0.9811986,0.001762632,16.82218,1.901238,8.848013,12r,M082718_011_5
012,M082718,-10.46875,-14.9654,23.7014,44.335,3,4.360177,0.9850176,0.01615746,10.53005,1.718186,6.128586,11ml,M082718_012_3
013,M082718,-11.34375,-13.90267,23.7775,44.3675,3,8.504414,0.9453584,0.1078143,5.472578,1.068174,5.123301,11ml,M082718_013_3
013,M082718,-11.34375,-13.90267,23.7775,44.3675,4,0.8429442,0.9973561,0.04318449,10.50423,1.452505,7.231801,11ml,M082718_013_4
018,M082718,-8.625,-17.87024,24.48048,43.016,2,3.443117,0.9773796,0.004406581,9.916488,2.007446,4.939852,12m,M082718_018_2
018,M082718,-8.625,-17.87024,24.48048,43.016,4,5.827973,0.9773796,0.1022327,9.903952,1.881119,5.264926,12m,M082718_018_4
019,M082718,-10.40625,-16.71393,23.93662,43.0085,3,1.110513,0.9917744,0.01057579,4.540028,1.449399,3.132353,12m,M082718_019_3
024,M082718,-14.0625,-10.16088,23.71125,43.201,2,2.375466,0.9891304,0.01674501,9.700657,2.53048,3.833524,11ml,M082718_024_2
024,M082718,-14.0625,-10.16088,23.71125,43.201,3,0.05251189,0.9932982,0.00239349,19.07056,2.02788,9.404184,11ml,M082718_024_3
025,M082718,-14.5625,-9.01735,23.76172,43.2175,2,16.42611,0.9597532,0.03113984,5.212682,1.012825,5.146676,11ml,M082718_025_2
025,M082718,-14.5625,-9.01735,23.76172,43.2175,4,2.607295,0.9958872,0.1016451,9.635998,1.805064,5.338315,11ml,M082718_025_4
026,M082718,-9,-19.319,23.34113,41.6625,3,3.277443,0.9773796,0.04435958,9.494759,1.586983,5.9829,12l,M082718_026_3
032,M082718,-15.09375,-11.43064,22.85732,41.883,2,11.81496,0.9221504,0.04759107,4.591053,1.075738,4.267817,11ml,M082718_032_2
032,M082718,-15.09375,-11.43064,22.85732,41.883,3,3.894873,0.9785547,0.01145711,7.894114,1.427769,5.528986,11ml,M082718_032_3
032,M082718,-15.09375,-11.43064,22.85732,41.883,5,0.9167339,0.9418331,0.002056404,13.15108,1.538894,8.545797,11ml,M082718_032_5
035,M082718,-11.375,-20.29941,20.52492,40.303,3,1.445459,1,0.01204465,16.81006,1.964695,8.556067,12l,M082718_035_3
036,M082718,-10.875,-18.8078,22.8542,40.443,1,12.45952,0.9950058,0.01527615,9.701231,1.714623,5.657938,12l,M082718_036_1
039,M082718,-16.21875,-14.77742,20.87446,40.483,2,6.780573,0.9988249,0,11.73591,1.362616,8.612773,13l,M082718_039_2
039,M082718,-16.21875,-14.77742,20.87446,40.483,4,0.1976416,0.9982374,0.007931845,11.62467,2.03513,5.712007,13l,M082718_039_4
044,M082718,-20.90625,-7.97547,18.69717,40.4975,1,14.43546,0.9209753,0.1037015,6.296909,1.903939,3.307306,13m,M082718_044_1
049,M082718,-16.375,-14.8938,20.8844,39.2,3,4.838795,0.9982374,0,8.351822,1.552445,5.379787,13l,M082718_049_3
049,M082718,-16.375,-14.8938,20.8844,39.2,4,9.161548,0.9121622,0.07843713,4.324632,1.247219,3.467421,13l,M082718_049_4
051,M082718,-17.0625,-11.64548,21.70928,39.32,3,12.06458,0.9374266,0.2182726,5.492871,1.081236,5.080176,13m,M082718_051_3
060,M082718,-20.3125,-13.43612,17.91424,37.861,3,8.836552,0.9488837,0.03143361,5.436452,1.13757,4.779005,13l,M082718_060_3
078,M082718,-17.625,-20.4053,16.36787,35.135,2,0.8971238,0.9955934,0.001175088,10.45028,1.542045,6.776897,AI,M082718_078_2
080,M082718,-19.1875,-17.16794,17.43594,35.265,3,0.7932419,0.9888366,0.005581669,8.850425,2.264499,3.908337,AI,M082718_080_3
085,M082718,-26.09375,-9.27684,14.62272,35.05,1,2.676509,0.9967685,0.006462985,7.754784,1.158517,6.693716,13m,M082718_085_1
085,M082718,-26.09375,-9.27684,14.62272,35.05,2,4.804183,0.9967685,0.01498237,12.83375,1.740538,7.373437,13m,M082718_085_2
088,M082718,-24.21875,-5.93136,17.10844,33.21,2,0.7429305,0.9803173,0.0126322,9.175046,1.536088,5.972995,cd,M082718_088_2
088,M082718,-24.21875,-5.93136,17.10844,33.21,3,0.200446,0.9835488,0.0126322,12.90538,1.570453,8.217617,cd,M082718_088_3
092,M082718,-20.3125,-17.77225,16.56275,33.8355,3,0.05339343,0.9967487,0.001857873,13.69566,2.324762,5.891211,AI,M082718_092_3
096,M082718,-25.59375,-11.25975,14.75762,33.7085,1,2.151732,0.9979436,0.007638073,10.65254,1.276595,8.344497,AI,M082718_096_1
099,M082718,-21.5625,-6.41998,19.88394,31.9795,2,0.3123069,0.9994125,0.01556992,12.28229,1.795524,6.840505,cd,M082718_099_2
113,M082718,-15.3125,-4.18076,26.60623,30.7945,2,4.530533,0.9811986,0.02438308,8.102014,1.833525,4.418817,24c,M082718_113_2
113,M082718,-15.3125,-4.18076,26.60623,30.7945,4,0.1123268,0.9612725,0,14.90903,1.976342,7.543747,24c,M082718_113_4
113,M082718,-15.3125,-4.18076,26.60623,30.7945,5,0.3399524,0.9574689,0.02173913,8.843643,1.726339,5.122775,24c,M082718_113_5
123,M082718,-21.1875,-6.46574,20.48112,29.397,3,2.525534,0.9941245,0.01028202,13.22444,1.452695,9.103386,cd,M082718_123_3
123,M082718,-21.1875,-6.46574,20.48112,29.397,4,0.1100832,0.9941245,0.004112808,12.68558,3.146827,4.031229,cd,M082718_123_4
128,M082718,-25.03125,-13.75882,13.54602,24.271,3,1.495287,0.9982374,0.002643948,12.14683,2.438348,4.981581,pu,M082718_128_3
133,M082718,-16.5625,-7.73116,25.1493,28.2565,3,7.428801,0.9485899,0.1230905,7.886494,1.251354,6.302366,cd,M082718_133_3
140,M082718,-28.15625,-12.72161,11.57147,22.553,2,5.432067,0.979436,0.01792009,3.987918,1.460509,2.7305,pu,M082718_140_2
140,M082718,-28.15625,-12.72161,11.57147,22.553,4,0.9976106,0.9923619,0.02173913,11.08166,1.658177,6.683038,pu,M082718_140_4
146,M082718,-13.6875,-5.632,28.75096,26.527,1,34.58968,0.9991187,0.02262045,9.086535,1.177994,7.713567,24c,M082718_146_1
147,M082718,-14.15625,-4.657,28.50214,26.532,3,3.688201,0.9847239,0.0126322,9.107941,1.460531,6.236049,24c,M082718_147_3
003,M082818,-7.84375,-14.53904,24.75328,45.805,3,3.656153,0.9911869,0.01057579,11.78433,1.487204,7.923817,12r,M082818_003_3
004,M082818,-9.03125,-13.48804,24.49756,45.8125,1,1.572785,0.9474148,0.07079906,3.415687,0.9756048,3.501096,11ml,M082818_004_1
004,M082818,-9.03125,-13.48804,24.49756,45.8125,3,4.841793,1,0.002056404,19.744,1.613984,12.23308,11ml,M082818_004_3
005,M082818,-10.03125,-11.99384,24.4808,45.745,3,5.240645,0.9477086,0.004700352,11.12836,1.396393,7.969364,11ml,M082818_005_3
005,M082818,-10.03125,-11.99384,24.4808,45.745,4,2.892768,0.9477086,0.0273208,8.934276,1.459763,6.120362,11ml,M082818_005_4
006,M082818,-12.3125,-10.69046,23.03648,45.7075,3,1.325049,0.9944183,0.005581669,15.03129,1.924628,7.80997,11ml,M082818_006_3
007,M082818,-12.75,-10.02444,23.0692,45.745,2,7.111682,0.9835488,0.03290247,6.379771,1.141799,5.587471,11ml,M082818_007_2
007,M082818,-12.75,-10.02444,23.0692,45.745,4,4.273025,0.9955934,0.02232667,11.71026,1.74323,6.717565,11ml,M082818_007_4
011,M082818,-8.46875,-15.97966,24.97434,44.375,3,1.95689,0.9738543,0.1192714,10.07942,1.564745,6.441577,12r,M082818_011_3
011,M082818,-8.46875,-15.97966,24.97434,44.375,4,0.4069657,0.989718,0.01321974,16.61142,1.86566,8.903772,12r,M082818_011_4
011,M082818,-8.46875,-15.97966,24.97434,44.375,5,1.008689,0.9738543,0.008813161,11.48191,1.597489,7.187473,12r,M082818_011_5
012,M082818,-10.46875,-14.9654,23.7014,44.335,1,4.650029,0.9985312,0.01615746,11.69302,1.676135,6.976184,11ml,M082818_012_1
018,M082818,-8.625,-17.87024,24.48048,43.016,4,3.314087,0.9626909,0.009694478,10.4419,2.629708,3.970747,12m,M082818_018_4
019,M082818,-10.46875,-16.71393,23.93662,43.0085,3,1.451751,0.9964747,0.004406581,11.17605,1.757602,6.358692,12m,M082818_019_3
022,M082818,-13.84375,-12.69538,23.03664,43.091,3,1.017177,0.979436,0.130141,7.786054,1.6367,4.757166,11ml,M082818_022_3
024,M082818,-14.1875,-10.17032,23.5285,43.196,3,1.066026,0.9976498,0.003819037,11.84436,1.961643,6.03798,11ml,M082818_024_3
025,M082818,-14.6875,-9.01735,23.76172,43.2175,2,1.133935,0.9952996,0.005581669,9.080746,1.356894,6.692304,11ml,M082818_025_2
025,M082818,-14.6875,-9.01735,23.76172,43.2175,4,0.4926446,0.9982374,0.007344301,12.08762,1.888222,6.401588,11ml,M082818_025_4
026,M082818,-9,-19.319,23.34113,41.6625,3,1.185126,0.9800235,0.008225617,4.208674,1.494161,2.816748,12l,M082818_026_3
026,M082818,-9,-19.319,23.34113,41.6625,4,5.203548,0.9894242,0.09430082,9.775897,1.637895,5.968573,12l,M082818_026_4
032,M082818,-15.09375,-11.43064,22.85732,41.883,4,4.151974,0.985899,0.02173913,8.727576,2.184002,3.99614,11ml,M082818_032_4
035,M082818,-11.375,-20.29941,20.52492,40.303,3,1.687937,0.9982374,0.009988249,15.3919,2.868902,5.365083,12l,M082818_035_3
036,M082818,-10.875,-18.8078,22.8542,40.443,2,10.13148,0.9929495,0.02555817,8.609272,1.477224,5.828007,12l,M082818_036_2
036,M082818,-10.875,-18.8078,22.8542,40.443,4,2.391282,0.9929495,0.0126322,14.76448,1.46984,10.04496,12l,M082818_036_4
039,M082818,-16.21875,-14.77742,20.87446,40.483,3,0.2096982,0.9982374,0.009988249,11.26573,2.5415,4.43271,13l,M082818_039_3
039,M082818,-16.21875,-14.77742,20.87446,40.483,4,5.2837,0.9994125,0,11.5308,1.396688,8.255816,13l,M082818_039_4
044,M082818,-20.90625,-7.97547,18.69717,40.4975,3,5.491425,0.9947121,0.007638073,9.904598,1.981432,4.998706,13m,M082818_044_3
044,M082818,-20.90625,-7.97547,18.69717,40.4975,4,0.6680229,0.9947121,0.002350176,14.82068,1.758856,8.426316,13m,M082818_044_4
045,M082818,-12.6875,-21.0022,19.10028,39.02,1,0.089654,0.9992154,0.006276971,27.88125,3.119364,8.93812,12l,M082818_045_1
049,M082818,-16.375,-14.8938,20.8844,39.2,3,4.510227,0.9982374,0.001762632,6.672486,1.312552,5.083598,13l,M082818_049_3
060,M082818,-20.375,-13.43612,17.91424,37.861,2,13.73564,0.9888366,0.01028202,7.321331,1.192076,6.141663,13l,M082818_060_2
064,M082818,-23.78125,-8.51132,16.98084,37.614,3,2.489894,0.9926557,0.04670975,9.578269,1.274371,7.516074,13m,M082818_064_3
069,M082818,-20.375,-16.7106,16.00622,36.598,3,8.162436,0.9618096,0.05757932,8.347792,2.08676,4.00036,12o,M082818_069_3
069,M082818,-20.375,-16.7106,16.00622,36.598,4,2.87724,0.9844301,0.0146886,12.02469,1.859334,6.467203,12o,M082818_069_4
075,M082818,-23.8125,-8.58765,16.98703,36.316,3,7.963719,0.9958872,0.01116334,8.777841,2.089431,4.201067,13m,M082818_075_3
077,M082818,-18.1875,-21.6896,14.155,35.07,3,0.7242441,0.9905993,0.009694478,5.240076,1.884173,2.781102,AI,M082818_077_3
078,M082818,-17.875,-20.4192,16.05878,35.13,2,5.763346,0.947121,0.01556992,8.282634,1.723897,4.8046,AI,M082818_078_2
078,M082818,-17.875,-20.4192,16.05878,35.13,3,2.295563,0.947121,0.009400705,8.452775,1.616478,5.229131,AI,M082818_078_3
083,M082818,-23.25,-12.14674,16.51674,35,3,6.036551,0.9550529,0.06345476,5.326344,1.148049,4.639472,13l,M082818_083_3
085,M082818,-26.09375,-9.27684,14.62272,35.05,3,7.144864,0.993537,0.01938896,10.1048,1.60437,6.298295,13m,M082818_085_3
090,M082818,-18,-21.1421,15.6776,33.902,3,1.592779,0.9524089,0.008813161,10.92381,2.271366,4.809357,6VaVb,M082818_090_3
094,M082818,-23.1875,-14.36235,15.8583,33.5785,3,10.76752,0.9491774,0.03965922,4.391918,1.250488,3.512163,AI,M082818_094_3
095,M082818,-25.59375,-12.77948,14.05838,33.601,2,4.257095,0.9850176,0.008813161,4.596409,1.232011,3.730819,AI,M082818_095_2
101,M082818,-15.375,-22.01112,17.44976,32.604,3,9.57019,0.9579906,0.02878966,7.256954,1.523674,4.762801,44,M082818_101_3
105,M082818,-31.03125,-13.22,7.97325,25.8675,3,0.5000271,0.9970623,0.001175088,17.45323,2.473289,7.056687,AMG,M082818_105_3
128,M082818,-25.78125,-13.73004,12.74444,24.156,3,0.4863775,0.9970623,0.005875441,14.23095,2.011512,7.074751,pu,M082818_128_3
139,M082818,-29.78125,-13.8035,9.13925,22.4105,3,0.3667201,0.9873678,0.01498237,9.307465,2.483404,3.747866,pu,M082818_139_3
139,M082818,-29.78125,-13.8035,9.13925,22.4105,4,0.221796,0.9873678,0.0005875441,10.38084,1.65575,6.269569,pu,M082818_139_4
146,M082818,-14.3125,-5.658,28.13564,26.532,3,5.170672,0.9700353,0.03848414,6.404891,1.81362,3.531551,24c,M082818_146_3
147,M082818,-14.78125,-4.696,27.89332,26.537,1,22.62046,0.976792,0.01410106,6.807321,1.108724,6.139779,24c,M082818_147_1
147,M082818,-14.78125,-4.696,27.89332,26.537,3,3.946516,0.9853114,0.02790834,6.099827,1.458194,4.183138,24c,M082818_147_3
147,M082818,-14.78125,-4.696,27.89332,26.537,4,4.11131,0.9964747,0.005875441,10.8404,1.098789,9.865771,24c,M082818_147_4
147,M082818,-14.78125,-4.696,27.89332,26.537,5,3.436108,0.9929495,0.01204465,10.73516,1.382029,7.767678,24c,M082818_147_5
156,M082818,-19.59375,-5.93959,22.57336,25.38,3,13.04406,0.9814923,0.04612221,7.102185,1.277531,5.559305,cd,M082818_156_3
003,M082918,-7.84375,-14.53904,24.75328,45.805,2,1.898532,0.9979436,0.003819037,12.33939,1.561505,7.902241,12r,M082918_003_2
004,M082918,-9.03125,-13.48804,24.49756,45.8125,4,4.395576,1,0,18.94359,1.560827,12.1369,11ml,M082918_004_4
005,M082918,-10.03125,-11.99384,24.4808,45.745,2,4.734079,0.9864865,0.005287896,9.406504,1.326638,7.090481,11ml,M082918_005_2
006,M082918,-12.3125,-10.69046,23.03648,45.7075,1,8.939922,0.9524089,0.04582844,6.48439,1.796936,3.608581,11ml,M082918_006_1
006,M082918,-12.3125,-10.69046,23.03648,45.7075,4,0.5289711,0.9773796,0.00293772,18.23649,1.879454,9.703074,11ml,M082918_006_4
006,M082918,-12.3125,-10.69046,23.03648,45.7075,5,0.78251,0.9773796,0.007344301,14.73772,1.855293,7.943606,11ml,M082918_006_5
007,M082918,-12.75,-10.02444,23.0692,45.745,3,3.402642,0.996181,0.03554641,9.362281,1.568553,5.968736,11ml,M082918_007_3
008,M082918,-12.9375,-9.14222,23.34162,45.73,3,1.534901,0.9885429,0.01498237,10.34319,2.363497,4.376225,11ml,M082918_008_3
011,M082918,-8.46875,-15.97966,24.97434,44.375,3,1.601646,0.9941245,0.002350176,14.7904,2.45373,6.027721,12r,M082918_011_3
011,M082918,-8.46875,-15.97966,24.97434,44.375,4,0.3883933,0.9776734,0.004112808,11.89284,1.497882,7.939767,12r,M082918_011_4
011,M082918,-8.46875,-15.97966,24.97434,44.375,5,0.1635242,0.9776734,0,9.93916,1.713637,5.800037,12r,M082918_011_5
012,M082918,-10.46875,-14.9654,23.7014,44.335,3,1.270826,0.9594595,0.01527615,9.392624,1.635613,5.742571,11ml,M082918_012_3
012,M082918,-10.46875,-14.9654,23.7014,44.335,4,3.364113,0.9594595,0.004112808,13.49699,1.622079,8.320796,11ml,M082918_012_4
013,M082918,-11.53125,-13.91073,23.5245,44.3525,2,2.679374,0.9626909,0.01615746,10.4692,1.469951,7.122142,11ml,M082918_013_2
013,M082918,-11.53125,-13.91073,23.5245,44.3525,3,1.140059,0.9626909,0,12.27042,1.651949,7.427847,11ml,M082918_013_3
013,M082918,-11.53125,-13.91073,23.5245,44.3525,5,1.271432,0.9759107,0.1427732,8.498225,1.373311,6.188129,11ml,M082918_013_5
013,M082918,-11.53125,-13.91073,23.5245,44.3525,6,2.208648,0.9817861,0.01175088,6.940134,1.329682,5.219395,11ml,M082918_013_6
018,M082918,-8.625,-17.87024,24.48048,43.016,1,3.627603,0.9441833,0.01556992,7.554484,1.798696,4.199978,12m,M082918_018_1
018,M082918,-8.625,-17.87024,24.48048,43.016,5,4.922379,0.9726792,0.001762632,13.6317,1.446549,9.423598,12m,M082918_018_5
018,M082918,-8.625,-17.87024,24.48048,43.016,6,0.08986486,0.9955947,0.006922593,20.003,3.388911,5.902486,12m,M082918_018_6
019,M082918,-10.53125,-16.71702,23.80168,43.001,2,1.398258,0.9882491,0.02115159,8.150858,2.517267,3.237979,12m,M082918_019_2
022,M082918,-13.875,-12.69538,23.03664,43.091,3,0.4971646,0.9982374,0.004406581,12.76695,1.661619,7.683438,11ml,M082918_022_3
025,M082918,-14.6875,-9.01735,23.76172,43.2175,1,3.381785,0.9700353,0.01145711,11.09327,2.005571,5.531225,11ml,M082918_025_1
025,M082918,-14.6875,-9.01735,23.76172,43.2175,4,5.332912,0.9615158,0.03907168,6.891675,1.929486,3.571768,11ml,M082918_025_4
032,M082918,-15.09375,-11.43064,22.85732,41.883,2,10.82978,0.9480023,0.04347826,5.413936,1.323042,4.092036,11ml,M082918_032_2
036,M082918,-10.875,-18.8078,22.8542,40.443,2,2.266814,0.9967685,0.001175088,17.74088,2.876218,6.168128,12l,M082918_036_2
039,M082918,-16.21875,-14.77742,20.87446,40.483,4,4.877316,0.9994125,0.0005875441,11.59536,1.422389,8.152033,13l,M082918_039_4
039,M082918,-16.21875,-14.77742,20.87446,40.483,5,0.1914515,0.9979436,0.007050529,10.32424,1.505801,6.856309,13l,M082918_039_5
044,M082918,-20.90625,-7.97547,18.69717,40.4975,3,1.70625,0.9623972,0.01233843,13.42004,1.61827,8.292834,13m,M082918_044_3
044,M082918,-20.90625,-7.97547,18.69717,40.4975,4,1.58661,0.9623972,0.02996475,11.18184,1.645923,6.793655,13m,M082918_044_4
044,M082918,-20.90625,-7.97547,18.69717,40.4975,5,0.4262622,0.9817861,0.001762632,12.04496,1.423989,8.458603,13m,M082918_044_5
045,M082918,-12.9375,-21.00975,18.9023,39.0125,2,5.102551,0.9885429,0.01321974,8.605987,1.125167,7.648629,12l,M082918_045_2
045,M082918,-12.9375,-21.00975,18.9023,39.0125,3,0.2193617,0.9885429,0.03877791,10.10072,1.399932,7.215156,12l,M082918_045_3
045,M082918,-12.9375,-21.00975,18.9023,39.0125,5,0.2753202,0.9923619,0.007344301,12.22158,2.502076,4.884576,12l,M082918_045_5
049,M082918,-16.375,-14.8938,20.8844,39.2,3,4.360209,0.979436,0.01703878,4.841509,1.028713,4.706378,13l,M082918_049_3
054,M082918,-21.9375,-8.18972,18.33532,39.145,3,3.205946,0.9985312,0.02702703,10.78448,1.413506,7.629593,13m,M082918_054_3
061,M082918,-21.53125,-12.15385,17.54778,37.8535,3,0.2744043,0.9958872,0.004700352,9.996384,2.044011,4.890573,13l,M082918_061_3
064,M082918,-23.78125,-8.51132,16.98084,37.614,3,1.546101,0.9979436,0.005287896,11.25117,1.22714,9.168608,13m,M082918_064_3
068,M082918,-19.71875,-18.63815,15.52685,36.438,4,0.5704949,0.9826674,0.002056404,12.5944,1.254406,10.04013,12o,M082918_068_4
069,M082918,-20.375,-16.7106,16.00622,36.598,3,3.385729,0.9841363,0.003525264,10.02075,1.488906,6.730275,12o,M082918_069_3
069,M082918,-20.375,-16.7106,16.00622,36.598,4,1.726587,0.9841363,0.009694478,12.52436,1.819047,6.88512,12o,M082918_069_4
074,M082918,-23.6875,-9.90964,16.85812,36.321,3,11.79718,0.9903055,0.03202115,6.39537,1.39584,4.581737,13m,M082918_074_3
080,M082918,-19.4375,-17.18081,17.12581,35.2625,2,5.715343,0.972973,0.05023502,6.237359,1.383922,4.507016,AI,M082918_080_2
083,M082918,-23.375,-12.14674,16.51674,35,3,15.02226,0.9424207,0.07520564,4.536311,1.43925,3.151859,13l,M082918_083_3
085,M082918,-26.09375,-9.27684,14.62272,35.05,4,2.987903,0.9491774,0.004406581,11.22861,2.509635,4.474202,13m,M082918_085_4
090,M082918,-18.25,-21.15633,15.41948,33.8995,3,1.750733,0.9888366,0.007931845,11.11022,1.61808,6.866296,6VaVb,M082918_090_3
099,M082918,-21.625,-6.41998,19.88394,31.9795,3,4.853884,0.9829612,0.039953,6.44312,1.731663,3.720771,pu,M082918_099_3
105,M082918,-31.03125,-13.22,7.97325,25.8675,2,0.3038749,0.9985312,0.01233843,11.53785,1.861049,6.199646,AMG,M082918_105_2
105,M082918,-31.03125,-13.22,7.97325,25.8675,3,5.318959,0.9905993,0.03672151,7.062396,1.232251,5.731297,AMG,M082918_105_3
128,M082918,-26.53125,-13.71565,12.34365,24.0985,2,4.944556,0.9888366,0.01292597,3.918168,1.098468,3.566938,pu,M082918_128_2
128,M082918,-26.53125,-13.71565,12.34365,24.0985,4,6.689435,0.9873678,0.05405406,11.92986,1.856576,6.425729,pu,M082918_128_4
130,M082918,-32.84375,-11.28,7.43462,23.121,1,4.372345,0.9894242,0.0146886,5.614759,1.26924,4.423719,AMG,M082918_130_1
138,M082918,-28.40625,-15.00804,9.66637,22.693,3,0.19243,0.9988249,0.005875441,14.04224,1.631053,8.609311,pu,M082918_138_3
140,M082918,-28.53125,-12.7113,11.1661,22.498,3,1.297906,0.9882491,0.01292597,4.832198,1.627757,2.968623,pu,M082918_140_3
146,M082918,-14.9375,-5.697,27.21266,26.5395,1,14.83122,0.9668038,0.02908343,6.843368,1.27881,5.351357,24c,M082918_146_1
147,M082918,-15.40625,-4.7545,26.98009,26.5445,3,0.7110426,0.9717979,0.01762632,10.27556,2.186623,4.699281,24c,M082918_147_3
147,M082918,-15.40625,-4.7545,26.98009,26.5445,4,3.440137,0.9817861,0.006462985,6.769439,1.309679,5.168777,24c,M082918_147_4
149,M082918,-27.21875,-14.16132,12.32124,21.515,3,1.468405,0.9891304,0.06286722,8.296872,2.096824,3.956876,pu,M082918_149_3
003,M083018,-7.84375,-14.53904,24.75328,45.805,3,1.605866,0.9926557,0.005875441,12.45651,1.584129,7.863322,12r,M083018_003_3
004,M083018,-9.03125,-13.48804,24.49756,45.8125,3,3.581051,1,0.0005875441,17.68159,1.816584,9.733434,11ml,M083018_004_3
005,M083018,-10.03125,-11.99384,24.4808,45.745,3,7.363936,0.9747356,0.01321974,8.379626,1.385202,6.04939,11ml,M083018_005_3
006,M083018,-12.3125,-10.69046,23.03648,45.7075,3,0.6642779,0.9894242,0.002056404,17.86555,1.944096,9.189643,11ml,M083018_006_3
006,M083018,-12.3125,-10.69046,23.03648,45.7075,4,0.3602352,0.9894242,0.001175088,16.21903,1.778804,9.117941,11ml,M083018_006_4
007,M083018,-12.75,-10.02444,23.0692,45.745,3,2.970373,0.9929495,0.03172738,9.112609,1.538366,5.923563,11ml,M083018_007_3
010,M083018,-8.5,-16.95875,23.94825,44.4725,2,0.131577,0.9988249,0.0005875441,14.16665,1.518539,9.329127,12r,M083018_010_2
010,M083018,-8.5,-16.95875,23.94825,44.4725,4,1.414469,0.9883937,0.02027027,9.551971,1.680135,5.68524,12r,M083018_010_4
010,M083018,-8.5,-16.95875,23.94825,44.4725,5,0.06483229,0.9883937,0.004642526,16.77397,1.801986,9.308599,12r,M083018_010_5
011,M083018,-8.46875,-15.97966,24.97434,44.375,3,3.04446,0.9967685,0.009694478,12.94729,2.344812,5.521676,12r,M083018_011_3
012,M083018,-10.46875,-14.9654,23.7014,44.335,2,13.65397,0.9700353,0.04377203,6.761524,1.21103,5.583284,11ml,M083018_012_2
012,M083018,-10.46875,-14.9654,23.7014,44.335,3,4.234435,0.980611,0.01821387,10.07896,1.430882,7.043884,11ml,M083018_012_3
012,M083018,-10.46875,-14.9654,23.7014,44.335,4,0.9655451,0.9964747,0.01057579,13.87036,1.760253,7.879753,11ml,M083018_012_4
013,M083018,-11.53125,-13.91073,23.5245,44.3525,3,1.248767,0.9359577,0.008813161,7.026106,1.300605,5.402183,11ml,M083018_013_3
013,M083018,-11.53125,-13.91073,23.5245,44.3525,5,2.054079,0.9424207,0.005287896,9.460394,1.50144,6.300879,11ml,M083018_013_5
018,M083018,-8.625,-17.87024,24.48048,43.016,2,3.531177,0.9315511,0.05317274,7.138182,1.564522,4.562532,12m,M083018_018_2
018,M083018,-8.625,-17.87024,24.48048,43.016,5,6.734039,0.9914806,0.01292597,13.06242,1.455406,8.975103,12m,M083018_018_5
019,M083018,-10.53125,-16.71702,23.80168,43.001,3,0.9273714,0.9788484,0.01292597,8.534374,1.549705,5.507096,12m,M083018_019_3
022,M083018,-13.875,-12.69538,23.03664,43.091,3,0.6341565,0.9979436,0.0005875441,17.06862,1.94081,8.794584,11ml,M083018_022_3
024,M083018,-14.3125,-10.17032,23.5285,43.196,3,2.469512,0.9988249,0.001762632,12.06669,1.548565,7.792179,11ml,M083018_024_3
025,M083018,-14.6875,-9.01735,23.76172,43.2175,3,2.685385,0.9864865,0.007931845,11.59596,1.740788,6.661324,11ml,M083018_025_3
026,M083018,-9.125,-19.319,23.20752,41.655,2,4.127562,0.9809048,0.01380729,8.84644,1.634063,5.413769,12l,M083018_026_2
026,M083018,-9.125,-19.319,23.20752,41.655,4,2.585109,0.9938308,0.002350176,13.05112,1.527891,8.541919,12l,M083018_026_4
035,M083018,-11.4375,-20.29941,20.52492,40.303,3,1.088035,1,0.002643948,17.00629,1.863009,9.128401,12l,M083018_035_3
036,M083018,-10.875,-18.8078,22.8542,40.443,3,3.443455,0.9997062,0.04083431,12.6694,1.648832,7.68386,12l,M083018_036_3
037,M083018,-15.40625,-17.59636,19.85568,40.353,2,20.59729,0.9706228,0.03789659,5.084097,1.055468,4.816914,12o,M083018_037_2
039,M083018,-16.21875,-14.77742,20.87446,40.483,3,3.512926,0.9988249,0.005581669,10.41966,1.377782,7.562632,13l,M083018_039_3
039,M083018,-16.21875,-14.77742,20.87446,40.483,4,0.07753224,0.9992284,0.009645062,12.1145,1.401919,8.641373,13l,M083018_039_4
042,M083018,-19.78125,-10.37405,19.29545,40.5875,3,9.638912,0.9759107,0.06551117,8.29526,1.338906,6.195552,13m,M083018_042_3
043,M083018,-20.15625,-9.16685,19.1904,40.4975,2,1.03538,0.96651,0.03672151,7.892983,1.476528,5.345636,13m,M083018_043_2
044,M083018,-20.90625,-7.97547,18.69717,40.4975,3,1.918447,0.983255,0.006169213,12.32167,1.522215,8.094565,13m,M083018_044_3
044,M083018,-20.90625,-7.97547,18.69717,40.4975,4,3.278437,0.9726792,0.009400705,8.991817,1.260686,7.132479,13m,M083018_044_4
044,M083018,-20.90625,-7.97547,18.69717,40.4975,5,0.5749419,0.9785547,0.003231492,11.85261,1.360552,8.711621,13m,M083018_044_5
044,M083018,-20.90625,-7.97547,18.69717,40.4975,6,0.7582777,0.9905993,0.001762632,18.81394,2.173887,8.654513,13m,M083018_044_6
045,M083018,-13.0625,-21.0173,18.70432,39.005,2,12.00989,0.9527027,0.0493537,4.828959,1.029001,4.692862,12l,M083018_045_2
045,M083018,-13.0625,-21.0173,18.70432,39.005,4,0.3946126,0.994544,0.002643948,13.61504,1.588392,8.571586,12l,M083018_045_4
049,M083018,-16.4375,-14.8938,20.8844,39.2,2,0.2856377,0.9847239,0.004994125,5.066523,1.51017,3.354936,13l,M083018_049_2
049,M083018,-16.4375,-14.8938,20.8844,39.2,3,5.424014,0.9988249,0.005581669,6.161768,1.257439,4.900253,13l,M083018_049_3
051,M083018,-17.3125,-11.65482,21.47252,39.3175,2,11.65047,0.9391892,0.06022327,7.553157,1.76981,4.267779,13m,M083018_051_2
054,M083018,-21.9375,-8.18972,18.33532,39.145,3,2.429948,0.9976498,0.004112808,12.59485,1.506067,8.362742,13m,M083018_054_3
060,M083018,-20.4375,-13.43612,17.91424,37.861,2,14.07751,0.9853114,0.01351351,6.784991,1.16676,5.815242,13l,M083018_060_2
061,M083018,-21.59375,-12.1655,17.2374,37.851,3,1.623021,0.9923619,0.005581669,11.61352,1.762625,6.588766,13l,M083018_061_3
064,M083018,-23.78125,-8.51132,16.98084,37.614,3,1.54766,0.9973561,0.01116334,10.65018,1.261028,8.445639,13m,M083018_064_3
067,M083018,-17.96875,-20.2992,15.4808,36.423,1,3.164048,0.9670975,0.0293772,4.668108,1.196427,3.901707,12o,M083018_067_1
069,M083018,-20.375,-16.7106,16.00622,36.598,3,1.427978,0.9377204,0.06462985,8.54563,1.811746,4.716793,12o,M083018_069_3
069,M083018,-20.375,-16.7106,16.00622,36.598,5,1.715632,0.9688601,0.004112808,11.93302,1.66461,7.168654,12o,M083018_069_5
074,M083018,-23.75,-9.90964,16.85812,36.321,1,11.28237,0.9817861,0.05934195,5.588278,1.504436,3.714535,13m,M083018_074_1
078,M083018,-18.25,-20.4331,15.74969,35.125,3,4.954098,0.9976498,0.009988249,7.958941,1.397056,5.696938,AI,M083018_078_3
078,M083018,-18.25,-20.4331,15.74969,35.125,4,1.279362,0.9650411,0.01057579,9.982051,1.50938,6.613345,AI,M083018_078_4
078,M083018,-18.25,-20.4331,15.74969,35.125,5,0.3386419,0.9650411,0.005287896,14.29013,1.70903,8.361547,AI,M083018_078_5
080,M083018,-19.5625,-17.18081,17.12581,35.2625,1,10.90135,0.9888366,0.0126322,6.300938,1.296881,4.858531,AI,M083018_080_1
083,M083018,-23.4375,-12.15575,16.20275,35.005,3,18.84464,0.9682726,0.09635723,5.262847,1.07977,4.874043,13l,M083018_083_3
085,M083018,-26.125,-9.27684,14.62272,35.05,2,1.611977,0.987074,0.09635723,10.78586,2.64711,4.074581,13m,M083018_085_2
090,M083018,-18.25,-21.15633,15.41948,33.8995,3,1.554795,0.9955934,0.00293772,12.52755,1.616858,7.748087,6VaVb,M083018_090_3
094,M083018,-23.4375,-14.37366,15.58508,33.581,2,0.1390225,0.9967685,0.007344301,7.483399,1.536067,4.871791,AI,M083018_094_2
095,M083018,-25.625,-12.77948,14.05838,33.601,1,4.879723,0.9820799,0.01645123,4.985359,1.083628,4.600617,AI,M083018_095_1
099,M083018,-21.6875,-6.41998,19.88394,31.9795,3,0.2594906,0.9958872,0.007931845,9.124687,1.608659,5.672231,pu,M083018_099_3
128,M083018,-27.15625,-13.68687,11.54207,23.9835,3,2.329219,0.9723854,0.03290247,9.351994,1.840527,5.081151,pu,M083018_128_3
133,M083018,-16.8125,-7.73688,24.8384,28.254,2,40.687,0.9720917,0.1298472,6.668699,1.010139,6.601763,cd,M083018_133_2
140,M083018,-28.53125,-12.7113,11.1661,22.498,4,2.653165,0.9764982,0.01086957,7.049197,2.233101,3.156685,pu,M083018_140_4
003,M083118,-7.84375,-14.53904,24.75328,45.805,2,1.845783,0.980611,0.03407755,6.903588,1.417667,4.869682,12r,M083118_003_2
003,M083118,-7.84375,-14.53904,24.75328,45.805,4,2.008493,0.9994125,0.003231492,12.59534,1.548447,8.134174,12r,M083118_003_4
004,M083118,-9.03125,-13.48804,24.49756,45.8125,4,3.725408,1,0,19.89384,2.01676,9.864257,11ml,M083118_004_4
005,M083118,-10.03125,-11.99384,24.4808,45.745,2,8.118165,0.9817861,0.008225617,9.62557,1.682869,5.719738,11ml,M083118_005_2
006,M083118,-12.3125,-10.69046,23.03648,45.7075,3,2.103046,0.9911869,0.01968273,10.30815,1.934868,5.327574,11ml,M083118_006_3
006,M083118,-12.3125,-10.69046,23.03648,45.7075,4,0.4358146,0.9753231,0.0005875441,15.34412,1.653934,9.277347,11ml,M083118_006_4
006,M083118,-12.3125,-10.69046,23.03648,45.7075,5,0.4900571,0.9753231,0.003525264,17.16506,2.063024,8.320343,11ml,M083118_006_5
007,M083118,-12.75,-10.02444,23.0692,45.745,2,3.828717,0.9947121,0.0146886,9.30226,1.586933,5.861784,11ml,M083118_007_2
008,M083118,-13,-9.14222,23.34162,45.73,2,1.682977,0.9236193,0.01674501,10.23337,1.665046,6.145999,11ml,M083118_008_2
008,M083118,-13,-9.14222,23.34162,45.73,4,0.2447172,0.9926557,0.009694478,15.63459,1.711541,9.134806,11ml,M083118_008_4
008,M083118,-13,-9.14222,23.34162,45.73,6,2.368874,0.9236193,0.06345476,7.397879,2.048655,3.611092,11ml,M083118_008_6
008,M083118,-13,-9.14222,23.34162,45.73,7,2.841811,0.9973561,0.005875441,8.431693,1.130166,7.460581,11ml,M083118_008_7
010,M083118,-8.5,-16.95875,23.94825,44.4725,3,1.295486,0.9926557,0.01527615,9.419782,1.55633,6.052559,12r,M083118_010_3
010,M083118,-8.5,-16.95875,23.94825,44.4725,4,0.04520138,0.99553,0.01213282,17.20303,1.869226,9.203291,12r,M083118_010_4
011,M083118,-8.46875,-15.97966,24.97434,44.375,3,1.65054,0.9800235,0.0840188,4.893121,1.315339,3.720046,12r,M083118_011_3
011,M083118,-8.46875,-15.97966,24.97434,44.375,6,2.525593,0.9944183,0.003819037,11.93133,3.518753,3.390783,12r,M083118_011_6
012,M083118,-10.46875,-14.9654,23.7014,44.335,2,1.993498,0.9888366,0.00293772,14.41089,1.579794,9.122003,11ml,M083118_012_2
012,M083118,-10.46875,-14.9654,23.7014,44.335,4,5.772698,0.9888366,0.01733255,8.783606,1.481501,5.928854,11ml,M083118_012_4
013,M083118,-11.53125,-13.91073,23.5245,44.3525,1,7.116711,0.9817861,0.1219154,7.800659,2.010002,3.88092,11ml,M083118_013_1
013,M083118,-11.53125,-13.91073,23.5245,44.3525,4,1.194409,0.9905993,0.003525264,12.27577,1.838633,6.676574,11ml,M083118_013_4
018,M083118,-8.625,-17.87024,24.48048,43.016,2,2.933727,0.9735605,0.02497062,7.103356,2.491737,2.850765,12m,M083118_018_2
018,M083118,-8.625,-17.87024,24.48048,43.016,3,7.543737,0.9735605,0.01556992,10.90463,2.927452,3.724957,12m,M083118_018_3
019,M083118,-10.53125,-16.71702,23.80168,43.001,4,0.4639891,0.9720917,0.03965922,9.017819,1.4494,6.221761,12m,M083118_019_4
019,M083118,-10.53125,-16.71702,23.80168,43.001,5,0.5934789,0.9720917,0.001762632,10.54039,1.655412,6.367232,12m,M083118_019_5
022,M083118,-13.875,-12.69538,23.03664,43.091,3,1.198736,1,0,16.39785,2.267601,7.231366,11ml,M083118_022_3
024,M083118,-14.3125,-10.17032,23.5285,43.196,3,2.17131,0.9964747,0.004112808,9.829004,1.42072,6.918324,11ml,M083118_024_3
025,M083118,-14.6875,-9.01735,23.76172,43.2175,2,2.940888,0.9459459,0.006169213,10.54642,1.78816,5.897915,11ml,M083118_025_2
025,M083118,-14.6875,-9.01735,23.76172,43.2175,3,5.989655,0.9459459,0.01321974,7.317795,1.433034,5.106506,11ml,M083118_025_3
026,M083118,-9.125,-19.319,23.20752,41.655,2,3.578933,0.9594595,0.04964747,7.182742,1.368047,5.250363,12l,M083118_026_2
026,M083118,-9.125,-19.319,23.20752,41.655,3,0.6278685,0.9644536,0.01615746,9.690718,1.335643,7.255468,12l,M083118_026_3
026,M083118,-9.125,-19.319,23.20752,41.655,5,3.131791,0.9955934,0.003525264,14.54877,1.941561,7.493337,12l,M083118_026_5
032,M083118,-15.21875,-11.43703,22.65914,41.878,2,2.747181,0.9791422,0.06051704,8.361504,2.346547,3.563322,11ml,M083118_032_2
033,M083118,-16.625,-10.30587,21.85838,41.748,3,0.9924046,0.9453584,0.007931845,6.778162,5.219635,1.298589,11ml,M083118_033_3
034,M083118,-17.46875,-9.04849,21.46937,41.9205,3,2.540441,0.9864865,0.007344301,6.761899,3.081098,2.194639,11ml,M083118_034_3
035,M083118,-11.4375,-20.29941,20.52492,40.303,1,0.8911275,0.9723854,0.004994125,11.96713,5.72117,2.091728,12l,M083118_035_1
036,M083118,-10.875,-18.8078,22.8542,40.443,1,3.911832,1,0,21.73232,3.991498,5.444653,12l,M083118_036_1
037,M083118,-15.4375,-17.59636,19.85568,40.353,3,22.09728,0.9650411,0.0273208,4.721028,1.061787,4.446306,12o,M083118_037_3
039,M083118,-16.21875,-14.77742,20.87446,40.483,3,3.962834,0.9960854,0.001762632,9.646982,1.317448,7.322478,13l,M083118_039_3
039,M083118,-16.21875,-14.77742,20.87446,40.483,4,0.09210452,0.9900356,0.01530249,12.44217,3.125823,3.980446,13l,M083118_039_4
044,M083118,-20.90625,-7.97547,18.69717,40.4975,1,0.5344688,0.987074,0.002350176,13.13128,2.254011,5.825739,13m,M083118_044_1
044,M083118,-20.90625,-7.97547,18.69717,40.4975,3,2.504041,0.9800235,0.003525264,13.91357,1.414893,9.83366,13m,M083118_044_3
044,M083118,-20.90625,-7.97547,18.69717,40.4975,4,2.554522,0.9259694,0.007050529,9.545796,1.272051,7.504253,13m,M083118_044_4
045,M083118,-13.0625,-21.0173,18.70432,39.005,3,0.5616293,0.9994125,0.004112808,12.65007,2.187565,5.782716,12l,M083118_045_3
045,M083118,-13.0625,-21.0173,18.70432,39.005,4,0.8980397,0.9903055,0.03378378,7.345324,1.510393,4.863188,12l,M083118_045_4
049,M083118,-16.4375,-14.8938,20.8844,39.2,1,8.576023,0.9685664,0.02702703,4.699473,1.577349,2.97935,13l,M083118_049_1
049,M083118,-16.4375,-14.8938,20.8844,39.2,6,4.881829,0.9950058,0.007638073,7.086368,1.318955,5.372714,13l,M083118_049_6
051,M083118,-17.3125,-11.65482,21.47252,39.3175,1,12.64408,0.9195065,0.2350176,6.189217,1.566523,3.950925,13m,M083118_051_1
054,M083118,-21.9375,-8.18972,18.33532,39.145,3,2.114569,0.9967685,0.01204465,11.79367,1.48602,7.936415,13m,M083118_054_3
060,M083118,-20.4375,-13.43612,17.91424,37.861,3,15.05702,0.976792,0.0126322,7.280832,1.189115,6.1229,13l,M083118_060_3
061,M083118,-21.59375,-12.1655,17.2374,37.851,3,0.8417509,0.9923619,0.03730905,8.344595,2.782588,2.998861,13l,M083118_061_3
064,M083118,-23.78125,-8.51132,16.98084,37.614,3,1.078804,0.9967685,0.02144536,10.1556,1.289312,7.876759,13m,M083118_064_3
068,M083118,-19.78125,-18.63815,15.52685,36.438,3,0.5167593,0.9594595,0.04230317,12.22094,1.304362,9.369292,12o,M083118_068_3
069,M083118,-20.375,-16.7106,16.00622,36.598,3,2.8581,0.9694477,0.01527615,9.128717,1.557382,5.861577,12o,M083118_069_3
074,M083118,-23.75,-9.90964,16.85812,36.321,2,10.01792,0.987074,0.06462985,5.382457,1.464794,3.674548,13m,M083118_074_2
077,M083118,-18.5,-21.69808,13.8944,35.065,2,0.3533792,0.9938308,0.00293772,7.286158,1.639222,4.444889,AI,M083118_077_2
077,M083118,-18.5,-21.69808,13.8944,35.065,4,1.139873,0.8836663,0.0199765,7.592626,1.939493,3.914747,AI,M083118_077_4
078,M083118,-18.25,-20.4331,15.74969,35.125,2,4.501102,0.9970623,0.003819037,7.094587,1.307494,5.426095,AI,M083118_078_2
078,M083118,-18.25,-20.4331,15.74969,35.125,4,0.1220705,0.985899,0.006462985,14.77512,1.873736,7.885378,AI,M083118_078_4
078,M083118,-18.25,-20.4331,15.74969,35.125,5,1.181651,0.985899,0.03378378,8.244249,1.865983,4.41818,AI,M083118_078_5
088,M083118,-24.46875,-5.94965,16.82085,33.2025,3,0.9700611,0.9970623,0.001762632,11.71607,1.494352,7.840231,cd,M083118_088_3
090,M083118,-18.25,-21.15633,15.41948,33.8995,3,1.080884,0.996181,0.004994125,14.14937,1.750726,8.081999,6VaVb,M083118_090_3
092,M083118,-20.875,-17.80275,15.93865,33.8305,3,0.9926573,0.9985312,0.007344301,7.780394,1.138518,6.833793,AI,M083118_092_3
092,M083118,-20.875,-17.80275,15.93865,33.8305,4,6.340314,1,0.003231492,18.3692,1.851531,9.92109,AI,M083118_092_4
095,M083118,-25.625,-12.77948,14.05838,33.601,3,4.522161,0.9853114,0.006756757,5.807324,1.301273,4.462801,AI,M083118_095_3
100,M083118,-19.5625,-5.23922,21.97058,32.0395,4,0.7912631,1,0.0005875441,18.93068,2.102065,9.005755,cd,M083118_100_4
128,M083118,-27.78125,-13.65809,10.74049,23.8685,3,1.856682,0.9762045,0.02173913,7.932303,1.962063,4.042838,pu,M083118_128_3
133,M083118,-16.875,-7.73688,24.8384,28.254,1,36.91702,0.9853114,0.1695065,8.241982,1.036144,7.954473,cd,M083118_133_1
138,M083118,-28.40625,-15.00804,9.66637,22.693,2,2.535738,0.9641598,0.01145711,4.017492,1.192925,3.367767,pu,M083118_138_2
003,M091718,-7.84375,-14.53904,24.75328,45.805,3,0.8811814,0.9976498,0.01057579,12.35098,2.037354,6.062269,12r,M091718_003_3
004,M091718,-9.03125,-13.48804,24.49756,45.8125,2,2.721987,0.9982374,0.004406581,13.79958,1.745579,7.905444,11ml,M091718_004_2
005,M091718,-10.03125,-11.99384,24.4808,45.745,3,4.729792,0.9985312,0.004112808,15.08883,2.60751,5.786683,11ml,M091718_005_3
006,M091718,-12.3125,-10.69046,23.03648,45.7075,1,4.198954,0.9612221,0.006462985,10.41188,1.201157,8.668212,11ml,M091718_006_1
006,M091718,-12.3125,-10.69046,23.03648,45.7075,3,0.7969403,0.9612221,0.004406581,13.4953,1.743237,7.741515,11ml,M091718_006_3
006,M091718,-12.3125,-10.69046,23.03648,45.7075,5,1.023343,0.9280258,0.005581669,18.5583,1.533303,12.10348,11ml,M091718_006_5
008,M091718,-13,-9.14222,23.34162,45.73,2,2.790809,0.9791422,0.002643948,13.02853,1.265259,10.29713,11ml,M091718_008_2
008,M091718,-13,-9.14222,23.34162,45.73,3,0.3047873,0.9791422,0.006462985,9.337066,1.329475,7.023122,11ml,M091718_008_3
016,M091718,-12.59375,-8.98094,24.70101,44.4455,3,1.11959,0.9362515,0.02643948,10.50608,1.227907,8.556093,11ml,M091718_016_3
016,M091718,-12.59375,-8.98094,24.70101,44.4455,4,2.990185,0.9362515,0.009988249,12.26013,1.684254,7.279265,11ml,M091718_016_4
016,M091718,-12.59375,-8.98094,24.70101,44.4455,5,1.083184,0.9903055,0.005581669,8.859861,1.549476,5.717972,11ml,M091718_016_5
018,M091718,-8.625,-17.87024,24.48048,43.016,3,1.984521,0.9841363,0.01586369,8.840992,1.74119,5.077556,12m,M091718_018_3
019,M091718,-10.53125,-16.71702,23.80168,43.001,2,0.1104277,0.9993833,0.001850139,18.06667,2.020181,8.943092,12m,M091718_019_2
022,M091718,-13.875,-12.69538,23.03664,43.091,3,1.826555,0.9944183,0.039953,8.97543,1.451194,6.184859,11ml,M091718_022_3
026,M091718,-9.125,-19.319,23.20752,41.655,2,0.1076249,0.9940829,0.008120301,10.57215,2.75501,3.837426,12l,M091718_026_2
036,M091718,-10.875,-18.8078,22.8542,40.443,3,5.647336,0.9882491,0.01909518,9.513746,1.396503,6.81255,12l,M091718_036_3
037,M091718,-15.4375,-17.59636,19.85568,40.353,3,1.177914,0.9950058,0.02408931,9.820863,1.707518,5.751544,12o,M091718_037_3
044,M091718,-20.90625,-7.97547,18.69717,40.4975,3,0.174669,0.9997062,0.001175088,24.12636,2.279893,10.58223,13m,M091718_044_3
049,M091718,-16.4375,-14.8938,20.8844,39.2,2,0.7721004,0.9889558,0.0293772,8.324013,1.662432,5.007131,13l,M091718_049_2
050,M091718,-18.1875,-13.01352,19.93052,39.28,3,18.81997,0.983255,0.04612221,5.903501,1.62295,3.637512,13l,M091718_050_3
054,M091718,-21.9375,-8.18972,18.33532,39.145,2,6.811912,1,0.001762632,17.73764,1.784531,9.939663,13m,M091718_054_2
060,M091718,-20.4375,-13.43612,17.91424,37.861,1,2.879139,0.9982374,0.002643948,18.91681,2.794152,6.770143,13l,M091718_060_1
068,M091718,-19.78125,-18.63815,15.52685,36.438,2,2.415838,0.9932432,0.01645123,13.41022,1.179038,11.37386,12o,M091718_068_2
078,M091718,-18.25,-20.4331,15.74969,35.125,2,3.769237,0.9782609,0.05434782,7.815877,1.417377,5.514324,AI,M091718_078_2
078,M091718,-18.25,-20.4331,15.74969,35.125,3,0.7215433,0.9803173,0.03525265,11.51776,2.308156,4.990027,AI,M091718_078_3
080,M091718,-19.5625,-17.18081,17.12581,35.2625,1,3.758336,0.9952996,0.02115159,8.394629,1.568422,5.352278,AI,M091718_080_1
083,M091718,-23.4375,-12.15575,16.20275,35.005,2,0.07248486,1,0.002209456,9.694674,2.140585,4.528983,13l,M091718_083_2
083,M091718,-23.4375,-12.15575,16.20275,35.005,4,3.642859,0.9820799,0.02467685,5.356708,1.266842,4.228394,13l,M091718_083_4
088,M091718,-24.46875,-5.94965,16.82085,33.2025,1,9.044774,0.9597532,0.04817861,4.67118,1.196577,3.903786,cd,M091718_088_1
088,M091718,-24.46875,-5.94965,16.82085,33.2025,2,4.093085,0.9941245,0.02320799,8.340698,1.922177,4.339193,cd,M091718_088_2
092,M091718,-20.875,-17.80275,15.93865,33.8305,2,0.7746965,0.9823737,0.06786134,7.654484,2.326832,3.289659,AI,M091718_092_2
093,M091718,-23.28125,-16.195,14.586,33.6855,4,0.8185737,0.9914806,0.02878966,8.06809,1.993221,4.047765,AI,M091718_093_4
100,M091718,-19.5625,-5.23922,21.97058,32.0395,3,3.624479,0.987074,0.05875441,6.855788,2.388629,2.870176,cd,M091718_100_3
105,M091718,-31.15625,-13.20428,7.56696,25.8,3,6.021017,0.9544653,0.01762632,5.342158,1.331991,4.010656,AMG,M091718_105_3
109,M091718,-20.3125,-10.84397,20.16045,32.4155,3,3.357576,1,0.00293772,11.38722,1.680673,6.775394,pu,M091718_109_3
128,M091718,-27.78125,-13.65809,10.74049,23.8685,3,5.917082,0.9747356,0.03848414,7.134758,1.87422,3.806788,pu,M091718_128_3
134,M091718,-17.8125,-6.9909,23.97244,28.165,3,2.547564,0.99674,0.001762632,12.90877,1.463647,8.819598,cd,M091718_134_3
138,M091718,-28.40625,-15.00804,9.66637,22.693,3,2.329913,0.979436,0.1633372,7.709091,1.87914,4.102456,pu,M091718_138_3
139,M091718,-30.15625,-13.78868,8.7442,22.358,2,1.124962,0.9817861,0.02555817,8.967869,2.134072,4.202233,pu,M091718_139_2
149,M091718,-27.34375,-14.14734,11.91338,21.465,3,14.05808,0.9212691,0.02585194,5.779912,1.595747,3.622073,pu,M091718_149_3
156,M091718,-19.84375,-5.93959,22.57336,25.38,3,9.927492,0.9988249,0.0220329,9.813766,1.177506,8.334366,cd,M091718_156_3
003,M091818,-7.84375,-14.53904,24.75328,45.805,4,0.2130326,0.9988249,0.004700352,13.65073,2.622492,5.205252,12r,M091818_003_4
004,M091818,-9.03125,-13.48804,24.49756,45.8125,2,4.102789,0.9967685,0.002056404,11.92871,1.605326,7.430705,11ml,M091818_004_2
005,M091818,-10.03125,-11.99384,24.4808,45.745,3,1.299173,0.9544653,0.01116334,12.59316,1.62972,7.727195,11ml,M091818_005_3
006,M091818,-12.3125,-10.69046,23.03648,45.7075,1,9.026503,0.9712104,0.09072226,7.663199,1.886255,4.062653,11ml,M091818_006_1
007,M091818,-12.8125,-10.02444,23.0692,45.745,3,1.857125,0.979436,0.03349001,9.516597,1.736945,5.478927,11ml,M091818_007_3
008,M091818,-13,-9.14222,23.34162,45.73,3,7.578466,0.9668038,0.1025264,6.54782,1.615133,4.054044,11ml,M091818_008_3
008,M091818,-13,-9.14222,23.34162,45.73,4,3.311723,0.9958872,0.01351351,11.79389,1.512668,7.796748,11ml,M091818_008_4
011,M091818,-8.59375,-15.98067,24.84633,44.365,3,1.779611,0.9386017,0.02878966,8.784219,1.723597,5.096445,12r,M091818_011_3
011,M091818,-8.59375,-15.98067,24.84633,44.365,4,2.58463,0.9386017,0.02702703,10.90622,1.801579,6.053702,12r,M091818_011_4
016,M091818,-12.59375,-8.98094,24.70101,44.4455,3,3.959859,0.9438896,0.1098707,7.71804,1.508021,5.117994,11ml,M091818_016_3
016,M091818,-12.59375,-8.98094,24.70101,44.4455,5,0.8948166,0.9762045,0.007638073,8.519764,1.383179,6.159551,11ml,M091818_016_5
016,M091818,-12.59375,-8.98094,24.70101,44.4455,6,2.656097,0.9715041,0.01909518,12.83456,1.626885,7.88904,11ml,M091818_016_6
018,M091818,-8.625,-17.87024,24.48048,43.016,2,5.322233,0.9700353,0.0126322,7.002853,1.655015,4.231292,12m,M091818_018_2
019,M091818,-10.53125,-16.71702,23.80168,43.001,3,0.2963756,1,0.0008813161,19.00539,2.732562,6.955157,12m,M091818_019_3
022,M091818,-13.875,-12.69538,23.03664,43.091,2,2.590775,0.9894242,0.02790834,8.681706,1.609288,5.394749,11ml,M091818_022_2
023,M091818,-12.9375,-11.39326,24.36976,43.181,3,9.595061,0.9676851,0.06227967,5.988969,1.081322,5.538561,11ml,M091818_023_3
024,M091818,-14.4375,-10.17976,23.34575,43.191,3,23.54726,0.9403643,0.1057579,5.219277,1.368344,3.814302,11ml,M091818_024_3
036,M091818,-10.875,-18.8078,22.8542,40.443,3,5.773142,0.9803173,0.04759107,7.558455,1.658282,4.558004,12l,M091818_036_3
037,M091818,-15.4375,-17.59636,19.85568,40.353,3,1.509646,0.9944183,0.02056404,9.047206,1.698514,5.32654,12o,M091818_037_3
043,M091818,-20.15625,-9.16685,19.1904,40.4975,3,9.46238,0.9324324,0.03936545,4.3458,1.066718,4.073993,13m,M091818_043_3
044,M091818,-20.90625,-7.97547,18.69717,40.4975,2,0.6724003,0.9988249,0.0146886,11.54294,1.598215,7.222391,13m,M091818_044_2
050,M091818,-18.3125,-13.02031,19.72431,39.2775,2,21.2085,0.9221504,0.1104583,5.141609,1.809528,2.841409,13l,M091818_050_2
054,M091818,-21.9375,-8.18972,18.33532,39.145,3,7.035101,1,0.001762632,17.07463,1.868953,9.135932,13m,M091818_054_3
055,M091818,-14.15625,-21.13596,17.93104,37.864,3,1.016189,0.9825514,0.07638073,8.900282,2.047364,4.34719,12l,M091818_055_3
065,M091818,-20.28125,-7.1445,20.6592,37.719,2,0.2074123,0.9509401,0.009988249,7.565767,2.264375,3.341216,13m,M091818_065_2
068,M091818,-19.78125,-18.63815,15.52685,36.438,3,11.56308,0.9673913,0.06433608,6.68861,1.633064,4.095743,12o,M091818_068_3
068,M091818,-19.78125,-18.63815,15.52685,36.438,5,0.8657718,0.96651,0.01410106,15.51504,1.437654,10.79192,12o,M091818_068_5
069,M091818,-20.4375,-16.7106,16.00622,36.598,3,3.318648,0.9682726,0.01556992,7.837321,2.204235,3.555574,12o,M091818_069_3
071,M091818,-21.6875,-13.5432,16.9515,36.3543,3,0.4275206,0.9894242,0.01028202,9.430118,2.38207,3.958791,13l,M091818_071_3
077,M091818,-18.5625,-21.69808,13.8944,35.065,3,8.598912,0.9894242,0.04759107,8.155208,1.319231,6.181791,AI,M091818_077_3
078,M091818,-18.25,-20.4331,15.74969,35.125,3,0.9685265,0.9944183,0.07138661,8.959106,1.817623,4.929023,AI,M091818_078_3
080,M091818,-19.6875,-17.18081,17.12581,35.2625,3,0.8609862,0.9911869,0.01645123,9.428132,2.021502,4.663925,AI,M091818_080_3
083,M091818,-23.5,-12.15575,16.20275,35.005,3,0.4329488,0.9967685,0.002056404,11.93848,3.279045,3.640839,13l,M091818_083_3
088,M091818,-24.53125,-5.94965,16.82085,33.2025,3,2.411728,0.993537,0.009106933,8.736332,1.93978,4.503774,cd,M091818_088_3
109,M091818,-20.3125,-10.84397,20.16045,32.4155,1,3.238364,0.9976498,0.002643948,10.38504,1.687973,6.152372,pu,M091818_109_1
116,M091818,-29.625,-14.50515,8.44206,24.957,3,3.068185,0.9950058,0.008225617,13.05119,2.852834,4.574816,AMG,M091818_116_3
128,M091818,-28.03125,-13.65809,10.74049,23.8685,3,2.32518,0.989718,0.02702703,10.35167,1.941106,5.332873,pu,M091818_128_3
138,M091818,-28.40625,-15.00804,9.66637,22.693,3,3.543884,0.9621034,0.0945946,7.622598,1.719646,4.432655,pu,M091818_138_3
139,M091818,-30.21875,-13.78868,8.7442,22.358,3,1.877827,0.9894242,0.02849589,11.10721,2.648122,4.194373,pu,M091818_139_3
149,M091818,-27.34375,-14.14734,11.91338,21.465,1,17.327,0.9524089,0.03231492,5.782104,1.640563,3.524464,pu,M091818_149_1
156,M091818,-19.84375,-5.93959,22.57336,25.38,3,10.19044,0.9973561,0.03025852,8.450153,1.187995,7.112956,cd,M091818_156_3
004,M091918,-9.03125,-13.48804,24.49756,45.8125,5,3.561307,0.9891304,0.0126322,8.386765,1.453646,5.769469,11ml,M091918_004_5
005,M091918,-10.03125,-11.99384,24.4808,45.745,3,8.06888,0.9811986,0.1122209,7.375765,1.355505,5.441341,11ml,M091918_005_3
006,M091918,-12.3125,-10.69046,23.03648,45.7075,3,2.014311,0.9800235,0.03936545,10.22212,1.800809,5.676405,11ml,M091918_006_3
007,M091918,-12.875,-10.02596,22.8918,45.7375,1,2.617558,0.989718,0.01527615,9.679857,1.638379,5.908192,11ml,M091918_007_1
008,M091918,-13,-9.14222,23.34162,45.73,1,4.582552,0.9459459,0.07226792,8.016335,1.203629,6.66014,11ml,M091918_008_1
008,M091918,-13,-9.14222,23.34162,45.73,4,2.681749,0.9474148,0.02967098,11.08546,1.444102,7.676374,11ml,M091918_008_4
011,M091918,-8.59375,-15.98067,24.84633,44.365,2,3.689345,0.993537,0.01762632,9.923996,1.978973,5.014719,12r,M091918_011_2
016,M091918,-12.59375,-8.98094,24.70101,44.4455,2,1.954908,0.9994125,0.008519389,15.71492,1.903288,8.256723,11ml,M091918_016_2
019,M091918,-10.59375,-16.71702,23.80168,43.001,3,0.2231497,0.9988249,0.001762632,10.86006,2.076253,5.230606,12m,M091918_019_3
022,M091918,-13.875,-12.69538,23.03664,43.091,3,2.389575,0.985899,0.06022327,7.326052,1.4231,5.147954,11ml,M091918_022_3
023,M091918,-12.9375,-11.39326,24.36976,43.181,1,0.4511344,0.9982374,0.01380729,9.784894,1.794459,5.452837,11ml,M091918_023_1
036,M091918,-11,-18.81278,22.67462,40.4355,3,5.448583,0.9759107,0.01175088,7.440886,1.253454,5.936307,12l,M091918_036_3
036,M091918,-11,-18.81278,22.67462,40.4355,4,4.875459,0.9950058,0.009400705,13.99268,1.259425,11.11037,12l,M091918_036_4
044,M091918,-20.90625,-7.97547,18.69717,40.4975,3,0.5976152,0.9864865,0.006756757,11.62375,1.605812,7.238553,13m,M091918_044_3
053,M091918,-21.46875,-9.34692,18.38272,39.145,3,0.2236845,0.9955934,0.01116334,9.901022,2.451035,4.039526,13m,M091918_053_3
054,M091918,-21.9375,-8.18972,18.33532,39.145,1,6.60008,1,0.003819037,18.68277,1.906558,9.799214,13m,M091918_054_1
067,M091918,-18.34375,-20.31085,15.2149,36.418,2,2.358457,1,0,16.72275,2.308891,7.242762,12o,M091918_067_2
068,M091918,-19.78125,-18.63815,15.52685,36.438,1,6.213524,0.9894242,0.0199765,8.226795,1.932428,4.257233,12o,M091918_068_1
068,M091918,-19.78125,-18.63815,15.52685,36.438,4,2.025722,0.9894242,0.08901293,12.71912,1.688576,7.532455,12o,M091918_068_4
069,M091918,-20.5,-16.7106,16.00622,36.598,3,1.25788,1,0.00146886,16.08176,1.571467,10.23359,12o,M091918_069_3
074,M091918,-23.875,-9.92553,16.54774,36.3235,3,1.151325,0.9759107,0.02232667,7.573833,1.390958,5.445047,13m,M091918_074_3
079,M091918,-18.1875,-18.68271,17.32361,35.2425,2,27.37786,0.9744418,0.07344301,5.23969,1.125441,4.655679,AI,M091918_079_2
079,M091918,-18.1875,-18.68271,17.32361,35.2425,3,1.801569,0.9947121,0.01233843,9.615597,1.811939,5.306798,AI,M091918_079_3
080,M091918,-19.6875,-17.18081,17.12581,35.2625,3,4.69872,0.9879553,0.04612221,7.965819,1.74918,4.554031,AI,M091918_080_3
083,M091918,-23.5,-12.15575,16.20275,35.005,3,0.3932702,0.9967685,0.0005875441,10.5204,2.254555,4.666284,13l,M091918_083_3
088,M091918,-24.53125,-5.94965,16.82085,33.2025,3,0.9968432,0.9908931,0.009400705,8.68727,1.577726,5.506197,cd,M091918_088_3
092,M091918,-21.125,-17.818,15.6266,33.828,2,4.643005,0.9691539,0.07079906,5.466372,1.512339,3.614514,AI,M091918_092_2
093,M091918,-23.53125,-16.20908,14.27512,33.688,3,5.729975,0.9982374,0.01527615,8.334874,1.309579,6.364542,AI,M091918_093_3
100,M091918,-19.75,-5.23922,21.97058,32.0395,4,0.7597398,0.9985312,0.0005875441,6.672891,1.978372,3.372921,cd,M091918_100_4
109,M091918,-20.3125,-10.84397,20.16045,32.4155,1,3.648628,1,0.004406581,8.497132,1.339172,6.345065,pu,M091918_109_1
110,M091918,-25.875,-7.43826,15.30435,30.61,1,30.46251,0.970329,0.05199765,5.869245,1.101728,5.32731,pu,M091918_110_1
123,M091918,-21.5625,-6.47396,20.16348,29.392,2,0.7642499,1,0.0005875441,24.89291,2.221187,11.20703,cd,M091918_123_2
128,M091918,-28.15625,-13.65809,10.74049,23.8685,3,0.1496232,0.9582844,0.007050529,13.82432,1.725025,8.013985,pu,M091918_128_3
128,M091918,-28.15625,-13.65809,10.74049,23.8685,5,2.522912,0.9829612,0.01175088,8.565064,1.754805,4.880921,pu,M091918_128_5
134,M091918,-17.9375,-6.9909,23.97244,28.165,3,1.092225,0.9764982,0.005581669,11.54101,1.565901,7.3702,cd,M091918_134_3
138,M091918,-28.40625,-15.00804,9.66637,22.693,3,4.698605,0.9623972,0.1659812,7.47877,1.574664,4.749439,pu,M091918_138_3
139,M091918,-30.34375,-13.78868,8.7442,22.358,2,1.679341,0.9850176,0.01733255,8.875635,1.895659,4.682085,pu,M091918_139_2
149,M091918,-27.34375,-14.14734,11.91338,21.465,2,15.87331,0.9447709,0.04024677,5.47418,1.685162,3.24846,pu,M091918_149_2
004,M092018,-9.09375,-13.48412,24.35468,45.805,3,3.349625,0.9988249,0,18.13931,1.788797,10.14051,11ml,M092018_004_3
005,M092018,-10.0625,-11.99384,24.4808,45.745,2,4.931239,0.9700353,0.01145711,18.76626,1.835812,10.22232,11ml,M092018_005_2
006,M092018,-12.3125,-10.69046,23.03648,45.7075,3,0.5739306,0.9673913,0.01615746,12.97638,1.823458,7.116359,11ml,M092018_006_3
007,M092018,-12.875,-10.02596,22.8918,45.7375,2,2.85051,0.9776734,0.008519389,10.86189,2.02462,5.364905,11ml,M092018_007_2
008,M092018,-13,-9.14222,23.34162,45.73,2,2.538747,0.9988249,0.007050529,15.69533,1.445977,10.85449,11ml,M092018_008_2
011,M092018,-8.59375,-15.98067,24.84633,44.365,1,1.779098,0.9720917,0.03554641,7.748989,2.10845,3.675207,12r,M092018_011_1
011,M092018,-8.59375,-15.98067,24.84633,44.365,4,3.588808,0.9720917,0.005875441,11.22861,1.884011,5.95995,12r,M092018_011_4
012,M092018,-10.65625,-14.96842,23.55172,44.325,2,3.543282,0.9388954,0.04788484,9.970612,1.979881,5.035965,11ml,M092018_012_2
016,M092018,-12.59375,-8.98094,24.70101,44.4455,3,2.318618,0.9576969,0.001762632,14.21705,1.758237,8.085969,11ml,M092018_016_3
016,M092018,-12.59375,-8.98094,24.70101,44.4455,4,1.698723,0.9576969,0.004994125,10.68581,1.408581,7.586221,11ml,M092018_016_4
016,M092018,-12.59375,-8.98094,24.70101,44.4455,5,0.7227342,0.9873678,0.004406581,8.613241,1.77288,4.858332,11ml,M092018_016_5
019,M092018,-10.65625,-16.72011,23.66674,42.9935,5,3.046476,0.9750293,0.0346651,7.889111,1.889074,4.176178,12m,M092018_019_5
019,M092018,-10.65625,-16.72011,23.66674,42.9935,6,1.778379,0.972973,0.02115159,4.392134,1.977383,2.221185,12m,M092018_019_6
022,M092018,-13.875,-12.69538,23.03664,43.091,3,1.703442,0.9797297,0.03584019,6.654713,1.652221,4.027738,11ml,M092018_022_3
032,M092018,-15.40625,-11.44342,22.46096,41.873,3,2.820418,0.9738543,0.07990599,6.068675,1.305141,4.649822,11ml,M092018_032_3
036,M092018,-11,-18.81278,22.67462,40.4355,2,4.023219,0.9994125,0.005875441,17.50272,1.791389,9.770475,12l,M092018_036_2
036,M092018,-11,-18.81278,22.67462,40.4355,5,11.1839,0.9409518,0.008225617,5.46136,1.169644,4.669249,12l,M092018_036_5
042,M092018,-16.03125,-10.19277,22.99513,40.6275,3,4.828964,0.9791422,0.0220329,7.201283,1.603726,4.490344,13l,M092018_042_3
054,M092018,-21.9375,-8.18972,18.33532,39.145,2,5.009938,0.9988249,0.003525264,19.47001,2.076173,9.377837,13m,M092018_054_2
060,M092018,-20.5,-13.43612,17.91424,37.861,3,0.3426997,0.9941245,0.00293772,9.546787,1.636074,5.835181,13l,M092018_060_3
067,M092018,-18.34375,-20.31085,15.2149,36.418,2,0.114616,1,0,17.46853,1.777999,9.824827,12o,M092018_067_2
068,M092018,-19.78125,-18.63815,15.52685,36.438,5,5.79726,0.9532902,0.02467685,8.261182,1.623147,5.089609,12o,M092018_068_5
069,M092018,-20.5,-16.7106,16.00622,36.598,3,0.6511291,0.9988249,0.0005875441,11.80621,1.393295,8.47359,12o,M092018_069_3
079,M092018,-18.1875,-18.68271,17.32361,35.2425,4,7.25471,0.9618096,0.02555817,4.67309,1.084905,4.307373,AI,M092018_079_4
079,M092018,-18.1875,-18.68271,17.32361,35.2425,5,2.182373,0.996181,0.009988249,10.53516,1.578518,6.674085,AI,M092018_079_5
080,M092018,-19.6875,-17.18081,17.12581,35.2625,3,1.200094,0.9776734,0.01292597,8.01757,1.954551,4.102002,AI,M092018_080_3
083,M092018,-23.5,-12.15575,16.20275,35.005,3,0.9572644,0.9873678,0.01175088,7.075025,2.843118,2.488473,13l,M092018_083_3
088,M092018,-24.53125,-5.94965,16.82085,33.2025,2,0.9501278,0.9941245,0.003231492,10.60301,1.807539,5.865994,cd,M092018_088_2
109,M092018,-20.3125,-10.84397,20.16045,32.4155,2,3.069438,0.9826674,0.04905993,5.610935,1.061312,5.286789,pu,M092018_109_2
110,M092018,-25.875,-7.43826,15.30435,30.61,2,25.84795,0.9991187,0.003525264,6.606189,1.105772,5.97428,pu,M092018_110_2
118,M092018,-29.78125,-12.30796,9.93452,24.837,2,0.07837807,1,0,17.91021,1.93039,9.278023,AMG,M092018_118_2
123,M092018,-21.5625,-6.47396,20.16348,29.392,3,0.2727912,1,0.009694478,20.04209,2.054543,9.755013,cd,M092018_123_3
128,M092018,-28.28125,-13.6437,10.3397,23.811,2,0.1084308,0.9933333,0.003333333,11.3921,1.753659,6.49619,pu,M092018_128_2
139,M092018,-30.34375,-13.78868,8.7442,22.358,5,1.143912,0.9914806,0.002056404,9.009398,1.886922,4.774652,pu,M092018_139_5
140,M092018,-29.03125,-12.70099,10.76073,22.443,3,1.906734,0.9823737,0.02673326,6.241291,1.597029,3.908064,pu,M092018_140_3
144,M092018,-17,-7.64976,24.74878,26.5979,3,2.297743,0.9923619,0.01028202,7.118143,1.609621,4.422249,cd,M092018_144_3
149,M092018,-27.34375,-14.14734,11.91338,21.465,1,16.26667,0.9541715,0.05317274,5.630416,1.603661,3.510976,pu,M092018_149_1
156,M092018,-19.90625,-5.95252,22.26108,25.385,3,10.22529,0.9903055,0.1650999,7.639924,1.27611,5.986885,cd,M092018_156_3
004,M092118,-9.09375,-13.48412,24.35468,45.805,3,3.104461,1,0.004700352,17.56932,1.912359,9.187251,11ml,M092118_004_3
005,M092118,-10.0625,-11.99384,24.4808,45.745,3,5.280786,0.9976498,0.005875441,20.23028,1.933739,10.46174,11ml,M092118_005_3
006,M092118,-12.3125,-10.69046,23.03648,45.7075,3,1.2537,0.9964747,0.0766745,7.942217,1.423664,5.578717,11ml,M092118_006_3
006,M092118,-12.3125,-10.69046,23.03648,45.7075,5,2.755645,0.9964747,0.003819037,13.84595,1.5414,8.982709,11ml,M092118_006_5
007,M092118,-12.875,-10.02596,22.8918,45.7375,3,3.286312,0.9873678,0.01645123,11.20237,1.841202,6.084267,11ml,M092118_007_3
008,M092118,-13,-9.14222,23.34162,45.73,2,2.785738,0.9952996,0.001762632,16.02708,1.438318,11.14293,11ml,M092118_008_2
008,M092118,-13,-9.14222,23.34162,45.73,4,7.476167,0.9547591,0.1113396,5.732321,1.657906,3.457567,11ml,M092118_008_4
008,M092118,-13,-9.14222,23.34162,45.73,5,0.7093927,0.9782609,0.009694478,9.062266,1.604856,5.646778,11ml,M092118_008_5
011,M092118,-8.59375,-15.98067,24.84633,44.365,3,3.590943,0.9950058,0.007638073,10.732,2.181607,4.919306,12r,M092118_011_3
012,M092118,-10.65625,-14.96842,23.55172,44.325,3,2.11873,0.9247944,0.08137485,10.32029,1.982033,5.206921,11ml,M092118_012_3
012,M092118,-10.65625,-14.96842,23.55172,44.325,4,1.108679,0.9615158,0.008813161,13.32651,1.929971,6.905031,11ml,M092118_012_4
013,M092118,-11.65625,-13.91476,23.398,44.345,4,0.1697545,0.9946524,0.006756757,8.910395,3.435905,2.593318,11ml,M092118_013_4
016,M092118,-12.59375,-8.98094,24.70101,44.4455,3,2.259027,0.9647474,0.006756757,14.88562,1.735974,8.574798,11ml,M092118_016_3
016,M092118,-12.59375,-8.98094,24.70101,44.4455,4,0.5650102,0.9732667,0.007931845,7.847977,1.539395,5.098091,11ml,M092118_016_4
016,M092118,-12.59375,-8.98094,24.70101,44.4455,5,2.100531,0.9571093,0.03760282,8.61258,1.443094,5.968134,11ml,M092118_016_5
019,M092118,-10.6875,-16.72011,23.66674,42.9935,2,4.66253,0.9732667,0.02115159,7.654155,1.993466,3.839622,12m,M092118_019_2
019,M092118,-10.6875,-16.72011,23.66674,42.9935,6,2.488924,0.9985312,0.002643948,5.331634,1.416561,3.763788,12m,M092118_019_6
022,M092118,-13.875,-12.69538,23.03664,43.091,3,3.383579,0.9823737,0.03349001,6.699731,1.472544,4.549766,11ml,M092118_022_3
023,M092118,-12.9375,-11.39326,24.36976,43.181,5,0.4541053,0.9973561,0.01674501,13.46787,4.129905,3.261062,11ml,M092118_023_5
036,M092118,-11,-18.81278,22.67462,40.4355,1,5.695755,0.9574031,0.01439483,6.414671,1.784218,3.595228,12l,M092118_036_1
036,M092118,-11,-18.81278,22.67462,40.4355,4,3.696508,0.9861927,0.003525264,15.65367,2.690087,5.819021,12l,M092118_036_4
037,M092118,-15.46875,-17.60349,19.64262,40.3455,2,2.478571,0.9891304,0.01850764,6.232391,1.425927,4.370765,12o,M092118_037_2
050,M092118,-18.4375,-13.02031,19.72431,39.2775,3,0.8189042,0.9841363,0.01498237,7.837481,1.87074,4.189507,13l,M092118_050_3
051,M092118,-17.75,-11.6735,20.999,39.3125,1,8.849919,0.9626909,0.1401293,6.769215,1.223753,5.53152,13m,M092118_051_1
054,M092118,-21.9375,-8.18972,18.33532,39.145,1,5.916617,1,0.004700352,19.49719,2.01469,9.677515,13m,M092118_054_1
055,M092118,-14.40625,-21.1436,17.7104,37.859,3,0.308344,0.9772242,0.00146886,9.666975,1.575299,6.136595,12l,M092118_055_3
060,M092118,-20.5,-13.43612,17.91424,37.861,3,0.3704984,0.9964747,0.003525264,8.565889,1.709772,5.009959,13l,M092118_060_3
067,M092118,-18.40625,-20.31085,15.2149,36.418,2,0.05977346,1,0.001844168,19.00173,1.624164,11.69939,12o,M092118_067_2
067,M092118,-18.40625,-20.31085,15.2149,36.418,4,15.95494,0.9462397,0.06991775,5.041094,1.218874,4.135861,12o,M092118_067_4
068,M092118,-19.78125,-18.63815,15.52685,36.438,3,9.394458,0.9753231,0.02643948,8.051377,1.824028,4.414065,12o,M092118_068_3
072,M092118,-19.3125,-12.24402,20.1841,36.286,3,2.127482,0.9911869,0.008225617,5.398822,1.070849,5.041627,13l,M092118_072_3
074,M092118,-23.9375,-9.92553,16.54774,36.3235,3,0.279227,0.9908931,0.02673326,10.39377,1.746744,5.950371,13m,M092118_074_3
077,M092118,-18.6875,-21.70656,13.6338,35.06,4,8.415063,0.9644536,0.07491187,3.730762,1.079003,3.457601,AI,M092118_077_4
078,M092118,-18.375,-20.4331,15.74969,35.125,2,7.216074,0.9615158,0.01556992,8.464498,1.451391,5.83199,AI,M092118_078_2
078,M092118,-18.375,-20.4331,15.74969,35.125,4,2.738658,0.9615158,0.00293772,10.38312,1.362099,7.62288,AI,M092118_078_4
079,M092118,-18.1875,-18.68271,17.32361,35.2425,4,1.650537,0.9911869,0.01204465,7.678539,1.547726,4.961176,AI,M092118_079_4
080,M092118,-19.6875,-17.18081,17.12581,35.2625,3,2.209274,0.9844301,0.01703878,7.836496,1.812935,4.322547,AI,M092118_080_3
083,M092118,-23.5,-12.15575,16.20275,35.005,2,0.9332999,0.9944183,0.01175088,7.234256,2.355175,3.071643,13l,M092118_083_2
088,M092118,-24.53125,-5.94965,16.82085,33.2025,2,1.103563,0.9944183,0.009106933,9.818957,1.817223,5.403277,cd,M092118_088_2
105,M092118,-31.40625,-13.20428,7.56696,25.8,2,0.7697952,0.9929495,0.0126322,7.801633,1.715282,4.548309,AMG,M092118_105_2
110,M092118,-25.875,-7.43826,15.30435,30.61,1,28.19319,0.9997062,0.005581669,6.765365,1.17571,5.75428,pu,M092118_110_1
135,M092118,-17.8125,-5.99694,24.24946,27.902,3,1.524387,0.9991187,0.007050529,7.561257,1.212999,6.233521,cd,M092118_135_3
139,M092118,-30.34375,-13.78868,8.7442,22.358,3,0.665408,0.9908931,0.004700352,11.39836,1.484189,7.679859,pu,M092118_139_3
149,M092118,-27.34375,-14.14734,11.91338,21.465,3,7.043742,0.9541715,0.0472973,6.930257,1.587858,4.364532,pu,M092118_149_3
004,M092518,-9.09375,-13.48412,24.35468,45.805,4,1.481343,1,0.001175088,19.07682,2.524711,7.556039,11ml,M092518_004_4
005,M092518,-10.0625,-11.99384,24.4808,45.745,3,7.645252,1,0.005875441,17.19778,1.5603,11.0221,11ml,M092518_005_3
005,M092518,-10.0625,-11.99384,24.4808,45.745,6,6.061445,0.9527027,0.07403056,3.524943,0.8376759,4.208004,11ml,M092518_005_6
006,M092518,-12.3125,-10.69046,23.03648,45.7075,2,0.5612457,0.9462397,0.003525264,14.06075,1.534237,9.164652,11ml,M092518_006_2
007,M092518,-12.875,-10.02596,22.8918,45.7375,3,0.6554446,0.953584,0.01175088,11.3547,2.177551,5.214437,11ml,M092518_007_3
008,M092518,-13,-9.14222,23.34162,45.73,3,2.251171,0.9994125,0.0005875441,19.52977,2.172763,8.988448,11ml,M092518_008_3
010,M092518,-7.25,-16.97536,25.19004,44.555,4,0.5029576,0.9835488,0.0005875441,10.04081,1.361172,7.376592,12r,M092518_010_4
011,M092518,-8.71875,-15.98168,24.71832,44.355,3,7.016614,0.985899,0.05317274,8.410139,2.022759,4.157756,12r,M092518_011_3
012,M092518,-10.78125,-14.97144,23.40204,44.315,4,6.341326,0.9723854,0.09635723,8.439466,1.86172,4.533156,11ml,M092518_012_4
013,M092518,-11.71875,-13.91476,23.398,44.345,2,4.470078,0.9747356,0.01792009,7.894612,1.789804,4.410882,11ml,M092518_013_2
016,M092518,-12.59375,-8.98094,24.70101,44.4455,3,5.111918,0.9800235,0.01703878,9.349995,1.715349,5.450781,11ml,M092518_016_3
016,M092518,-12.59375,-8.98094,24.70101,44.4455,4,0.6115912,0.9800235,0.008225617,8.871179,1.598119,5.551011,11ml,M092518_016_4
019,M092518,-10.8125,-16.7232,23.5318,42.986,3,5.483922,0.9908931,0.02350176,7.26014,1.303566,5.569446,12m,M092518_019_3
022,M092518,-13.90625,-12.69538,23.03664,43.091,3,0.5227141,0.9932318,0.007931845,10.70765,1.411203,7.587606,11ml,M092518_022_3
024,M092518,-14.6875,-10.1892,23.163,43.186,2,0.3775015,0.9976498,0.0005875441,18.79082,1.847469,10.17112,11ml,M092518_024_2
025,M092518,-15.4375,-9.0806,22.84012,43.205,2,4.340662,0.9685664,0.009106933,6.00796,1.544299,3.890411,11ml,M092518_025_2
026,M092518,-9.3125,-19.319,22.9403,41.64,3,9.350613,0.9603408,0.1518801,7.318639,1.589169,4.605325,12l,M092518_026_3
026,M092518,-9.3125,-19.319,22.9403,41.64,4,1.558616,0.983255,0.04994125,13.23244,1.870022,7.076085,12l,M092518_026_4
036,M092518,-11,-18.81278,22.67462,40.4355,1,6.387711,0.9359577,0.02262045,5.188568,1.124531,4.613983,12l,M092518_036_1
036,M092518,-11,-18.81278,22.67462,40.4355,3,3.583423,1,0.00293772,19.44005,1.555807,12.49516,12l,M092518_036_3
039,M092518,-16.5,-14.79404,20.48152,40.473,3,10.94307,0.9829612,0.01821387,6.350775,1.22654,5.177798,13l,M092518_039_3
045,M092518,-13.9375,-21.0475,17.9124,38.975,3,1.747044,0.9867803,0.02115159,7.720737,1.517072,5.089235,12l,M092518_045_3
051,M092518,-17.75,-11.6735,20.999,39.3125,1,8.660976,0.9985312,0.1930082,10.01706,1.197835,8.362635,13m,M092518_051_1
054,M092518,-21.9375,-8.18972,18.33532,39.145,1,4.825952,1,0,20.89606,1.92421,10.85955,13m,M092518_054_1
060,M092518,-20.625,-13.44644,17.60488,37.8585,2,4.3543,0.9779671,0.02320799,9.409469,1.698063,5.541294,13l,M092518_060_2
060,M092518,-20.625,-13.44644,17.60488,37.8585,3,11.82976,0.9289072,0.007050529,5.589163,1.467633,3.808284,13l,M092518_060_3
063,M092518,-20.96875,-9.60868,18.98956,37.789,3,6.962737,0.9911869,0.07432432,7.917049,1.287484,6.14924,13m,M092518_063_3
066,M092518,-18.15625,-21.44792,13.81248,36.368,3,4.044477,0.9829612,0.03113984,8.553599,2.291466,3.732807,12o,M092518_066_3
068,M092518,-19.78125,-18.63815,15.52685,36.438,2,2.903555,0.949765,0.004700352,10.45002,1.421157,7.353172,12o,M092518_068_2
071,M092518,-21.875,-13.5432,16.9515,36.3543,3,1.615215,0.9879553,0.0126322,8.239411,1.805984,4.562284,13l,M092518_071_3
072,M092518,-19.5625,-12.25673,19.87265,36.2885,3,2.062296,0.9938308,0.09723854,8.322849,1.222332,6.808994,13l,M092518_072_3
074,M092518,-24.0625,-9.92553,16.54774,36.3235,3,0.7562531,0.9970623,0.007638073,11.05868,1.81162,6.104306,13m,M092518_074_3
078,M092518,-18.375,-20.4331,15.74969,35.125,2,3.841734,0.9920682,0.005875441,9.457528,1.376127,6.872567,AI,M092518_078_2
079,M092518,-18.25,-18.68271,17.32361,35.2425,2,2.480471,0.9820799,0.02115159,5.742925,1.820229,3.155057,AI,M092518_079_2
080,M092518,-19.8125,-17.19368,16.81568,35.26,3,6.997882,0.9764982,0.01762632,7.236207,1.376408,5.257314,AI,M092518_080_3
083,M092518,-23.5625,-12.15575,16.20275,35.005,3,0.5595363,0.9997062,0.001175088,12.30989,2.372347,5.188906,13l,M092518_083_3
109,M092518,-20.5625,-10.84397,20.16045,32.4155,1,9.842559,0.9606345,0.03584019,5.365328,1.177273,4.55742,pu,M092518_109_1
117,M092518,-34.03125,-13.31348,4.78251,24.1495,3,0.05165491,0.9972565,0.006401463,12.40864,3.373671,3.678084,AMG,M092518_117_3
128,M092518,-28.78125,-13.62931,9.93891,23.7535,2,5.086513,0.9697415,0.08989424,6.249365,1.745754,3.579752,pu,M092518_128_2
134,M092518,-18.3125,-7.00145,23.66312,28.1625,3,0.3201547,0.9815547,0.001762632,7.411615,1.270483,5.833697,cd,M092518_134_3
136,M092518,-21.0625,-5.3106,21.45964,27.927,2,0.8834848,0.9905993,0.07491187,6.974863,2.232042,3.124879,cd,M092518_136_2
149,M092518,-27.34375,-14.14734,11.91338,21.465,2,9.217181,0.9650411,0.02497062,5.367811,1.786002,3.00549,pu,M092518_149_2
149,M092518,-27.34375,-14.14734,11.91338,21.465,3,0.6970695,0.9835488,0.02320799,11.18786,1.686768,6.632718,pu,M092518_149_3
154,M092518,-17.0625,-7.6902,24.6747,25.34,3,3.512107,0.9853114,0.04230317,5.942039,1.743985,3.407162,cd,M092518_154_3
004,M092618,-9.09375,-13.48412,24.35468,45.805,3,1.560447,1,0,16.47729,2.409935,6.837236,11ml,M092618_004_3
005,M092618,-10.0625,-11.99384,24.4808,45.745,2,6.975677,0.9938308,0,14.94542,1.189351,12.56603,11ml,M092618_005_2
005,M092618,-10.0625,-11.99384,24.4808,45.745,4,7.278092,0.9527027,0.03349001,3.822988,0.9749844,3.921076,11ml,M092618_005_4
005,M092618,-10.0625,-11.99384,24.4808,45.745,5,1.18203,0.9950058,0.0008813161,24.5524,1.82752,13.43482,11ml,M092618_005_5
006,M092618,-12.3125,-10.69046,23.03648,45.7075,3,0.9166559,0.9973561,0.02408931,12.15782,2.037113,5.968163,11ml,M092618_006_3
007,M092618,-12.875,-10.02596,22.8918,45.7375,1,3.254023,0.9850176,0.03936545,10.20649,2.30314,4.431555,11ml,M092618_007_1
007,M092618,-12.875,-10.02596,22.8918,45.7375,3,0.6671368,0.9850176,0.009694478,10.51257,2.002293,5.250268,11ml,M092618_007_3
008,M092618,-13,-9.14222,23.34162,45.73,3,1.888088,1,0.001762632,18.83856,1.688172,11.15915,11ml,M092618_008_3
010,M092618,-7.25,-16.97536,25.19004,44.555,3,1.206452,0.9938308,0.05611046,10.43238,1.977687,5.27504,12r,M092618_010_3
011,M092618,-8.71875,-15.98168,24.71832,44.355,3,4.569049,0.9782609,0.056698,7.930891,2.049542,3.869592,12r,M092618_011_3
012,M092618,-10.84375,-14.97144,23.40204,44.315,3,2.235111,0.9908931,0.04289072,10.60506,1.518087,6.985803,11ml,M092618_012_3
013,M092618,-11.71875,-13.91476,23.398,44.345,2,6.146836,0.9773796,0.03172738,7.778694,1.823232,4.266432,11ml,M092618_013_2
014,M092618,-11.53125,-11.087,24.85525,44.4725,3,3.530359,0.9477086,0.0326087,6.731509,1.751524,3.843231,11ml,M092618_014_3
016,M092618,-12.59375,-8.98094,24.70101,44.4455,3,3.041261,0.983255,0.0420094,8.519448,1.758153,4.84568,11ml,M092618_016_3
016,M092618,-12.59375,-8.98094,24.70101,44.4455,4,2.397221,0.983255,0.003525264,12.63449,2.05366,6.152184,11ml,M092618_016_4
022,M092618,-13.90625,-12.69538,23.03664,43.091,3,0.3838152,0.9982374,0.01116334,9.806738,1.952725,5.022079,11ml,M092618_022_3
024,M092618,-14.6875,-10.1892,23.163,43.186,3,0.3281662,0.9994125,0.0005875441,20.31056,1.881253,10.79629,11ml,M092618_024_3
025,M092618,-15.4375,-9.0806,22.84012,43.205,2,8.72196,0.9456522,0.2223854,6.623756,1.347488,4.915632,11ml,M092618_025_2
026,M092618,-9.375,-19.319,22.9403,41.64,3,0.4963939,0.9941245,0.001762632,17.14536,1.762001,9.730617,12l,M092618_026_3
026,M092618,-9.375,-19.319,22.9403,41.64,4,0.1524631,0.9941245,0,24.00294,1.94594,12.33488,12l,M092618_026_4
028,M092618,-11.75,-16.8964,23.24636,41.7,3,1.824578,0.9309636,0.1689189,6.547752,1.58652,4.127117,12o,M092618_028_3
036,M092618,-11,-18.81278,22.67462,40.4355,2,6.682697,0.9779671,0.004994125,7.555233,1.414986,5.339439,12l,M092618_036_2
036,M092618,-11,-18.81278,22.67462,40.4355,3,4.071867,0.9982374,0.004994125,17.47618,1.428168,12.23678,12l,M092618_036_3
039,M092618,-16.5,-14.79404,20.48152,40.473,3,9.076487,0.9791422,0.04964747,5.771195,1.181803,4.883381,13l,M092618_039_3
051,M092618,-17.75,-11.6735,20.999,39.3125,2,9.568684,0.9979436,0.09518214,8.396843,1.137835,7.379665,13m,M092618_051_2
054,M092618,-21.9375,-8.18972,18.33532,39.145,3,5.292701,1,0.001175088,19.86973,2.177514,9.124959,13m,M092618_054_3
060,M092618,-20.625,-13.44644,17.60488,37.8585,3,10.54768,0.9582844,0.02967098,5.246675,1.152984,4.550519,13l,M092618_060_3
060,M092618,-20.625,-13.44644,17.60488,37.8585,4,4.755041,0.9756169,0.02144536,9.754248,2.017073,4.835842,13l,M092618_060_4
066,M092618,-18.15625,-21.44792,13.81248,36.368,2,4.777195,1,0.002350176,12.87703,1.229554,10.47292,12o,M092618_066_2
066,M092618,-18.15625,-21.44792,13.81248,36.368,4,4.689181,0.9712104,0.04171563,4.141816,1.032514,4.011391,12o,M092618_066_4
068,M092618,-19.78125,-18.63815,15.52685,36.438,3,3.954832,0.9230317,0.004994125,9.521827,1.311802,7.258585,12o,M092618_068_3
069,M092618,-20.59375,-16.7212,15.69689,36.5955,3,1.89631,0.9779671,0.007638073,8.639984,1.905924,4.533226,12o,M092618_069_3
074,M092618,-24.0625,-9.92553,16.54774,36.3235,3,0.5739384,0.9804516,0.006462985,9.951485,2.970227,3.350413,13m,M092618_074_3
078,M092618,-18.375,-20.4331,15.74969,35.125,2,3.449905,0.9879553,0.003231492,8.704834,1.357864,6.410682,AI,M092618_078_2
080,M092618,-19.8125,-17.19368,16.81568,35.26,3,5.38096,0.9876616,0.03730905,7.976743,1.432531,5.568288,AI,M092618_080_3
080,M092618,-19.8125,-17.19368,16.81568,35.26,4,0.06179604,0.9962459,0.008916002,10.308,2.594959,3.972317,AI,M092618_080_4
083,M092618,-23.5625,-12.15575,16.20275,35.005,3,0.329861,0.9988249,0.0005875441,11.64708,2.389052,4.875189,13l,M092618_083_3
088,M092618,-24.6875,-5.96794,16.53326,33.195,3,0.04979156,0.9830856,0.003587904,19.19259,3.585945,5.352171,cd,M092618_088_3
088,M092618,-24.6875,-5.96794,16.53326,33.195,4,0.06967426,0.9830856,0.002192021,12.59594,2.291494,5.496825,cd,M092618_088_4
092,M092618,-21.5625,-17.83325,15.31455,33.8255,1,15.87819,0.9797297,0.09518214,6.008201,1.249931,4.806826,AI,M092618_092_1
092,M092618,-21.5625,-17.83325,15.31455,33.8255,2,0.2576218,0.9964747,0.003231492,9.462295,2.396736,3.947991,AI,M092618_092_2
094,M092618,-24.3125,-14.40759,14.76542,33.5885,3,7.746862,0.96651,0.02350176,6.984245,2.204727,3.16785,AI,M092618_094_3
105,M092618,-31.5625,-13.18856,7.16067,25.7325,3,0.4591859,0.9970623,0.006169213,8.079091,1.836869,4.398294,AMG,M092618_105_3
109,M092618,-20.5625,-10.84397,20.16045,32.4155,4,10.82663,0.9283196,0.1747944,5.582057,1.095401,5.095903,pu,M092618_109_4
109,M092618,-20.5625,-10.84397,20.16045,32.4155,5,9.67519,0.9706228,0.04612221,3.977929,1.230979,3.231517,pu,M092618_109_5
116,M092618,-29.875,-14.4857,8.04328,24.897,3,1.026722,0.993537,0.005581669,9.918675,1.941986,5.10749,AMG,M092618_116_3
118,M092618,-30.09375,-12.29764,9.52743,24.7745,3,0.2879545,0.9891304,0.01703878,9.414931,1.68098,5.60086,AMG,M092618_118_3
123,M092618,-21.75,-6.47396,20.16348,29.392,2,0.03984561,0.9879975,0.001263424,18.55296,2.320516,7.995187,cd,M092618_123_2
123,M092618,-21.75,-6.47396,20.16348,29.392,4,1.595039,0.9879975,0.002056404,11.75139,1.707888,6.880659,cd,M092618_123_4
128,M092618,-29.15625,-13.61492,9.53812,23.696,3,0.5743802,0.989718,0.002350176,12.3552,1.730152,7.141109,pu,M092618_128_3
135,M092618,-18.1875,-6.01537,23.94133,27.9045,3,3.782159,0.947121,0.2259107,5.96347,1.54921,3.849363,cd,M092618_135_3
136,M092618,-21.0625,-5.3106,21.45964,27.927,3,0.8741906,0.9988249,0.05992949,8.715232,1.527255,5.706467,cd,M092618_136_3
140,M092618,-29.3125,-12.69068,10.35536,22.388,3,4.502522,0.9412456,0.06169213,6.257968,1.391374,4.49769,pu,M092618_140_3
149,M092618,-27.375,-14.14734,11.91338,21.465,3,5.326244,0.9618096,0.1098707,6.18138,1.619919,3.815857,pu,M092618_149_3
156,M092618,-20.28125,-5.96545,21.9488,25.39,3,3.769714,0.9861927,0.07226792,7.98985,1.358961,5.87938,cd,M092618_156_3
003,M092718,-8.03125,-14.52926,24.51032,45.79,3,0.4368561,0.9970623,0.004994125,12.06349,2.874022,4.197424,12r,M092718_003_3
004,M092718,-9.09375,-13.48412,24.35468,45.805,3,2.99248,1,0.001175088,15.59947,2.337145,6.674584,11ml,M092718_004_3
005,M092718,-10.0625,-11.99384,24.4808,45.745,1,5.603462,0.9847239,0.004700352,16.39258,1.576802,10.39609,11ml,M092718_005_1
005,M092718,-10.0625,-11.99384,24.4808,45.745,2,9.646852,0.9559342,0.03760282,3.923867,0.868422,4.518388,11ml,M092718_005_2
005,M092718,-10.0625,-11.99384,24.4808,45.745,3,1.348754,0.9847239,0.001175088,21.15944,2.062064,10.26129,11ml,M092718_005_3
006,M092718,-12.3125,-10.69046,23.03648,45.7075,3,0.9445917,0.9403643,0.006462985,11.19128,1.359466,8.23212,11ml,M092718_006_3
007,M092718,-12.875,-10.02596,22.8918,45.7375,3,3.989208,0.9814923,0.04054054,8.970741,2.480869,3.615968,11ml,M092718_007_3
007,M092718,-12.875,-10.02596,22.8918,45.7375,4,1.091963,0.9814923,0.02144536,10.19147,2.419932,4.21147,11ml,M092718_007_4
008,M092718,-13,-9.14222,23.34162,45.73,3,0.8448119,0.9180376,0,25.74846,2.373518,10.84822,11ml,M092718_008_3
008,M092718,-13,-9.14222,23.34162,45.73,5,1.608187,0.9900118,0.009694478,8.162242,1.472766,5.542116,11ml,M092718_008_5
010,M092718,-7.25,-16.97536,25.19004,44.555,3,3.076505,0.976792,0.106933,7.677602,1.605318,4.782604,12r,M092718_010_3
011,M092718,-8.71875,-15.98168,24.71832,44.355,2,1.247229,0.974148,0.0220329,4.222992,1.286925,3.28146,12r,M092718_011_2
011,M092718,-8.71875,-15.98168,24.71832,44.355,4,1.548798,0.9770858,0.01498237,10.92966,1.858542,5.880769,12r,M092718_011_4
013,M092718,-11.71875,-13.91476,23.398,44.345,2,7.282564,0.9538778,0.1474736,6.632478,1.765832,3.756007,11ml,M092718_013_2
013,M092718,-11.71875,-13.91476,23.398,44.345,3,1.189073,0.9820799,0.0220329,10.82197,1.845779,5.863091,11ml,M092718_013_3
016,M092718,-12.59375,-8.98094,24.70101,44.4455,2,1.723365,0.9559342,0.01909518,9.653666,1.673079,5.769998,11ml,M092718_016_2
016,M092718,-12.59375,-8.98094,24.70101,44.4455,3,0.2067647,0.9559342,0.009106933,9.83506,1.53539,6.405577,11ml,M092718_016_3
022,M092718,-13.90625,-12.69538,23.03664,43.091,3,0.5026109,0.984127,0.005581669,9.503207,1.53504,6.190853,11ml,M092718_022_3
024,M092718,-14.6875,-10.1892,23.163,43.186,2,0.3173485,1,0.003231492,17.31747,1.662246,10.41812,11ml,M092718_024_2
026,M092718,-9.375,-19.319,22.9403,41.64,3,0.2870089,0.9988249,0,17.74045,1.785204,9.937488,12l,M092718_026_3
028,M092718,-11.75,-16.8964,23.24636,41.7,2,2.646998,0.9926557,0.03701528,9.115671,1.559855,5.84392,12o,M092718_028_2
035,M092718,-11.625,-20.3044,20.3318,40.293,3,2.171316,0.9800235,0.007344301,8.419693,1.625204,5.180698,12l,M092718_035_3
039,M092718,-16.5,-14.79404,20.48152,40.473,3,9.859089,0.9811986,0.02056404,5.987823,1.201443,4.98386,13l,M092718_039_3
054,M092718,-21.9375,-8.18972,18.33532,39.145,2,4.968841,1,0.001175088,19.34654,2.21333,8.740921,13m,M092718_054_2
055,M092718,-15.03125,-21.16652,17.04848,37.844,3,1.95597,0.9940987,0.00293772,10.99054,1.879252,5.848359,12o,M092718_055_3
060,M092718,-20.625,-13.44644,17.60488,37.8585,1,13.55595,0.9829612,0.01057579,7.169389,1.152166,6.222531,13l,M092718_060_1
060,M092718,-20.625,-13.44644,17.60488,37.8585,4,4.390229,0.9947121,0.03525265,11.07537,1.607469,6.889943,13l,M092718_060_4
065,M092718,-21.28125,-7.2377,19.42192,37.739,4,0.3985383,0.9947121,0.039953,12.09187,1.695307,7.132553,13m,M092718_065_4
066,M092718,-18.15625,-21.44792,13.81248,36.368,3,6.774148,0.9803173,0.03084606,5.114141,1.114138,4.590224,12o,M092718_066_3
067,M092718,-18.71875,-20.3225,14.949,36.413,3,9.988057,0.9788484,0.0420094,6.456511,1.291714,4.998405,12o,M092718_067_3
067,M092718,-18.71875,-20.3225,14.949,36.413,4,5.809243,0.9944183,0.005287896,10.31876,1.379817,7.478354,12o,M092718_067_4
068,M092718,-19.78125,-18.63815,15.52685,36.438,1,3.251699,0.9656287,0.01116334,11.06811,1.365421,8.106008,12o,M092718_068_1
068,M092718,-19.78125,-18.63815,15.52685,36.438,2,2.123003,0.9656287,0.02761457,8.998924,1.349056,6.670536,12o,M092718_068_2
069,M092718,-20.59375,-16.7212,15.69689,36.5955,3,0.1521931,0.9952996,0.001175088,12.01916,1.95705,6.141467,12o,M092718_069_3
074,M092718,-24.0625,-9.92553,16.54774,36.3235,3,0.5370265,0.9955934,0.005287896,9.900902,2.018776,4.904408,13m,M092718_074_3
078,M092718,-18.375,-20.4331,15.74969,35.125,2,3.08354,0.9891304,0.005287896,8.808134,1.390152,6.336096,AI,M092718_078_2
080,M092718,-19.8125,-17.19368,16.81568,35.26,3,4.884921,0.9864865,0.0126322,8.735431,1.269917,6.878739,AI,M092718_080_3
080,M092718,-19.8125,-17.19368,16.81568,35.26,4,0.3669681,0.9864865,0.06551117,8.952063,1.593079,5.619346,AI,M092718_080_4
088,M092718,-24.6875,-5.96794,16.53326,33.195,3,0.09982745,0.9994125,0.001175088,13.80799,1.51105,9.138009,cd,M092718_088_3
092,M092718,-21.5625,-17.83325,15.31455,33.8255,2,15.01498,0.9785547,0.05111633,5.84295,1.281404,4.559805,AI,M092718_092_2
095,M092718,-24.6875,-12.7418,15.1513,33.591,3,1.202746,0.9991187,0.001175088,5.885046,1.151546,5.110561,AI,M092718_095_3
105,M092718,-31.5625,-13.18856,7.16067,25.7325,3,0.8103334,0.9988249,0,11.21877,1.808141,6.20459,AMG,M092718_105_3
109,M092718,-20.5625,-10.84397,20.16045,32.4155,2,16.53684,0.9221504,0.04024677,4.205247,1.04999,4.005036,pu,M092718_109_2
118,M092718,-30.21875,-12.29764,9.52743,24.7745,3,0.1083209,0.9823737,0,13.60879,1.682789,8.087045,AMG,M092718_118_3
118,M092718,-30.21875,-12.29764,9.52743,24.7745,4,0.2066214,0.9823737,0,14.30036,1.740476,8.216351,AMG,M092718_118_4
123,M092718,-21.75,-6.47396,20.16348,29.392,3,0.9480979,0.9894242,0.02555817,6.950118,1.632595,4.257098,cd,M092718_123_3
123,M092718,-21.75,-6.47396,20.16348,29.392,4,0.1175498,0.9894242,0.00146886,12.47325,2.198335,5.673952,cd,M092718_123_4
003,M092818,-8.03125,-14.52926,24.51032,45.79,4,0.3643022,0.9541715,0.004700352,8.218044,2.071229,3.967715,12r,M092818_003_4
003,M092818,-8.03125,-14.52926,24.51032,45.79,5,0.1999988,0.9747356,0.001175088,10.88906,3.264175,3.335932,12r,M092818_003_5
004,M092818,-9.09375,-13.48412,24.35468,45.805,3,4.008373,0.9991187,0.0005875441,12.35778,2.250217,5.491819,11ml,M092818_004_3
005,M092818,-10.0625,-11.99384,24.4808,45.745,2,9.049276,0.9647474,0.0126322,3.83787,0.8045872,4.769986,11ml,M092818_005_2
005,M092818,-10.0625,-11.99384,24.4808,45.745,3,1.543351,0.974148,0.002056404,21.87778,1.928335,11.34543,11ml,M092818_005_3
005,M092818,-10.0625,-11.99384,24.4808,45.745,4,5.612374,0.974148,0.00293772,17.527,1.637637,10.70261,11ml,M092818_005_4
006,M092818,-12.3125,-10.69046,23.03648,45.7075,3,1.155527,0.9964747,0.02262045,9.336993,1.733764,5.385388,11ml,M092818_006_3
007,M092818,-12.875,-10.02596,22.8918,45.7375,1,2.82889,0.9720917,0.04700353,8.91997,2.05426,4.342181,11ml,M092818_007_1
007,M092818,-12.875,-10.02596,22.8918,45.7375,4,2.525685,0.9720917,0.01762632,10.5617,2.649258,3.986665,11ml,M092818_007_4
008,M092818,-13,-9.14222,23.34162,45.73,2,2.145227,1,0.002350176,24.22646,2.151794,11.25873,11ml,M092818_008_2
011,M092818,-8.71875,-15.98168,24.71832,44.355,3,1.946106,0.8639836,0.04171563,8.79487,2.143267,4.103487,12r,M092818_011_3
013,M092818,-11.71875,-13.91476,23.398,44.345,3,2.336837,0.9688601,0.0420094,8.923455,1.261495,7.073716,11ml,M092818_013_3
013,M092818,-11.71875,-13.91476,23.398,44.345,4,1.089404,0.9688601,0.03349001,11.53424,1.669842,6.907384,11ml,M092818_013_4
014,M092818,-11.53125,-11.087,24.85525,44.4725,3,2.029942,0.9756169,0.01351351,7.399779,1.49141,4.9616,11ml,M092818_014_3
016,M092818,-12.59375,-8.98094,24.70101,44.4455,3,2.291626,0.9976498,0.03055229,12.84171,1.636225,7.84838,11ml,M092818_016_3
019,M092818,-10.8125,-16.7232,23.5318,42.986,2,0.3269835,0.9976498,0.01909518,10.42219,1.833254,5.685076,12m,M092818_019_2
023,M092818,-13.375,-11.41364,23.88864,43.166,3,1.431311,0.9882491,0.03231492,7.698995,2.240885,3.435694,11ml,M092818_023_3
024,M092818,-14.6875,-10.1892,23.163,43.186,2,0.2707641,1,0.02085781,13.96217,4.002582,3.488292,11ml,M092818_024_2
026,M092818,-9.4375,-19.319,22.80669,41.6325,4,0.1521611,0.9618096,0.001762632,18.34831,2.156351,8.508962,12l,M092818_026_4
026,M092818,-9.4375,-19.319,22.80669,41.6325,5,1.350638,0.9829612,0.01292597,11.91269,1.46077,8.155072,12l,M092818_026_5
045,M092818,-14.0625,-21.05505,17.71442,38.9675,3,0.3217992,0.9994125,0.0005875441,15.60688,2.166849,7.202573,12l,M092818_045_3
050,M092818,-18.71875,-13.03389,19.31189,39.2725,3,2.023331,0.980611,0.02643948,7.193613,1.776551,4.049202,13l,M092818_050_3
054,M092818,-21.9375,-8.18972,18.33532,39.145,3,4.640544,1,0.003231492,20.03055,2.342307,8.55163,13m,M092818_054_3
055,M092818,-15.03125,-21.16652,17.04848,37.844,3,2.453414,0.9997062,0,11.25579,2.000508,5.626466,12o,M092818_055_3
060,M092818,-20.625,-13.44644,17.60488,37.8585,3,3.552164,0.9976498,0.02761457,11.53937,1.552281,7.433814,13l,M092818_060_3
063,M092818,-21.21875,-9.60868,18.98956,37.789,3,0.5239608,0.9985312,0.03437133,10.61308,1.314447,8.074179,13m,M092818_063_3
068,M092818,-19.78125,-18.63815,15.52685,36.438,3,4.948716,0.9706228,0.03319624,9.858172,1.737522,5.673697,12o,M092818_068_3
069,M092818,-20.59375,-16.7212,15.69689,36.5955,3,0.3598686,0.9947121,0.001175088,13.17071,1.502018,8.768673,12o,M092818_069_3
071,M092818,-22,-13.55486,16.64005,36.35749,3,1.235801,0.9955934,0.02790834,8.418288,1.874505,4.490938,13l,M092818_071_3
074,M092818,-24.0625,-9.92553,16.54774,36.3235,3,0.3933346,0.9905993,0.002350176,8.861571,2.210846,4.008225,13m,M092818_074_3
078,M092818,-18.375,-20.4331,15.74969,35.125,3,3.973434,0.9938308,0.009988249,9.268196,1.368589,6.772082,AI,M092818_078_3
080,M092818,-19.8125,-17.19368,16.81568,35.26,3,4.095447,0.9891304,0.01586369,10.09421,1.450179,6.960666,AI,M092818_080_3
083,M092818,-23.5625,-12.15575,16.20275,35.005,2,0.1984299,0.996181,0.008519389,5.079444,1.583006,3.208734,13l,M092818_083_2
083,M092818,-23.5625,-12.15575,16.20275,35.005,4,0.9644126,0.9873678,0.004112808,6.8091,2.875187,2.368228,13l,M092818_083_4
092,M092818,-21.5625,-17.83325,15.31455,33.8255,2,12.4481,0.980611,0.1016451,5.979264,1.199716,4.983899,AI,M092818_092_2
092,M092818,-21.5625,-17.83325,15.31455,33.8255,4,0.2370364,0.9985312,0.004112808,8.580698,2.626195,3.26735,AI,M092818_092_4
094,M092818,-24.375,-14.40759,14.76542,33.5885,2,0.1488262,0.9994125,0,11.54113,1.605136,7.190128,AI,M092818_094_2
095,M092818,-24.6875,-12.7418,15.1513,33.591,2,1.787611,0.979436,0.03701528,4.789701,1.121189,4.271984,AI,M092818_095_2
105,M092818,-31.5625,-13.18856,7.16067,25.7325,3,0.940567,0.9988249,0,12.19892,1.733573,7.036865,AMG,M092818_105_3
136,M092818,-21.0625,-5.3106,21.45964,27.927,3,2.603045,0.9826674,0.2429495,6.462063,1.033622,6.251862,cd,M092818_136_3
139,M092818,-30.65625,-13.77386,8.34915,22.3055,3,0.8323177,0.9926557,0.009694478,9.788901,2.538967,3.855466,pu,M092818_139_3
156,M092818,-20.40625,-5.96545,21.9488,25.39,3,11.88074,0.9659224,0.1489424,8.309644,1.155592,7.190812,cd,M092818_156_3
004,M100118,-9.09375,-13.48412,24.35468,45.805,3,4.797935,0.9994125,0.004700352,13.13438,1.722852,7.623628,11ml,M100118_004_3
005,M100118,-10.0625,-11.99384,24.4808,45.745,3,8.109776,0.9435958,0.004406581,6.058989,1.073331,5.645034,11ml,M100118_005_3
005,M100118,-10.0625,-11.99384,24.4808,45.745,5,5.541604,0.9814923,0.004994125,13.13467,1.36791,9.601998,11ml,M100118_005_5
005,M100118,-10.0625,-11.99384,24.4808,45.745,6,1.266519,0.9814923,0.005287896,19.78792,2.010853,9.840557,11ml,M100118_005_6
007,M100118,-12.875,-10.02596,22.8918,45.7375,3,3.23107,0.9556404,0.0440658,8.797931,1.521739,5.781499,11ml,M100118_007_3
007,M100118,-12.875,-10.02596,22.8918,45.7375,5,1.634196,0.9764982,0.02790834,8.008656,2.419047,3.310666,11ml,M100118_007_5
007,M100118,-12.875,-10.02596,22.8918,45.7375,6,1.081461,0.9853114,0.005581669,12.14851,2.905698,4.180925,11ml,M100118_007_6
008,M100118,-13,-9.14222,23.34162,45.73,3,0.04153982,0.9974059,0.006485085,22.81505,4.151628,5.495446,11ml,M100118_008_3
008,M100118,-13,-9.14222,23.34162,45.73,4,2.617004,1,0.002350176,17.05395,1.57378,10.8363,11ml,M100118_008_4
011,M100118,-8.71875,-15.98168,24.71832,44.355,2,2.079776,0.9891304,0.002643948,11.36287,2.107278,5.3922,12r,M100118_011_2
011,M100118,-8.71875,-15.98168,24.71832,44.355,3,14.233,0.9174501,0.04612221,5.052376,1.146085,4.408377,12r,M100118_011_3
013,M100118,-11.71875,-13.91476,23.398,44.345,3,0.7668528,0.9976498,0.005875441,12.2351,1.40204,8.726637,11ml,M100118_013_3
016,M100118,-12.59375,-8.98094,24.70101,44.4455,3,2.032528,0.9814923,0.02497062,9.395566,1.741468,5.395198,11ml,M100118_016_3
019,M100118,-10.9375,-16.72629,23.39686,42.9785,2,2.373156,0.9811986,0.0199765,9.363121,1.933055,4.84369,12m,M100118_019_2
019,M100118,-10.9375,-16.72629,23.39686,42.9785,4,0.02984768,0.9963099,0.003690037,31.6315,2.382942,13.27414,12m,M100118_019_4
026,M100118,-9.4375,-19.319,22.80669,41.6325,2,1.791041,0.9717979,0.02790834,9.606397,1.672357,5.744226,12l,M100118_026_2
026,M100118,-9.4375,-19.319,22.80669,41.6325,4,0.7657027,0.9717979,0.006462985,14.93354,2.58721,5.772064,12l,M100118_026_4
042,M100118,-17.28125,-10.26075,21.60775,40.6125,2,6.256457,0.9662162,0.05052879,5.468982,1.071157,5.105676,13m,M100118_042_2
044,M100118,-21.03125,-7.97547,18.69717,40.4975,3,1.289546,0.9847239,0.02643948,9.240992,1.550029,5.961819,13m,M100118_044_3
045,M100118,-14.1875,-21.0626,17.51644,38.96,2,4.249914,0.987074,0.07432432,8.11813,1.634563,4.966545,12l,M100118_045_2
054,M100118,-22.0625,-8.20669,18.04764,39.145,2,7.596964,0.9982374,0.001762632,12.85546,2.009076,6.398691,13m,M100118_054_2
054,M100118,-22.0625,-8.20669,18.04764,39.145,6,0.06527209,0.9559702,0.002382087,22.57272,3.372842,6.692493,13m,M100118_054_6
055,M100118,-15.03125,-21.16652,17.04848,37.844,3,1.565578,0.9947121,0.002056404,11.32783,3.257993,3.476937,12o,M100118_055_3
063,M100118,-21.46875,-9.62669,18.68023,37.789,2,4.017107,0.9923619,0.03525265,10.22138,1.204707,8.48454,13m,M100118_063_2
066,M100118,-18.40625,-21.4564,13.5826,36.363,3,8.086686,0.9982374,0.006462985,8.635866,1.202169,7.18357,12o,M100118_066_3
068,M100118,-19.78125,-18.63815,15.52685,36.438,4,2.635766,0.9500588,0.006169213,10.94001,1.365694,8.010587,12o,M100118_068_4
068,M100118,-19.78125,-18.63815,15.52685,36.438,5,1.750301,0.9500588,0.01821387,9.083961,1.364912,6.655347,12o,M100118_068_5
069,M100118,-20.71875,-16.7212,15.69689,36.5955,3,0.2506372,0.9979436,0.000293772,14.25336,2.04915,6.955743,12o,M100118_069_3
071,M100118,-22.125,-13.55486,16.64005,36.35749,3,4.245374,0.9647474,0.056698,7.429468,1.536192,4.836287,13l,M100118_071_3
072,M100118,-20.0625,-12.26944,19.5612,36.291,2,2.447184,0.9891304,0.02643948,6.264725,1.185768,5.283263,13l,M100118_072_2
072,M100118,-20.0625,-12.26944,19.5612,36.291,3,3.366376,0.9891304,0.1612808,9.060084,1.475448,6.140564,13l,M100118_072_3
078,M100118,-18.375,-20.4331,15.74969,35.125,3,3.803016,0.9847239,0.008225617,9.623158,1.433478,6.713152,AI,M100118_078_3
079,M100118,-18.625,-18.70073,16.81143,35.2375,3,3.307635,0.9550529,0.05405406,4.268704,1.010062,4.22618,AI,M100118_079_3
079,M100118,-18.625,-18.70073,16.81143,35.2375,4,27.77618,0.9873678,0.03495887,7.8527,1.324643,5.928164,AI,M100118_079_4
083,M100118,-23.6875,-12.15575,16.20275,35.005,3,0.5422325,0.993537,0.004406581,14.28683,1.822647,7.838509,13l,M100118_083_3
083,M100118,-23.6875,-12.15575,16.20275,35.005,4,0.3536037,0.9641598,0.03231492,10.81499,1.252631,8.633821,13l,M100118_083_4
092,M100118,-21.5625,-17.83325,15.31455,33.8255,2,11.19599,0.9424207,0.107751,5.081706,1.324698,3.836123,AI,M100118_092_2
116,M100118,-29.875,-14.4857,8.04328,24.897,3,0.4778398,0.9991187,0.00293772,11.70987,1.667079,7.024185,AMG,M100118_116_3
135,M100118,-18.6875,-6.05223,23.32507,27.9095,3,1.299982,0.9986159,0.04700353,9.899475,1.228176,8.060308,cd,M100118_135_3
144,M100118,-17.75,-7.66458,23.80849,26.60795,3,0.1747694,0.9994125,0.02614571,12.16143,1.370338,8.874766,cd,M100118_144_3
146,M100118,-18.1875,-5.827,24.13606,26.5645,1,25.34957,0.9103996,0.143067,5.45968,1.450261,3.76462,cd,M100118_146_1
149,M100118,-27.625,-14.14734,11.91338,21.465,3,2.531159,0.9838426,0.00146886,8.455153,1.728236,4.892359,pu,M100118_149_3
149,M100118,-27.625,-14.14734,11.91338,21.465,4,0.957399,0.9838426,0.003819037,14.40646,2.370306,6.077891,pu,M100118_149_4
156,M100118,-20.40625,-5.96545,21.9488,25.39,6,5.772139,0.9964413,0.01028202,6.135018,1.207534,5.080617,cd,M100118_156_6
004,M100218,-9.09375,-13.48412,24.35468,45.805,2,6.795705,0.9988249,0.003525264,12.42217,1.526164,8.13947,11ml,M100218_004_2
005,M100218,-10.0625,-11.99384,24.4808,45.745,2,4.839764,0.9982374,0.0008813161,17.39685,1.420967,12.24297,11ml,M100218_005_2
005,M100218,-10.0625,-11.99384,24.4808,45.745,4,2.334904,0.8281434,0.05581669,5.654652,1.168476,4.83934,11ml,M100218_005_4
005,M100218,-10.0625,-11.99384,24.4808,45.745,6,2.724454,0.9247944,0.007931845,8.189925,1.020804,8.023016,11ml,M100218_005_6
005,M100218,-10.0625,-11.99384,24.4808,45.745,8,0.8429299,0.9982374,0.002056404,27.13541,2.133558,12.71839,11ml,M100218_005_8
007,M100218,-12.875,-10.02596,22.8918,45.7375,4,5.040349,0.9603408,0.07696828,8.608427,1.7444,4.934893,11ml,M100218_007_4
007,M100218,-12.875,-10.02596,22.8918,45.7375,5,0.9451856,0.9709166,0.008519389,12.02858,2.607858,4.612436,11ml,M100218_007_5
008,M100218,-13,-9.14222,23.34162,45.73,3,2.520407,1,0.004700352,20.0184,1.776868,11.26612,11ml,M100218_008_3
013,M100218,-11.71875,-13.91476,23.398,44.345,3,1.925187,0.9988249,0.003525264,11.37508,1.465957,7.759491,11ml,M100218_013_3
014,M100218,-11.90625,-11.07944,24.39562,44.45,4,16.29657,0.9788484,0.04289072,6.725173,1.86673,3.602649,11ml,M100218_014_4
016,M100218,-12.59375,-8.98094,24.70101,44.4455,3,3.149016,0.9903055,0.01850764,12.26908,1.543588,7.948412,11ml,M100218_016_3
019,M100218,-11,-16.72629,23.39686,42.9785,4,0.07793447,1,0.01634998,12.84773,2.415222,5.319481,12m,M100218_019_4
022,M100218,-13.96875,-12.69538,23.03664,43.091,3,0.4522881,0.9888366,0.01556992,7.857181,2.040854,3.849948,11ml,M100218_022_3
026,M100218,-9.4375,-19.319,22.80669,41.6325,3,1.157846,0.9964747,0.02555817,10.68903,1.663177,6.426878,12l,M100218_026_3
026,M100218,-9.4375,-19.319,22.80669,41.6325,4,0.1529123,0.9734899,0.001762632,16.41676,1.774203,9.253036,12l,M100218_026_4
026,M100218,-9.4375,-19.319,22.80669,41.6325,5,0.1060578,0.9734899,0.002684564,20.06224,2.169889,9.245746,12l,M100218_026_5
028,M100218,-12,-16.8996,23.05714,41.6925,3,0.1579042,0.9979436,0.001175088,20.65558,4.307971,4.794736,12o,M100218_028_3
042,M100218,-17.28125,-10.26075,21.60775,40.6125,3,0.7340567,0.9864865,0.007931845,5.009642,1.520104,3.29559,13m,M100218_042_3
045,M100218,-14.3125,-21.0626,17.51644,38.96,3,2.438461,0.9882491,0.02085781,8.072966,1.547312,5.217413,12l,M100218_045_3
051,M100218,-18.375,-11.70152,20.28872,39.305,1,17.34446,0.9817861,0.07197415,6.138859,1.201861,5.107796,13m,M100218_051_1
055,M100218,-15.03125,-21.16652,17.04848,37.844,3,0.901826,0.9958872,0.00293772,10.58674,2.363935,4.47844,12o,M100218_055_3
060,M100218,-20.75,-13.44644,17.60488,37.8585,3,3.271955,0.9524089,0.03936545,7.421233,1.403511,5.287619,13l,M100218_060_3
060,M100218,-20.75,-13.44644,17.60488,37.8585,4,2.274543,0.9524089,0.01086957,9.87915,1.510917,6.538513,13l,M100218_060_4
060,M100218,-20.75,-13.44644,17.60488,37.8585,5,0.3720103,0.979436,0.006169213,13.71286,1.707008,8.033274,13l,M100218_060_5
065,M100218,-21.53125,-7.2377,19.42192,37.739,2,0.4988229,0.9973561,0.02790834,9.300485,1.953993,4.759732,13m,M100218_065_2
066,M100218,-18.40625,-21.4564,13.5826,36.363,2,9.184493,0.9647474,0.03202115,6.630265,1.153208,5.74941,12o,M100218_066_2
067,M100218,-18.96875,-20.33415,14.6831,36.408,3,1.140703,0.9941245,0.006756757,8.704634,1.669651,5.213445,12o,M100218_067_3
068,M100218,-19.78125,-18.63815,15.52685,36.438,3,3.715243,0.9864865,0.01116334,11.73587,1.362821,8.61145,12o,M100218_068_3
071,M100218,-22.125,-13.55486,16.64005,36.35749,3,3.251814,0.9759107,0.06492362,6.667968,1.371248,4.8627,13l,M100218_071_3
075,M100218,-23.3125,-8.55375,17.53365,36.306,1,10.69109,0.96651,0.04994125,4.394661,1.14378,3.842228,13m,M100218_075_1
078,M100218,-18.375,-20.4331,15.74969,35.125,2,4.607339,0.9814923,0.0273208,7.482537,1.637111,4.570574,AI,M100218_078_2
079,M100218,-18.625,-18.70073,16.81143,35.2375,2,27.82951,0.9853114,0.01556992,7.86302,1.071947,7.33527,AI,M100218_079_2
079,M100218,-18.625,-18.70073,16.81143,35.2375,3,4.680494,0.9717979,0.07403056,4.796153,0.9763705,4.912227,AI,M100218_079_3
080,M100218,-19.8125,-17.19368,16.81568,35.26,1,3.373844,0.972973,0.04142186,7.263684,1.373948,5.286724,AI,M100218_080_1
095,M100218,-24.9375,-12.75122,14.87807,33.5935,2,3.585439,0.9844301,0.01674501,5.205712,1.354836,3.842319,AI,M100218_095_2
105,M100218,-32.0625,-13.17284,6.75438,25.665,2,0.1717954,1,0.0005875441,21.29505,1.824366,11.67258,AMG,M100218_105_2
106,M100218,-33.84375,-11.93484,5.876,25.395,1,24.7126,0.9994125,0.006462985,11.06926,1.103894,10.02747,AMG,M100218_106_1
116,M100218,-30.125,-14.46625,7.6445,24.837,3,0.2359858,0.9970623,0.003231492,14.78436,1.920029,7.700072,AMG,M100218_116_3
123,M100218,-22,-6.48218,19.84584,29.387,3,1.037874,0.9917744,0.008225617,5.045882,1.19124,4.235824,cd,M100218_123_3
123,M100218,-22,-6.48218,19.84584,29.387,4,0.04877803,0.9931804,0.003719777,10.40106,2.037091,5.105839,cd,M100218_123_4
134,M100218,-19.0625,-7.0331,22.73516,28.155,4,0.6238628,0.9966616,0.0008813161,10.54149,1.467963,7.181035,cd,M100218_134_4
135,M100218,-18.6875,-6.05223,23.32507,27.9095,3,1.25168,1,0,16.07301,1.83321,8.76769,cd,M100218_135_3
140,M100218,-29.6875,-12.68037,9.94999,22.333,1,2.073617,0.9955934,0.01586369,6.462179,1.190445,5.428371,pu,M100218_140_1
146,M100218,-18.3125,-5.827,24.13606,26.5645,3,0.5236577,0.987074,0.04465335,10.22537,1.337176,7.646986,cd,M100218_146_3
146,M100218,-18.3125,-5.827,24.13606,26.5645,4,3.326988,0.9764982,0.10047,6.764222,1.513823,4.468304,cd,M100218_146_4
155,M100218,-18.5625,-6.79301,23.76107,25.36,2,27.82926,0.9700353,0.1974148,5.855289,1.045455,5.600708,cd,M100218_155_2
156,M100218,-20.40625,-5.96545,21.9488,25.39,3,6.02089,0.9908931,0.01909518,5.814876,1.233598,4.713753,cd,M100218_156_3
004,M100318,-9.09375,-13.48412,24.35468,45.805,3,7.042844,1,0.01057579,12.34779,1.451773,8.505321,11ml,M100318_004_3
005,M100318,-10.0625,-11.99384,24.4808,45.745,2,6.205184,0.9292009,0.04847239,5.207366,1.057924,4.92225,11ml,M100318_005_2
005,M100318,-10.0625,-11.99384,24.4808,45.745,5,5.162674,0.9894242,0.003231492,20.45226,1.660667,12.31569,11ml,M100318_005_5
005,M100318,-10.0625,-11.99384,24.4808,45.745,6,0.7387535,0.9894242,0.005287896,25.89367,2.401137,10.78392,11ml,M100318_005_6
007,M100318,-12.875,-10.02596,22.8918,45.7375,3,15.04699,0.9145123,0.04171563,5.221754,1.153578,4.526573,11ml,M100318_007_3
007,M100318,-12.875,-10.02596,22.8918,45.7375,4,6.564142,0.979436,0.0440658,9.359429,1.917917,4.879996,11ml,M100318_007_4
008,M100318,-13,-9.14222,23.34162,45.73,3,2.574586,1,0,20.08064,1.696195,11.83864,11ml,M100318_008_3
011,M100318,-8.84375,-15.98269,24.59031,44.345,2,1.020572,0.9944183,0.01351351,4.274249,1.931276,2.213173,12r,M100318_011_2
011,M100318,-8.84375,-15.98269,24.59031,44.345,4,2.879332,0.9127497,0.007931845,11.48504,1.485459,7.731645,12r,M100318_011_4
011,M100318,-8.84375,-15.98269,24.59031,44.345,6,1.150671,0.9764982,0.06521739,14.52873,2.28822,6.349361,12r,M100318_011_6
013,M100318,-11.71875,-13.91476,23.398,44.345,3,4.352024,0.9747356,0.05376028,7.459078,1.811443,4.117755,11ml,M100318_013_3
014,M100318,-11.90625,-11.07944,24.39562,44.45,1,17.78928,0.9039366,0.04876616,5.149498,1.035468,4.97311,11ml,M100318_014_1
014,M100318,-11.90625,-11.07944,24.39562,44.45,3,16.07389,0.9509401,0.1348414,5.912399,1.873098,3.156481,11ml,M100318_014_3
014,M100318,-11.90625,-11.07944,24.39562,44.45,5,1.617473,0.9844301,0.01792009,10.43075,1.639572,6.361873,11ml,M100318_014_5
016,M100318,-12.59375,-8.98094,24.70101,44.4455,3,2.638079,0.996181,0.002350176,13.14915,1.583011,8.306417,11ml,M100318_016_3
018,M100318,-9.125,-17.8752,24.0274,42.986,3,13.26008,0.9826674,0.004994125,5.549122,1.509509,3.676112,12m,M100318_018_3
022,M100318,-13.96875,-12.69538,23.03664,43.091,2,0.3870372,0.9944183,0.01204465,9.436233,2.419682,3.899782,11ml,M100318_022_2
026,M100318,-9.5,-19.319,22.80669,41.6325,1,3.087274,0.9888366,0.02291422,9.221718,1.59752,5.772522,12l,M100318_026_1
026,M100318,-9.5,-19.319,22.80669,41.6325,3,0.3513788,0.9991187,0,21.63235,1.868267,11.57883,12l,M100318_026_3
036,M100318,-11.25,-18.82274,22.31546,40.4205,2,7.069868,0.9876616,0.04964747,8.94566,1.287034,6.9506,12l,M100318_036_2
039,M100318,-16.625,-14.80235,20.28505,40.468,2,10.68535,0.9306698,0.06374853,4.542715,1.089048,4.17127,13l,M100318_039_2
039,M100318,-16.625,-14.80235,20.28505,40.468,4,6.497695,0.970329,0.07726204,6.39659,1.478578,4.326177,13l,M100318_039_4
043,M100318,-20.4375,-9.1797,18.9418,40.495,1,20.35383,0.9459459,0.02702703,4.807697,1.061285,4.530069,13m,M100318_043_1
051,M100318,-18.375,-11.70152,20.28872,39.305,1,21.07881,0.9603408,0.1474736,5.926337,1.059456,5.593755,13m,M100318_051_1
060,M100318,-20.75,-13.44644,17.60488,37.8585,3,2.113294,0.9791422,0.02379553,7.147641,1.295623,5.516759,13l,M100318_060_3
060,M100318,-20.75,-13.44644,17.60488,37.8585,4,0.2542735,0.9955934,0.005581669,12.89992,1.618384,7.970864,13l,M100318_060_4
067,M100318,-18.96875,-20.33415,14.6831,36.408,3,1.224265,0.9950058,0.003231492,7.331852,2.067251,3.546668,12o,M100318_067_3
068,M100318,-19.78125,-18.63815,15.52685,36.438,1,4.164044,0.9847239,0.007638073,12.33386,1.367813,9.017218,12o,M100318_068_1
068,M100318,-19.78125,-18.63815,15.52685,36.438,3,2.39021,0.9841363,0.02173913,8.787437,1.17116,7.503193,12o,M100318_068_3
078,M100318,-18.375,-20.4331,15.74969,35.125,2,6.201505,0.9691539,0.03231492,6.224339,1.613684,3.857224,AI,M100318_078_2
079,M100318,-18.625,-18.70073,16.81143,35.2375,1,32.34062,0.9944183,0.01204465,7.513832,1.034742,7.26155,AI,M100318_079_1
079,M100318,-18.625,-18.70073,16.81143,35.2375,4,4.810922,0.9753231,0.02173913,5.626277,1.035408,5.433873,AI,M100318_079_4
083,M100318,-23.9375,-12.16476,15.88876,35.01,3,0.3909564,0.9964747,0.003231492,9.387697,2.113848,4.441047,13l,M100318_083_3
108,M100318,-23.90625,-9.85482,16.76436,26.91,2,6.37261,0.9582844,0.06051704,3.740407,1.21729,3.072732,pu,M100318_108_2
113,M100318,-20.9375,-4.52708,20.97709,30.7495,2,1.616787,0.9973561,0.01116334,8.96911,2.545142,3.524012,cd,M100318_113_2
118,M100318,-30.71875,-12.277,8.71325,24.6495,3,2.464299,0.9923619,0.01762632,8.813249,1.685781,5.227993,AMG,M100318_118_3
124,M100318,-28.78125,-5.92441,13.19294,29.4205,3,23.46135,0.983255,0.06286722,7.799763,1.43186,5.447295,pu,M100318_124_3
135,M100318,-18.6875,-6.05223,23.32507,27.9095,3,1.322777,0.9994125,0,13.27277,1.581563,8.392186,cd,M100318_135_3
144,M100318,-18.125,-7.66952,23.49506,26.6113,3,0.805445,0.9958872,0.01556992,9.905077,1.483399,6.677284,cd,M100318_144_3
152,M100318,-23.3125,-10.59789,18.16004,21.8225,2,4.593116,0.9964747,0.007344301,8.249262,1.388707,5.940246,pu,M100318_152_2
155,M100318,-18.5625,-6.79301,23.76107,25.36,2,26.88155,0.956228,0.1098707,5.501093,1.012105,5.4353,cd,M100318_155_2
157,M100318,-19.125,-4.92146,23.36889,25.2725,3,1.547882,0.9847239,0.06521739,6.713585,1.998366,3.359537,cd,M100318_157_3
004,M100418,-9.09375,-13.48412,24.35468,45.805,2,8.948539,1,0.00146886,14.26091,1.405737,10.14479,11ml,M100418_004_2
005,M100418,-10.0625,-11.99384,24.4808,45.745,2,5.794819,0.9947121,0.003819037,14.30161,1.402649,10.19614,11ml,M100418_005_2
005,M100418,-10.0625,-11.99384,24.4808,45.745,3,1.716008,0.9947121,0.002350176,21.16018,2.47757,8.540698,11ml,M100418_005_3
005,M100418,-10.0625,-11.99384,24.4808,45.745,5,20.16173,0.9609283,0.213866,4.651677,1.433184,3.245693,11ml,M100418_005_5
006,M100418,-12.40625,-10.68744,22.87672,45.7,3,1.098219,0.9900118,0.007931845,9.720531,1.637084,5.937711,11ml,M100418_006_3
007,M100418,-12.875,-10.02596,22.8918,45.7375,1,12.30252,0.9797297,0.02438308,7.86962,1.200433,6.555653,11ml,M100418_007_1
007,M100418,-12.875,-10.02596,22.8918,45.7375,4,2.197907,0.9826674,0.09224442,10.14285,1.529609,6.631005,11ml,M100418_007_4
007,M100418,-12.875,-10.02596,22.8918,45.7375,5,0.4560646,0.9826674,0.007638073,13.0498,1.639712,7.958595,11ml,M100418_007_5
008,M100418,-13,-9.14222,23.34162,45.73,2,2.020974,0.9976498,0.01292597,15.33143,1.596947,9.600462,11ml,M100418_008_2
011,M100418,-8.84375,-15.98269,24.59031,44.345,1,0.728698,0.9970623,0.003819037,5.003544,1.671153,2.994066,12r,M100418_011_1
011,M100418,-8.84375,-15.98269,24.59031,44.345,4,1.188913,0.9424207,0.01175088,11.97729,1.546529,7.744627,12r,M100418_011_4
011,M100418,-8.84375,-15.98269,24.59031,44.345,5,0.6015249,0.9424207,0.01586369,11.60454,1.710213,6.785439,12r,M100418_011_5
016,M100418,-12.59375,-8.98094,24.70101,44.4455,3,2.689318,0.9988249,0.08343126,13.98741,1.546212,9.046243,11ml,M100418_016_3
018,M100418,-9.125,-17.8752,24.0274,42.986,3,3.456696,0.989718,0.02497062,12.86933,2.382413,5.401804,12m,M100418_018_3
019,M100418,-11.0625,-16.72938,23.26192,42.971,3,3.253716,0.9867803,0.06051704,7.151491,2.053905,3.481899,12m,M100418_019_3
025,M100418,-16,-9.11855,22.28716,43.1975,3,2.563587,0.996181,0.1028202,8.706326,1.336569,6.513937,11ml,M100418_025_3
026,M100418,-9.5,-19.319,22.80669,41.6325,2,1.375495,0.9512339,0.006462985,9.271198,1.553333,5.968582,12l,M100418_026_2
026,M100418,-9.5,-19.319,22.80669,41.6325,4,2.763975,0.9512339,0.004406581,11.58574,1.408165,8.227543,12l,M100418_026_4
036,M100418,-11.25,-18.82274,22.31546,40.4205,2,8.913288,0.9791422,0.1295535,7.641819,1.296592,5.893775,12l,M100418_036_2
036,M100418,-11.25,-18.82274,22.31546,40.4205,3,1.003661,0.983255,0.008519389,8.831432,1.282391,6.886694,12l,M100418_036_3
044,M100418,-21.15625,-7.99134,18.43874,40.495,3,1.518231,0.9958872,0.003525264,12.59973,1.451967,8.677695,13m,M100418_044_3
050,M100418,-19.09375,-13.04747,18.89947,39.2675,3,0.05340533,0.9946315,0.01903367,13.01191,2.818188,4.617118,13l,M100418_050_3
063,M100418,-21.59375,-9.6447,18.3709,37.789,3,6.468388,0.9982374,0.08813161,9.93953,1.319123,7.534953,13m,M100418_063_3
064,M100418,-21.78125,-8.40009,18.86433,37.5965,2,2.313436,0.9756169,0.03525265,6.809718,1.642024,4.147148,13m,M100418_064_2
065,M100418,-21.78125,-7.261,19.1126,37.744,3,4.262795,0.9726792,0.02761457,8.003214,1.488605,5.376319,13m,M100418_065_3
066,M100418,-18.65625,-21.46488,13.35272,36.358,2,3.543531,0.9732667,0.006169213,4.72631,1.240824,3.809011,12o,M100418_066_2
068,M100418,-19.78125,-18.63815,15.52685,36.438,1,1.789625,0.9885429,0.007050529,11.20957,1.321597,8.48184,12o,M100418_068_1
068,M100418,-19.78125,-18.63815,15.52685,36.438,4,2.645808,0.9885429,0.001175088,15.40178,1.480033,10.40638,12o,M100418_068_4
072,M100418,-20.5625,-12.29486,18.9383,36.296,2,21.24428,0.9694477,0.2364865,6.208748,1.06904,5.807778,13l,M100418_072_2
078,M100418,-18.375,-20.4331,15.74969,35.125,3,9.872072,0.9944183,0.007931845,8.208875,1.284618,6.39013,AI,M100418_078_3
079,M100418,-18.625,-18.70073,16.81143,35.2375,2,10.63449,0.9861927,0.02673326,3.941971,1.014927,3.883996,AI,M100418_079_2
083,M100418,-23.9375,-12.16476,15.88876,35.01,3,1.123245,0.9885429,0.03084606,8.686131,2.47767,3.505765,13l,M100418_083_3
099,M100418,-19.4375,-6.35404,22.08012,32.032,4,2.202496,0.9850176,0.05699177,10.05426,1.469977,6.839741,cd,M100418_099_4
100,M100418,-20.75,-5.28728,21.00392,32.017,3,0.09774417,0.9943715,0.02126329,9.003046,2.513609,3.581721,cd,M100418_100_3
108,M100418,-23.96875,-9.85482,16.76436,26.91,3,12.43816,0.9192127,0.09576968,4.134333,1.019714,4.054406,pu,M100418_108_3
109,M100418,-21.3125,-10.91654,19.1919,32.453,3,11.61303,0.9553466,0.05229142,5.1559,1.00712,5.119448,pu,M100418_109_3
116,M100418,-30.1875,-14.46625,7.6445,24.837,1,4.848003,0.9841363,0.01674501,7.96138,2.160587,3.684822,AMG,M100418_116_1
138,M100418,-30.09375,-14.933,8.08025,22.473,3,1.888677,0.9682726,0.05287896,7.594266,1.859824,4.083325,pu,M100418_138_3
149,M100418,-27.875,-14.13336,11.50552,21.415,3,0.5987646,0.9970623,0.01380729,8.956161,2.098568,4.267748,pu,M100418_149_3
004,M100518,-9.09375,-13.48412,24.35468,45.805,3,8.628902,0.9994125,0.000293772,15.37055,1.436165,10.70249,11ml,M100518_004_3
005,M100518,-10.0625,-11.99384,24.4808,45.745,1,6.539554,0.9964747,0.009988249,14.32774,1.339445,10.69678,11ml,M100518_005_1
005,M100518,-10.0625,-11.99384,24.4808,45.745,3,9.103981,0.9676851,0.06786134,3.77196,1.065656,3.539565,11ml,M100518_005_3
005,M100518,-10.0625,-11.99384,24.4808,45.745,5,0.720418,0.9967685,0.004112808,24.89471,1.860016,13.38414,11ml,M100518_005_5
006,M100518,-12.40625,-10.68744,22.87672,45.7,2,0.9516425,0.9917744,0.02173913,10.43302,1.454699,7.171945,11ml,M100518_006_2
007,M100518,-12.875,-10.02596,22.8918,45.7375,2,0.270074,0.9976498,0.002350176,13.24581,2.178199,6.081082,11ml,M100518_007_2
008,M100518,-13,-9.14222,23.34162,45.73,3,2.128837,0.9988249,0,15.05031,1.462521,10.29066,11ml,M100518_008_3
011,M100518,-8.84375,-15.98269,24.59031,44.345,3,1.37544,0.9791422,0.01703878,11.69906,1.689669,6.923878,12r,M100518_011_3
014,M100518,-12.09375,-11.07692,24.24241,44.4425,3,0.2834058,1,0.001175088,16.23864,1.357434,11.96275,11ml,M100518_014_3
016,M100518,-12.59375,-8.98094,24.70101,44.4455,3,1.542923,0.9759107,0.004406581,14.37353,1.571547,9.146101,11ml,M100518_016_3
016,M100518,-12.59375,-8.98094,24.70101,44.4455,4,0.2308813,0.9759107,0.01321974,10.98158,1.499569,7.323157,11ml,M100518_016_4
024,M100518,-15.25,-10.21752,22.61475,43.171,2,0.7180874,0.9764982,0.0126322,4.826565,1.444511,3.341314,11ml,M100518_024_2
026,M100518,-9.5,-19.319,22.80669,41.6325,3,4.88503,0.9547591,0.0619859,7.702468,1.47275,5.229989,12l,M100518_026_3
026,M100518,-9.5,-19.319,22.80669,41.6325,4,3.877512,0.9547591,0.008225617,10.24856,1.456604,7.03593,12l,M100518_026_4
032,M100518,-15.90625,-11.4562,22.0646,41.863,3,0.6625858,0.987074,0.009694478,4.830115,1.303552,3.70535,11ml,M100518_032_3
036,M100518,-11.25,-18.82274,22.31546,40.4205,3,1.427859,0.9738543,0.01175088,8.139612,4.848834,1.678674,12l,M100518_036_3
042,M100518,-17.78125,-10.28341,21.14529,40.6075,2,2.940367,0.9982374,0.02291422,6.943258,1.173846,5.914964,13m,M100518_042_2
044,M100518,-21.15625,-7.99134,18.43874,40.495,3,0.8893095,0.9911869,0.01175088,13.20603,1.524685,8.661481,13m,M100518_044_3
051,M100518,-18.5625,-11.70152,20.28872,39.305,3,2.979126,0.9632785,0.1545241,6.00987,1.468367,4.092895,13m,M100518_051_3
055,M100518,-15.28125,-21.17416,16.82784,37.839,3,2.959664,0.9979436,0.002643948,10.23931,2.027745,5.049605,12o,M100518_055_3
060,M100518,-20.75,-13.44644,17.60488,37.8585,3,2.650212,0.9888366,0.04112808,8.280133,1.80054,4.598695,13l,M100518_060_3
063,M100518,-21.59375,-9.6447,18.3709,37.789,2,6.382085,1,0.009106933,15.04291,1.696401,8.867539,13m,M100518_063_2
065,M100518,-21.90625,-7.2843,18.80328,37.749,2,19.83063,0.9579906,0.01821387,4.734131,1.075161,4.403182,13m,M100518_065_2
065,M100518,-21.90625,-7.2843,18.80328,37.749,3,4.069153,0.9864865,0.03672151,9.843589,1.653127,5.954527,13m,M100518_065_3
068,M100518,-19.78125,-18.63815,15.52685,36.438,2,3.837123,0.9712104,0.007344301,11.841,1.347322,8.788544,12o,M100518_068_2
068,M100518,-19.78125,-18.63815,15.52685,36.438,4,2.835557,0.9712104,0.0252644,9.835566,1.241921,7.919637,12o,M100518_068_4
069,M100518,-20.71875,-16.7212,15.69689,36.5955,3,0.7752274,0.9988249,0.01057579,11.258,1.840166,6.117927,12o,M100518_069_3
072,M100518,-20.5625,-12.29486,18.9383,36.296,2,6.73945,0.9776734,0.05199765,5.508462,1.265294,4.353503,13l,M100518_072_2
072,M100518,-20.5625,-12.29486,18.9383,36.296,3,1.914296,0.9844301,0.01527615,5.989452,1.165053,5.140927,13l,M100518_072_3
078,M100518,-18.375,-20.4331,15.74969,35.125,2,7.911965,0.9588719,0.08607521,5.217262,1.228604,4.246497,AI,M100518_078_2
078,M100518,-18.375,-20.4331,15.74969,35.125,3,7.840505,0.9967685,0.004700352,11.33182,1.490695,7.601704,AI,M100518_078_3
079,M100518,-18.75,-18.70073,16.81143,35.2375,3,18.13771,0.985899,0.0840188,6.641222,1.13665,5.842804,AI,M100518_079_3
080,M100518,-20.0625,-17.20655,16.50555,35.2575,3,4.188277,0.9823737,0.03231492,8.838349,1.547782,5.710333,AI,M100518_080_3
083,M100518,-24.0625,-12.17377,15.57477,35.015,4,0.4643192,0.9396887,0.004700352,9.847313,2.396362,4.109277,13l,M100518_083_4
083,M100518,-24.0625,-12.17377,15.57477,35.015,5,0.5240793,0.9941635,0.001175088,15.64507,1.602883,9.760588,13l,M100518_083_5
092,M100518,-22.4375,-17.879,14.3784,33.818,1,11.41253,0.9259694,0.1042891,5.202721,1.094696,4.752662,AI,M100518_092_1
092,M100518,-22.4375,-17.879,14.3784,33.818,5,0.6858157,0.9826674,0.01233843,8.2167,1.908515,4.305285,AI,M100518_092_5
095,M100518,-25.1875,-12.76064,14.60484,33.596,3,8.549024,0.9788484,0.06110458,6.100009,1.285978,4.743479,AI,M100518_095_3
099,M100518,-19.4375,-6.35404,22.08012,32.032,1,17.22654,0.9247944,0.1659812,5.980728,1.314613,4.549419,cd,M100518_099_1
105,M100518,-32.5625,-13.15712,6.34809,25.5975,3,11.11905,0.9286134,0.0840188,3.696548,1.210026,3.054934,AMG,M100518_105_3
105,M100518,-32.5625,-13.15712,6.34809,25.5975,4,0.07467858,1,0.001857873,18.45979,2.246754,8.216206,AMG,M100518_105_4
108,M100518,-24.0625,-9.85361,16.35928,26.845,3,10.34324,0.9315511,0.06903642,4.017607,1.052064,3.818787,pu,M100518_108_3
109,M100518,-21.3125,-10.91654,19.1919,32.453,2,12.36786,0.9753231,0.04788484,5.65127,1.062979,5.316444,pu,M100518_109_2
109,M100518,-21.3125,-10.91654,19.1919,32.453,4,3.690689,0.9726792,0.09958872,8.523362,1.162028,7.334904,pu,M100518_109_4
116,M100518,-30.1875,-14.46625,7.6445,24.837,3,0.550072,0.9804516,0.002643948,11.71837,1.754756,6.678065,AMG,M100518_116_3
116,M100518,-30.1875,-14.46625,7.6445,24.837,5,0.5088098,0.9797776,0.0005875441,18.95906,2.767071,6.851671,AMG,M100518_116_5
118,M100518,-30.84375,-12.277,8.71325,24.6495,3,1.312617,0.9923619,0.006462985,10.67397,1.411762,7.56074,AMG,M100518_118_3
123,M100518,-22.125,-6.4904,19.5282,29.382,3,0.1499204,0.9964747,0.006169213,9.436613,2.702838,3.491372,cd,M100518_123_3
149,M100518,-27.875,-14.13336,11.50552,21.415,3,0.4092954,0.9626909,0.04876616,9.54247,1.579197,6.04261,pu,M100518_149_3
149,M100518,-27.875,-14.13336,11.50552,21.415,4,0.9704991,0.9626909,0.003231492,10.17774,1.62458,6.264843,pu,M100518_149_4
155,M100518,-18.75,-6.8004,23.4488,25.365,3,6.423168,0.9941245,0.04964747,8.579488,1.553368,5.523153,cd,M100518_155_3
004,M100818,-9.09375,-13.48412,24.35468,45.805,3,7.522624,1,0,14.64713,1.417428,10.33359,11ml,M100818_004_3
005,M100818,-10.0625,-11.99384,24.4808,45.745,1,1.068825,0.9985312,0.007638073,15.37036,1.6175,9.502543,11ml,M100818_005_1
005,M100818,-10.0625,-11.99384,24.4808,45.745,3,14.72152,0.9747356,0.05229142,7.125782,1.562038,4.561849,11ml,M100818_005_3
005,M100818,-10.0625,-11.99384,24.4808,45.745,4,7.916169,0.9294947,0.01880141,5.454941,1.218939,4.475156,11ml,M100818_005_4
006,M100818,-12.40625,-10.68744,22.87672,45.7,3,0.5201027,0.9745347,0,16.20711,1.692188,9.577605,11ml,M100818_006_3
007,M100818,-12.875,-10.02596,22.8918,45.7375,3,1.071673,0.9932432,0.004406581,8.895102,2.079336,4.277856,11ml,M100818_007_3
010,M100818,-7.6875,-16.96932,24.73848,44.525,3,0.8773667,1,0.0005875441,13.21949,2.703165,4.890377,12r,M100818_010_3
011,M100818,-8.84375,-15.98269,24.59031,44.345,2,6.237973,0.9873678,0.02761457,9.729835,2.221018,4.3808,12r,M100818_011_2
014,M100818,-12.09375,-11.07692,24.24241,44.4425,3,2.141618,0.9920682,0.01733255,10.74152,1.474822,7.283263,11ml,M100818_014_3
018,M100818,-9.25,-17.87644,23.91413,42.9785,3,4.187984,0.9682726,0.001175088,9.482646,2.825113,3.356555,12m,M100818_018_3
019,M100818,-11.125,-16.72938,23.26192,42.971,3,1.764547,0.9938308,0.01968273,9.481805,2.181524,4.346413,12m,M100818_019_3
019,M100818,-11.125,-16.72938,23.26192,42.971,4,0.03506314,0.9966583,0.001670844,21.15419,2.103215,10.05803,12m,M100818_019_4
026,M100818,-9.5,-19.319,22.80669,41.6325,2,0.2111798,0.9950058,0.006756757,12.5614,1.8756,6.697271,12l,M100818_026_2
028,M100818,-12.4375,-16.9092,22.48948,41.67,3,6.407297,0.9456522,0.05904818,5.799483,1.749394,3.315139,12o,M100818_028_3
036,M100818,-11.5,-18.82772,22.13588,40.413,3,7.39186,0.9979436,0.004112808,15.85479,1.334467,11.88099,12l,M100818_036_3
036,M100818,-11.5,-18.82772,22.13588,40.413,5,7.964328,0.9462397,0.02379553,4.555151,1.222725,3.725409,12l,M100818_036_5
053,M100818,-21.78125,-9.3605,18.0925,39.145,3,3.809582,0.9518214,0.08842538,4.99343,1.538236,3.246205,13m,M100818_053_3
055,M100818,-15.28125,-21.17416,16.82784,37.839,3,1.94739,0.9973561,0.003231492,13.20663,1.764202,7.485895,12o,M100818_055_3
060,M100818,-20.75,-13.44644,17.60488,37.8585,3,0.7837273,0.9715041,0.007638073,10.1225,1.451965,6.971589,13l,M100818_060_3
063,M100818,-21.59375,-9.6447,18.3709,37.789,3,5.761574,0.9932432,0.1101645,8.237279,1.220915,6.746809,13m,M100818_063_3
064,M100818,-22.03125,-8.41598,18.59526,37.599,2,8.716956,0.9782609,0.1521739,7.05272,1.454801,4.847892,13m,M100818_064_2
065,M100818,-21.90625,-7.2843,18.80328,37.749,2,4.949467,0.9356639,0.1166275,8.804701,1.313568,6.702888,13m,M100818_065_2
067,M100818,-19.21875,-20.3458,14.4172,36.403,2,0.3487868,0.9994125,0.001175088,8.990993,2.321617,3.872729,12o,M100818_067_2
068,M100818,-19.78125,-18.63815,15.52685,36.438,3,1.72603,0.9512339,0.01674501,9.3775,1.301473,7.205299,12o,M100818_068_3
068,M100818,-19.78125,-18.63815,15.52685,36.438,4,2.922987,0.9512339,0.02027027,9.072041,1.5417,5.884439,12o,M100818_068_4
078,M100818,-18.375,-20.4331,15.74969,35.125,2,11.64237,1,0.003525264,16.38037,1.569868,10.43423,AI,M100818_078_2
078,M100818,-18.375,-20.4331,15.74969,35.125,3,13.81184,0.9932432,0.01674501,5.144215,0.9202263,5.590163,AI,M100818_078_3
079,M100818,-18.75,-18.70073,16.81143,35.2375,2,10.84639,1,0.004112808,15.96854,1.686179,9.470251,AI,M100818_079_2
083,M100818,-24.0625,-12.17377,15.57477,35.015,3,0.5054618,0.9712104,0.00146886,9.199834,2.404928,3.82541,13l,M100818_083_3
083,M100818,-24.0625,-12.17377,15.57477,35.015,5,0.2194105,0.9712104,0.00293772,14.71559,1.685246,8.732017,13l,M100818_083_5
092,M100818,-22.4375,-17.879,14.3784,33.818,2,10.14484,0.9985312,0.008225617,9.797082,1.229761,7.966656,AI,M100818_092_2
095,M100818,-25.25,-12.76064,14.60484,33.596,1,10.78322,0.9982374,0.01968273,8.389462,1.175516,7.136836,AI,M100818_095_1
105,M100818,-32.5625,-13.15712,6.34809,25.5975,4,4.119175,0.979436,0.03378378,7.486954,2.108149,3.551435,AMG,M100818_105_4
105,M100818,-32.5625,-13.15712,6.34809,25.5975,5,0.8237349,0.979436,0.006756757,11.7467,1.992165,5.896449,AMG,M100818_105_5
106,M100818,-33.9375,-11.93484,5.876,25.395,3,0.1357688,0.9964747,0.01850764,12.12605,2.355453,5.148075,AMG,M100818_106_3
109,M100818,-21.3125,-10.91654,19.1919,32.453,2,3.408512,0.9653349,0.2091657,7.360343,1.113981,6.607246,pu,M100818_109_2
113,M100818,-21.25,-4.54632,20.66436,30.747,2,0.09604102,0.9992775,0.00216763,15.77772,1.508426,10.45973,cd,M100818_113_2
116,M100818,-30.1875,-14.46625,7.6445,24.837,2,3.48332,0.9817861,0.001762632,19.39012,4.822426,4.020823,AMG,M100818_116_2
116,M100818,-30.1875,-14.46625,7.6445,24.837,5,0.6135228,0.9950058,0.001175088,12.86779,2.334701,5.511535,AMG,M100818_116_5
123,M100818,-22.125,-6.4904,19.5282,29.382,3,0.6739413,0.9888366,0.01204465,7.338825,2.097524,3.498804,cd,M100818_123_3
128,M100818,-31.09375,-13.54297,7.53417,23.4085,2,5.224862,0.9632785,0.07432432,6.172559,1.18363,5.214938,AMG,M100818_128_2
136,M100818,-21.9375,-5.3817,20.53258,27.9345,1,0.06113162,0.9957296,0.006405694,8.423886,1.857797,4.534342,cd,M100818_136_1
004,M100918,-9.09375,-13.48412,24.35468,45.805,2,8.118237,1,0.004406581,15.8793,1.484297,10.6982,11ml,M100918_004_2
005,M100918,-10.0625,-11.99384,24.4808,45.745,2,18.22997,0.9668038,0.0126322,4.744749,1.06807,4.442357,11ml,M100918_005_2
005,M100918,-10.0625,-11.99384,24.4808,45.745,4,9.248695,0.9609283,0.02232667,9.57939,1.483999,6.45512,11ml,M100918_005_4
005,M100918,-10.0625,-11.99384,24.4808,45.745,5,1.288791,0.9991187,0.004700352,19.80574,1.654475,11.97101,11ml,M100918_005_5
006,M100918,-12.40625,-10.68744,22.87672,45.7,3,0.7783451,0.9958872,0.003525264,14.1179,2.534422,5.57046,11ml,M100918_006_3
010,M100918,-7.75,-16.96932,24.73848,44.525,3,0.9699349,0.9982374,0.003819037,11.76283,1.875674,6.271254,12r,M100918_010_3
011,M100918,-8.96875,-15.9837,24.4623,44.335,3,8.859506,1,0.004406581,10.31323,1.223796,8.427245,12r,M100918_011_3
011,M100918,-8.96875,-15.9837,24.4623,44.335,7,1.492066,0.9306698,0.00293772,13.64262,2.416876,5.644733,12r,M100918_011_7
011,M100918,-8.96875,-15.9837,24.4623,44.335,11,0.5719255,0.9817861,0.01733255,12.81881,1.869592,6.856475,12r,M100918_011_11
013,M100918,-11.84375,-13.91879,23.2715,44.3375,3,0.6916065,0.9847239,0.01586369,10.67537,1.525175,6.999439,11ml,M100918_013_3
014,M100918,-12.09375,-11.07692,24.24241,44.4425,3,2.964015,0.9932432,0.01175088,10.1888,1.37611,7.40406,11ml,M100918_014_3
016,M100918,-12.59375,-8.98094,24.70101,44.4455,3,2.775049,0.9908931,0.02790834,10.62679,1.582586,6.714824,11ml,M100918_016_3
018,M100918,-9.25,-17.87644,23.91413,42.9785,3,2.978794,0.9955934,0.03202115,11.75838,1.597954,7.358401,12m,M100918_018_3
019,M100918,-11.1875,-16.73247,23.12698,42.9635,3,7.315485,0.9673913,0.06286722,6.244361,1.607094,3.885499,12m,M100918_019_3
019,M100918,-11.1875,-16.73247,23.12698,42.9635,5,0.5807499,0.976792,0.004406581,8.971684,1.962104,4.572482,12m,M100918_019_5
024,M100918,-15.5,-10.2364,22.24925,43.161,3,2.421116,0.9565217,0.01498237,7.319622,1.472759,4.970007,11ml,M100918_024_3
024,M100918,-15.5,-10.2364,22.24925,43.161,4,5.093918,0.9565217,0.08078731,7.459315,1.15828,6.439993,11ml,M100918_024_4
028,M100918,-12.5,-16.9092,22.48948,41.67,3,5.484249,0.9720917,0.03907168,5.926222,1.651029,3.589411,12o,M100918_028_3
034,M100918,-15.53125,-8.93439,23.43607,41.9455,1,5.281988,0.996181,0.001762632,16.88751,2.173357,7.770243,11ml,M100918_034_1
034,M100918,-15.53125,-8.93439,23.43607,41.9455,2,11.13398,0.9289072,0.03055229,6.235949,1.801002,3.462488,11ml,M100918_034_2
036,M100918,-11.5,-18.82772,22.13588,40.413,3,5.236573,0.9958872,0.001762632,13.65646,1.319503,10.34969,12l,M100918_036_3
044,M100918,-21.15625,-7.99134,18.43874,40.495,3,0.9710225,0.9973561,0.0126322,12.36144,1.589204,7.778385,13m,M100918_044_3
050,M100918,-19.28125,-13.04747,18.89947,39.2675,1,11.85536,0.9914806,0.02438308,8.920588,1.934303,4.611785,13l,M100918_050_1
060,M100918,-20.75,-13.44644,17.60488,37.8585,3,2.207257,0.9964747,0.008519389,9.883401,1.455852,6.78874,13l,M100918_060_3
063,M100918,-21.59375,-9.6447,18.3709,37.789,1,6.146262,0.9958372,0.02320799,9.986654,1.287891,7.754271,13m,M100918_063_1
064,M100918,-22.03125,-8.41598,18.59526,37.599,3,5.069637,0.9764982,0.1630435,8.734016,1.153299,7.573071,13m,M100918_064_3
064,M100918,-22.03125,-8.41598,18.59526,37.599,4,2.960741,0.9764982,0.002056404,8.665236,1.278097,6.779794,13m,M100918_064_4
065,M100918,-21.90625,-7.2843,18.80328,37.749,3,8.371627,0.9759107,0.02438308,5.060015,1.125304,4.496576,13m,M100918_065_3
065,M100918,-21.90625,-7.2843,18.80328,37.749,4,5.059058,0.9826674,0.01790957,6.503944,1.348469,4.823205,13m,M100918_065_4
065,M100918,-21.90625,-7.2843,18.80328,37.749,5,3.796059,0.9923619,0.1413043,11.21374,1.366401,8.206772,13m,M100918_065_5
067,M100918,-19.34375,-20.35745,14.1513,36.398,1,16.52165,0.9245006,0.09753232,4.454208,1.018013,4.375393,12o,M100918_067_1
068,M100918,-19.78125,-18.63815,15.52685,36.438,3,3.48976,0.9474148,0.04230317,8.491984,1.516411,5.600054,12o,M100918_068_3
068,M100918,-19.78125,-18.63815,15.52685,36.438,4,3.259301,0.9474148,0.02350176,10.06927,1.428826,7.047234,12o,M100918_068_4
072,M100918,-20.8125,-12.30757,18.62685,36.2985,2,15.33486,0.9503525,0.1131022,6.150602,1.735309,3.544385,13l,M100918_072_2
078,M100918,-18.375,-20.4331,15.74969,35.125,1,9.87827,0.9814923,0.03290247,6.090086,1.230867,4.947803,AI,M100918_078_1
078,M100918,-18.375,-20.4331,15.74969,35.125,3,10.44193,0.9964747,0.003231492,12.06874,1.467966,8.221406,AI,M100918_078_3
078,M100918,-18.375,-20.4331,15.74969,35.125,5,0.245833,0.9988249,0.01351351,10.35997,1.745981,5.933609,AI,M100918_078_5
079,M100918,-18.75,-18.70073,16.81143,35.2375,1,10.86573,0.9985312,0.0005875441,15.18456,1.640764,9.254566,AI,M100918_079_1
092,M100918,-22.4375,-17.879,14.3784,33.818,3,0.2496712,0.9876616,0.006462985,8.397235,2.562051,3.277544,AI,M100918_092_3
095,M100918,-25.25,-12.76064,14.60484,33.596,3,2.326578,0.9950058,0.006756757,9.265148,1.266868,7.313431,AI,M100918_095_3
095,M100918,-25.25,-12.76064,14.60484,33.596,5,11.40864,0.9938308,0.009694478,7.274287,1.179223,6.168713,AI,M100918_095_5
105,M100918,-32.5625,-13.15712,6.34809,25.5975,2,6.508118,0.9759107,0.02497062,3.784554,1.05462,3.588548,AMG,M100918_105_2
109,M100918,-21.3125,-10.91654,19.1919,32.453,2,10.03999,0.9621034,0.05816686,4.643052,0.9879835,4.699524,pu,M100918_109_2
109,M100918,-21.3125,-10.91654,19.1919,32.453,4,4.113181,0.9903055,0.05111633,8.344045,1.574467,5.299599,pu,M100918_109_4
113,M100918,-21.25,-4.54632,20.66436,30.747,1,0.05687148,0.998923,0,28.50338,2.393729,11.90752,cd,M100918_113_1
144,M100918,-18.625,-7.67446,23.18163,26.61465,3,5.786563,0.9861927,0.01204465,7.077177,2.396216,2.95348,cd,M100918_144_3
149,M100918,-28.125,-14.13336,11.50552,21.415,3,5.79641,0.9838426,0.06316099,8.3697,2.051499,4.079797,pu,M100918_149_3
004,M101018,-9.09375,-13.48412,24.35468,45.805,3,8.991353,1,0.001762632,14.99882,1.434222,10.45781,11ml,M101018_004_3
005,M101018,-10.0625,-11.99384,24.4808,45.745,1,10.83985,0.9706228,0.01615746,9.71997,1.412076,6.883461,11ml,M101018_005_1
005,M101018,-10.0625,-11.99384,24.4808,45.745,3,1.470666,0.9929495,0.004406581,18.95782,1.547613,12.24971,11ml,M101018_005_3
005,M101018,-10.0625,-11.99384,24.4808,45.745,5,17.14298,0.9621034,0.03172738,4.113666,1.043356,3.942724,11ml,M101018_005_5
006,M101018,-12.40625,-10.68744,22.87672,45.7,3,0.6447518,0.9979436,0.00293772,11.59543,1.43506,8.080103,11ml,M101018_006_3
008,M101018,-13,-9.14222,23.34162,45.73,3,3.142005,0.9764982,0.01968273,8.277297,1.2372,6.690347,11ml,M101018_008_3
011,M101018,-8.96875,-15.9837,24.4623,44.335,2,6.213566,0.9988249,0.002056404,11.74128,1.473209,7.969865,12r,M101018_011_2
011,M101018,-8.96875,-15.9837,24.4623,44.335,4,0.4753829,0.9955934,0.005287896,20.17169,2.53759,7.949155,12r,M101018_011_4
011,M101018,-8.96875,-15.9837,24.4623,44.335,5,1.282958,0.9632785,0.006462985,12.47088,1.643649,7.587315,12r,M101018_011_5
011,M101018,-8.96875,-15.9837,24.4623,44.335,6,0.396457,0.9632785,0.02702703,8.953249,1.939362,4.616595,12r,M101018_011_6
014,M101018,-12.09375,-11.07692,24.24241,44.4425,3,1.912887,0.9941245,0.0252644,9.280143,1.561243,5.944075,11ml,M101018_014_3
016,M101018,-12.59375,-8.98094,24.70101,44.4455,2,2.495379,0.9964747,0.02790834,11.41403,1.735254,6.577728,11ml,M101018_016_2
018,M101018,-9.25,-17.87644,23.91413,42.9785,3,4.291681,0.9988249,0.01439483,12.58363,1.509175,8.338085,12m,M101018_018_3
019,M101018,-11.1875,-16.73247,23.12698,42.9635,3,8.123516,0.9553466,0.02849589,6.468207,1.958927,3.301913,12m,M101018_019_3
024,M101018,-15.5,-10.2364,22.24925,43.161,2,2.838912,0.9685664,0.02555817,6.585515,1.533748,4.29374,11ml,M101018_024_2
024,M101018,-15.5,-10.2364,22.24925,43.161,3,4.821949,0.9685664,0.04612221,6.588547,1.139588,5.781518,11ml,M101018_024_3
032,M101018,-15.90625,-11.4562,22.0646,41.863,2,3.635221,0.9788484,0.04494712,6.155315,1.661147,3.70546,11ml,M101018_032_2
034,M101018,-15.53125,-8.93439,23.43607,41.9455,1,5.305859,0.9979436,0,16.50882,2.352843,7.016544,11ml,M101018_034_1
034,M101018,-15.53125,-8.93439,23.43607,41.9455,3,10.60047,0.9544653,0.01204465,6.611142,1.223973,5.401379,11ml,M101018_034_3
036,M101018,-11.5,-18.82772,22.13588,40.413,3,3.226261,0.9988249,0.01086957,14.69027,3.198665,4.592626,12l,M101018_036_3
042,M101018,-18.15625,-10.29474,20.91406,40.605,3,11.02112,0.9964747,0.02085781,8.850158,1.364953,6.483857,13m,M101018_042_3
044,M101018,-21.15625,-7.99134,18.43874,40.495,2,1.043801,0.9947121,0.005875441,12.17228,1.53454,7.932202,13m,M101018_044_2
050,M101018,-19.28125,-13.04747,18.89947,39.2675,3,10.66055,0.9829612,0.03965922,8.25877,1.741156,4.743268,13l,M101018_050_3
051,M101018,-18.9375,-11.7202,19.8152,39.3,4,1.54048,0.9976498,0.001762632,7.216705,1.25699,5.741259,13m,M101018_051_4
055,M101018,-15.28125,-21.17416,16.82784,37.839,3,1.545407,0.9864865,0.004994125,9.458214,1.968713,4.804262,12o,M101018_055_3
063,M101018,-21.59375,-9.6447,18.3709,37.789,3,6.47409,0.9988249,0.01792009,10.3074,1.323475,7.788129,13m,M101018_063_3
064,M101018,-22.03125,-8.41598,18.59526,37.599,3,5.012853,0.9876616,0.003231492,9.042467,1.288996,7.015124,13m,M101018_064_3
064,M101018,-22.03125,-8.41598,18.59526,37.599,4,4.305429,0.9841363,0.09782609,8.751982,1.062644,8.236044,13m,M101018_064_4
065,M101018,-21.90625,-7.2843,18.80328,37.749,3,8.080923,0.9885429,0.01909518,5.95179,1.104838,5.387025,13m,M101018_065_3
065,M101018,-21.90625,-7.2843,18.80328,37.749,4,3.303111,0.9970623,0.03730905,12.43933,1.487154,8.36452,13m,M101018_065_4
065,M101018,-21.90625,-7.2843,18.80328,37.749,5,4.877577,0.9720917,0.03554641,6.401661,1.308412,4.892694,13m,M101018_065_5
068,M101018,-19.78125,-18.63815,15.52685,36.438,3,3.416054,0.9579906,0.0126322,10.30586,1.321369,7.799383,12o,M101018_068_3
068,M101018,-19.78125,-18.63815,15.52685,36.438,4,3.129288,0.9579906,0.02173913,9.692237,1.235955,7.841903,12o,M101018_068_4
078,M101018,-18.375,-20.4331,15.74969,35.125,4,9.500566,0.9988249,0.001175088,12.62495,1.505452,8.386152,AI,M101018_078_4
078,M101018,-18.375,-20.4331,15.74969,35.125,5,0.3036508,0.9988249,0.0199765,11.34126,1.894614,5.986052,AI,M101018_078_5
079,M101018,-18.75,-18.70073,16.81143,35.2375,1,11.16378,0.9994125,0.003231492,15.5453,1.771864,8.773417,AI,M101018_079_1
080,M101018,-20.4375,-17.21942,16.19542,35.255,2,1.827141,0.9844301,0.04759107,10.45277,1.460457,7.157191,AI,M101018_080_2
080,M101018,-20.4375,-17.21942,16.19542,35.255,3,0.09204233,0.9949527,0.005047319,16.15894,2.338889,6.90881,AI,M101018_080_3
088,M101018,-25.4375,-6.00452,15.95808,33.18,2,0.3686723,0.9932432,0.004406581,8.875937,1.625253,5.461265,cd,M101018_088_2
092,M101018,-22.5625,-17.879,14.3784,33.818,3,0.3176353,0.9952199,0.001762632,8.929103,2.164886,4.124514,AI,M101018_092_3
095,M101018,-25.25,-12.76064,14.60484,33.596,2,2.464689,0.9853114,0.03202115,5.948049,1.507418,3.945852,AI,M101018_095_2
095,M101018,-25.25,-12.76064,14.60484,33.596,4,11.28137,0.9947121,0.0472973,7.045249,1.211463,5.815488,AI,M101018_095_4
095,M101018,-25.25,-12.76064,14.60484,33.596,5,3.731317,0.987074,0.05023502,9.735591,1.239262,7.855956,AI,M101018_095_5
105,M101018,-32.625,-13.15712,6.34809,25.5975,2,5.805018,0.9811986,0.05816686,7.189589,1.966956,3.655185,AMG,M101018_105_2
109,M101018,-21.3125,-10.91654,19.1919,32.453,3,11.5266,0.9994125,0.003231492,8.211735,1.448082,5.670764,pu,M101018_109_3
109,M101018,-21.3125,-10.91654,19.1919,32.453,4,3.755124,0.9662162,0.04876616,6.401986,1.568159,4.082484,pu,M101018_109_4
113,M101018,-21.25,-4.54632,20.66436,30.747,3,0.1713558,0.9903055,0.00146886,11.52048,2.440473,4.720593,cd,M101018_113_3
116,M101018,-30.1875,-14.46625,7.6445,24.837,3,0.1422144,0.9997062,0.0005875441,21.84204,1.89403,11.53205,AMG,M101018_116_3
123,M101018,-22.25,-6.4904,19.5282,29.382,3,0.2211891,0.9947121,0.003819037,11.84375,2.418302,4.897546,cd,M101018_123_3
149,M101018,-28.125,-14.13336,11.50552,21.415,1,1.041123,0.9955934,0.004994125,11.21899,2.051637,5.468311,pu,M101018_149_1
154,M101018,-18.375,-7.69756,23.42806,25.36,2,1.270674,1,0.002056404,22.25047,1.946559,11.43067,cd,M101018_154_2
154,M101018,-18.375,-7.69756,23.42806,25.36,4,1.057671,0.9976498,0.02027027,9.796056,1.745387,5.612542,cd,M101018_154_4
005,M101818,-10.0625,-11.99384,24.4808,45.745,3,1.052906,0.9950058,0.006756757,17.24494,1.926426,8.951777,11ml,M101818_005_3
005,M101818,-10.0625,-11.99384,24.4808,45.745,4,7.940793,0.9553466,0.01145711,6.991472,1.374182,5.087735,11ml,M101818_005_4
005,M101818,-10.0625,-11.99384,24.4808,45.745,5,2.798204,0.9477086,0.08225617,6.729538,1.380167,4.875888,11ml,M101818_005_5
005,M101818,-10.0625,-11.99384,24.4808,45.745,6,1.389371,0.9950058,0.0005875441,21.92945,1.945844,11.26989,11ml,M101818_005_6
008,M101818,-13,-9.14222,23.34162,45.73,2,5.403731,0.9844301,0.0420094,8.494009,1.808222,4.697438,11ml,M101818_008_2
014,M101818,-12.09375,-11.07692,24.24241,44.4425,3,1.551611,0.9820799,0.01556992,7.465867,1.231111,6.064333,11ml,M101818_014_3
014,M101818,-12.09375,-11.07692,24.24241,44.4425,4,0.2117281,0.9785547,0.0199765,9.578414,2.631218,3.640296,11ml,M101818_014_4
018,M101818,-9.25,-17.87644,23.91413,42.9785,3,5.431551,0.9838426,0.08754407,7.873883,1.750408,4.498312,12m,M101818_018_3
019,M101818,-11.1875,-16.73247,23.12698,42.9635,2,0.1103184,1,0.0005875441,18.9418,4.01659,4.71589,12m,M101818_019_2
024,M101818,-15.5,-10.2364,22.24925,43.161,1,11.68169,0.9762045,0.0420094,4.970649,1.085941,4.577273,11ml,M101818_024_1
025,M101818,-11.25,-8.78965,27.07948,43.2625,2,11.90391,0.9864865,0.06051704,8.151388,1.887358,4.318942,46v,M101818_025_2
025,M101818,-11.25,-8.78965,27.07948,43.2625,4,1.680314,0.9967685,0.007050529,14.938,1.694791,8.814064,46v,M101818_025_4
036,M101818,-11.5,-18.82772,22.13588,40.413,3,9.074039,0.9779671,0.096651,7.792426,1.52993,5.093321,12l,M101818_036_3
060,M101818,-20.75,-13.44644,17.60488,37.8585,3,3.685972,0.9823737,0.05141011,8.962364,2.08794,4.292444,13l,M101818_060_3
068,M101818,-19.78125,-18.63815,15.52685,36.438,2,4.767734,0.9747356,0.03642773,8.1349,1.933793,4.206707,12o,M101818_068_2
069,M101818,-20.71875,-16.7212,15.69689,36.5955,3,0.1977497,0.9985312,0.003525264,10.61357,3.351934,3.166401,12o,M101818_069_3
077,M101818,-15.875,-21.61328,16.5004,35.115,3,0.5870689,0.9955934,0.003231492,10.01233,3.19545,3.13331,AI,M101818_077_3
078,M101818,-18.375,-20.4331,15.74969,35.125,3,18.25142,0.9538778,0.04700353,4.715462,1.086703,4.339238,AI,M101818_078_3
078,M101818,-18.375,-20.4331,15.74969,35.125,4,2.298814,0.9644536,0.02790834,6.268715,2.134587,2.936735,AI,M101818_078_4
080,M101818,-20.4375,-17.21942,16.19542,35.255,2,11.69843,0.970329,0.03672151,5.370696,1.133363,4.738725,AI,M101818_080_2
083,M101818,-24.1875,-12.17377,15.57477,35.015,2,4.488584,0.9861927,0.05699177,7.132749,1.786108,3.993459,13l,M101818_083_2
083,M101818,-24.1875,-12.17377,15.57477,35.015,4,1.009583,0.9891304,0.02144536,7.587214,2.657083,2.855467,13l,M101818_083_4
093,M101818,-25.21875,-16.27948,12.72072,33.7005,3,0.4610122,0.9979436,0.003525264,10.96506,4.323802,2.535975,AI,M101818_093_3
124,M101818,-23.84375,-5.71049,18.14366,29.4605,4,0.3150878,0.9958872,0.005875441,10.17207,3.653495,2.784202,cd,M101818_124_4
157,M101818,-19.875,-4.95718,22.74187,25.2875,3,3.664663,0.9861927,0.03113984,7.662619,2.022495,3.788696,cd,M101818_157_3
005,M101918,-10.0625,-11.99384,24.4808,45.745,2,3.043559,0.960047,0.109577,7.496222,1.361187,5.507123,11ml,M101918_005_2
005,M101918,-10.0625,-11.99384,24.4808,45.745,4,5.723966,0.960047,0.02497062,8.379812,1.206848,6.943552,11ml,M101918_005_4
005,M101918,-10.0625,-11.99384,24.4808,45.745,5,1.071809,0.9997062,0.001175088,25.45474,2.265702,11.23482,11ml,M101918_005_5
005,M101918,-10.0625,-11.99384,24.4808,45.745,6,1.017652,0.9950058,0.004994125,14.25702,1.40045,10.18031,11ml,M101918_005_6
006,M101918,-10.40625,-10.7267,24.9536,45.7975,1,2.108823,0.9773796,0.1841951,6.259879,1.615808,3.874148,11ml,M101918_006_1
006,M101918,-10.40625,-10.7267,24.9536,45.7975,4,1.419328,0.9970351,0.007638073,16.71994,3.10856,5.378677,11ml,M101918_006_4
007,M101918,-13,-10.02596,22.8918,45.7375,3,0.4976858,0.9800235,0.03554641,7.653118,2.212463,3.459095,11ml,M101918_007_3
007,M101918,-13,-10.02596,22.8918,45.7375,6,2.117157,0.9823737,0.002643948,15.37733,2.344599,6.558617,11ml,M101918_007_6
008,M101918,-13,-9.14222,23.34162,45.73,2,2.83598,0.9882491,0.02643948,7.23679,1.272523,5.68696,11ml,M101918_008_2
008,M101918,-13,-9.14222,23.34162,45.73,3,3.257213,0.9914806,0.002350176,13.3933,1.35696,9.870076,11ml,M101918_008_3
010,M101918,-7.875,-16.9663,24.5127,44.51,2,12.41796,0.9853114,0.1621622,7.115033,1.67546,4.246615,12r,M101918_010_2
011,M101918,-9.09375,-15.98471,24.33429,44.325,3,0.5234399,0.9964747,0.003819037,15.00438,1.84623,8.127036,12r,M101918_011_3
011,M101918,-9.09375,-15.98471,24.33429,44.325,4,1.632261,0.9932432,0.05082256,7.724676,2.2745,3.396209,12r,M101918_011_4
012,M101918,-8.1875,-14.9201,25.9466,44.485,1,3.207733,0.987074,0.01615746,5.009585,1.140904,4.39089,12r,M101918_012_1
018,M101918,-9.25,-17.87644,23.91413,42.9785,2,1.707056,1,0.002350176,21.09161,2.244759,9.395933,12m,M101918_018_2
019,M101918,-11.1875,-16.73247,23.12698,42.9635,3,0.1697811,0.9976498,0.003525264,14.34659,2.844107,5.044322,12m,M101918_019_3
025,M101918,-11.25,-8.78965,27.07948,43.2625,3,0.7091159,1,0,23.27201,2.143889,10.85505,46v,M101918_025_3
034,M101918,-15.65625,-8.93439,23.43607,41.9455,1,7.885771,0.9867803,0.01733255,8.690947,1.299508,6.687877,11ml,M101918_034_1
036,M101918,-11.5,-18.82772,22.13588,40.413,3,10.25329,0.9635723,0.1260282,6.931676,1.536004,4.512798,12l,M101918_036_3
042,M101918,-18.40625,-10.3174,20.4516,40.6,3,1.136707,0.9947121,0.008519389,11.15079,1.834079,6.079778,13m,M101918_042_3
043,M101918,-16.4375,-8.9741,22.9194,40.535,2,6.61768,0.9623972,0.05376028,4.929184,1.362207,3.618528,13m,M101918_043_2
045,M101918,-15.0625,-21.0928,16.72452,38.93,2,0.424314,0.9929495,0.003525264,10.76338,1.662171,6.475493,12o,M101918_045_2
045,M101918,-15.0625,-21.0928,16.72452,38.93,4,0.787888,0.9970623,0.0005875441,16.36012,4.482174,3.650041,12o,M101918_045_4
055,M101918,-15.40625,-21.1818,16.6072,37.834,4,17.89085,0.9603408,0.0472973,5.239839,1.424753,3.677718,12o,M101918_055_4
060,M101918,-20.75,-13.44644,17.60488,37.8585,2,4.120944,0.9817861,0.0273208,8.284594,1.561796,5.30453,13l,M101918_060_2
064,M101918,-22.15625,-8.41598,18.59526,37.599,2,1.877268,0.9670975,0.00293772,17.19362,1.645569,10.44844,13m,M101918_064_2
064,M101918,-22.15625,-8.41598,18.59526,37.599,4,2.702392,0.9670975,0.001762632,16.94543,1.76366,9.608106,13m,M101918_064_4
065,M101918,-22.03125,-7.2843,18.80328,37.749,3,2.356349,0.9958872,0.007638073,11.0785,1.763441,6.282319,13m,M101918_065_3
069,M101918,-20.71875,-16.7212,15.69689,36.5955,3,0.278754,0.9979436,0,12.34846,2.292486,5.386494,12o,M101918_069_3
077,M101918,-15.875,-21.61328,16.5004,35.115,3,0.7355172,0.9882491,0.007344301,8.96588,2.225759,4.028235,AI,M101918_077_3
078,M101918,-18.375,-20.4331,15.74969,35.125,2,17.42227,0.9926557,0.01556992,6.183468,1.133179,5.456746,AI,M101918_078_2
080,M101918,-20.4375,-17.21942,16.19542,35.255,5,0.7850462,0.979436,0.03407755,9.227352,1.826286,5.052524,AI,M101918_080_5
088,M101918,-25.5625,-6.02281,15.67049,33.1725,3,0.1710418,0.9911869,0.002056404,14.25244,1.818752,7.836384,cd,M101918_088_3
088,M101918,-25.5625,-6.02281,15.67049,33.1725,4,0.1005225,0.9914806,0.0005875441,20.08941,2.476168,8.113103,cd,M101918_088_4
113,M101918,-21.375,-4.54632,20.66436,30.747,3,0.5585709,0.9976498,0,15.44196,2.419122,6.38329,cd,M101918_113_3
123,M101918,-22.375,-6.4904,19.5282,29.382,2,0.5258963,0.996181,0.0252644,8.744629,2.645697,3.305227,cd,M101918_123_2
128,M101918,-31.46875,-13.52858,7.13338,23.351,3,2.446756,0.9700353,0.08607521,6.734346,1.232716,5.463013,AMG,M101918_128_3
136,M101918,-22.1875,-5.4054,20.22356,27.937,2,12.26747,0.9988249,0.01116334,7.786763,1.077645,7.225719,cd,M101918_136_2
149,M101918,-28.375,-14.11938,11.09766,21.365,1,3.865527,0.9482961,0.05376028,4.028515,1.361272,2.959375,pu,M101918_149_1
149,M101918,-28.375,-14.11938,11.09766,21.365,4,1.310315,0.9903055,0.01410106,11.85894,2.176484,5.448668,pu,M101918_149_4
149,M101918,-28.375,-14.11938,11.09766,21.365,5,0.7040877,0.9903055,0.003819037,16.6854,2.128242,7.83999,pu,M101918_149_5
157,M101918,-19.875,-4.95718,22.74187,25.2875,3,2.644048,0.9923619,0.02262045,8.974891,1.179361,7.609963,cd,M101918_157_3
004,M102218,-9.21875,-13.48412,24.35468,45.805,2,50.33289,0.9485899,0.1771445,5.615659,1.139204,4.929458,11ml,M102218_004_2
004,M102218,-9.21875,-13.48412,24.35468,45.805,3,2.507356,0.9670975,0.03525265,3.905558,1.112819,3.509608,11ml,M102218_004_3
004,M102218,-9.21875,-13.48412,24.35468,45.805,5,1.486961,0.9952996,0.01439483,9.125446,2.13393,4.276358,11ml,M102218_004_5
005,M102218,-10.0625,-11.99384,24.4808,45.745,2,10.72285,0.949765,0.03290247,7.493597,1.575844,4.75529,11ml,M102218_005_2
005,M102218,-10.0625,-11.99384,24.4808,45.745,4,0.5858018,0.9979436,0.0005875441,21.51811,2.046965,10.51221,11ml,M102218_005_4
005,M102218,-10.0625,-11.99384,24.4808,45.745,5,1.120798,0.9979436,0.008519389,20.28846,1.59306,12.73553,11ml,M102218_005_5
006,M102218,-10.40625,-10.7267,24.9536,45.7975,2,6.058352,0.9779671,0.009694478,7.358084,1.217089,6.045641,11ml,M102218_006_2
006,M102218,-10.40625,-10.7267,24.9536,45.7975,5,3.349079,0.9958872,0.02056404,12.7959,1.323213,9.670321,11ml,M102218_006_5
007,M102218,-13,-10.02596,22.8918,45.7375,2,3.248252,0.9979436,0.009694478,15.96822,2.454241,6.50638,11ml,M102218_007_2
008,M102218,-13,-9.14222,23.34162,45.73,3,2.229195,0.9712104,0.1374853,7.301963,1.269035,5.753952,11ml,M102218_008_3
008,M102218,-13,-9.14222,23.34162,45.73,4,2.676491,0.9785547,0.06169213,11.76638,1.249355,9.417967,11ml,M102218_008_4
010,M102218,-8,-16.96479,24.39981,44.5025,4,1.839202,0.9950058,0.001762632,15.89692,2.245466,7.079564,12r,M102218_010_4
010,M102218,-8,-16.96479,24.39981,44.5025,5,0.5466596,0.9941245,0.004406581,9.559845,2.697425,3.544064,12r,M102218_010_5
012,M102218,-8.1875,-14.9201,25.9466,44.485,2,3.156851,0.9979436,0.004700352,6.691851,1.169571,5.721629,12r,M102218_012_2
018,M102218,-9.25,-17.87644,23.91413,42.9785,3,2.328458,0.9952996,0.02908343,10.65841,2.044402,5.213458,12m,M102218_018_3
019,M102218,-11.1875,-16.73247,23.12698,42.9635,2,0.8118694,0.9932432,0.01674501,7.350055,2.357871,3.117242,12m,M102218_019_2
025,M102218,-11.25,-8.78965,27.07948,43.2625,4,0.874401,0.9994125,0.00146886,25.35516,2.248996,11.27399,46v,M102218_025_4
034,M102218,-15.65625,-8.93439,23.43607,41.9455,3,8.046426,0.9835488,0.06051704,8.836137,1.279827,6.904162,11ml,M102218_034_3
045,M102218,-15.0625,-21.0928,16.72452,38.93,3,0.6063906,0.9994125,0.005875441,15.18406,1.844813,8.230679,12o,M102218_045_3
060,M102218,-20.8125,-13.44644,17.60488,37.8585,4,0.8731882,1,0.002350176,22.67289,1.950527,11.62398,13l,M102218_060_4
064,M102218,-22.15625,-8.41598,18.59526,37.599,3,1.402926,0.9823737,0.02144536,12.58148,1.665101,7.555984,13m,M102218_064_3
065,M102218,-22.03125,-7.2843,18.80328,37.749,3,3.149588,0.9955934,0.004406581,10.10714,2.342686,4.31434,13m,M102218_065_3
069,M102218,-20.71875,-16.7212,15.69689,36.5955,2,0.1691507,1,0.003525264,11.55527,1.866423,6.191128,12o,M102218_069_2
071,M102218,-22.625,-13.57818,16.01715,36.36387,3,0.8728774,0.9835488,0.0126322,8.303332,2.341131,3.546718,13l,M102218_071_3
072,M102218,-21.0625,-12.32028,18.3154,36.301,3,0.24357,0.9952996,0.003819037,8.5767,3.358287,2.553892,13l,M102218_072_3
077,M102218,-15.875,-21.61328,16.5004,35.115,3,1.406386,0.9970623,0.004112808,10.59768,2.392567,4.429419,AI,M102218_077_3
079,M102218,-19,-18.70974,16.55534,35.235,2,24.88592,0.9970623,0.03789659,7.93431,1.023764,7.750134,AI,M102218_079_2
079,M102218,-19,-18.70974,16.55534,35.235,3,5.567143,0.9994125,0.006462985,14.86303,1.67226,8.887988,AI,M102218_079_3
083,M102218,-24.375,-12.18278,15.26078,35.02,1,0.3111148,0.9973561,0.01028202,10.88839,2.639828,4.12466,13l,M102218_083_1
088,M102218,-25.5625,-6.02281,15.67049,33.1725,2,0.2513945,0.9947121,0.001762632,12.4272,3.09248,4.018523,cd,M102218_088_2
105,M102218,-33,-13.1414,5.9418,25.53,3,0.3612673,0.9982374,0,14.61453,1.915193,7.630842,AMG,M102218_105_3
116,M102218,-30.3125,-14.46625,7.6445,24.837,3,1.882953,0.9929495,0.01645123,11.21709,2.484521,4.514788,AMG,M102218_116_3
123,M102218,-22.5,-6.49862,19.21056,29.377,3,4.859966,0.9885429,0.05141011,9.060506,1.376478,6.582384,cd,M102218_123_3
130,M102218,-33.78125,-11.268,6.64144,23.006,3,3.974837,0.9747356,0.09106933,6.063743,1.5936,3.80506,AMG,M102218_130_3
136,M102218,-22.1875,-5.4054,20.22356,27.937,3,0.7534784,0.9958872,0.03877791,7.019721,2.195566,3.197226,cd,M102218_136_3
136,M102218,-22.1875,-5.4054,20.22356,27.937,4,3.95087,0.9958872,0.02144536,7.720891,1.095141,7.050133,cd,M102218_136_4
146,M102218,-19.6875,-5.892,22.59776,26.577,3,0.5731066,0.9894242,0.01116334,5.802791,2.182664,2.658582,cd,M102218_146_3
157,M102218,-19.875,-4.95718,22.74187,25.2875,3,3.154686,0.9867803,0.03525265,8.53991,1.588651,5.375575,cd,M102218_157_3
002,M102318,-5.375,-15.5664,26.39852,45.895,3,4.452294,0.9977264,0.001762632,11.87292,1.479249,8.026313,12r,M102318_002_3
002,M102318,-5.375,-15.5664,26.39852,45.895,6,0.4009712,0.9988249,0.0005875441,23.57621,2.178739,10.82104,12r,M102318_002_6
003,M102318,-6.4375,-14.59283,26.08956,45.8875,3,1.766769,0.9820799,0.03349001,8.481896,1.669549,5.080351,12r,M102318_003_3
004,M102318,-9.21875,-13.48412,24.35468,45.805,4,1.061703,0.9823737,0.01586369,8.080966,2.319737,3.48357,11ml,M102318_004_4
005,M102318,-10.0625,-11.99384,24.4808,45.745,3,7.095666,0.9453584,0.04259694,7.294379,1.306734,5.582146,11ml,M102318_005_3
005,M102318,-10.0625,-11.99384,24.4808,45.745,4,2.450376,0.9480023,0.1010576,9.548636,1.251435,7.630148,11ml,M102318_005_4
005,M102318,-10.0625,-11.99384,24.4808,45.745,5,0.2617175,0.9950058,0.0005875441,19.24058,1.805011,10.65954,11ml,M102318_005_5
005,M102318,-10.0625,-11.99384,24.4808,45.745,6,1.555778,0.9950058,0.001762632,19.20424,1.519417,12.63922,11ml,M102318_005_6
006,M102318,-10.40625,-10.7267,24.9536,45.7975,3,12.09642,0.9585782,0.05111633,6.92464,1.470865,4.707869,11ml,M102318_006_3
008,M102318,-13,-9.14222,23.34162,45.73,1,2.361338,1,0.0005875441,17.23688,1.786514,9.648332,11ml,M102318_008_1
008,M102318,-13,-9.14222,23.34162,45.73,4,3.085589,0.9955934,0.007931845,8.29594,1.508763,5.498506,11ml,M102318_008_4
010,M102318,-8,-16.96479,24.39981,44.5025,3,0.9810053,0.9997062,0,18.44834,2.171145,8.497057,12r,M102318_010_3
011,M102318,-9.21875,-15.98572,24.20628,44.315,3,1.247493,0.9914806,0.004406581,14.14543,1.890027,7.484248,12r,M102318_011_3
016,M102318,-12.71875,-8.98094,24.70101,44.4455,3,3.990623,0.9900118,0.03172738,8.58965,1.51919,5.654098,11ml,M102318_016_3
018,M102318,-9.25,-17.87644,23.91413,42.9785,2,2.899579,1,0.001175088,17.42053,1.782267,9.774366,12m,M102318_018_2
019,M102318,-11.1875,-16.73247,23.12698,42.9635,4,4.362983,0.9903055,0.002350176,9.426544,2.379766,3.961122,12m,M102318_019_4
025,M102318,-11.25,-8.78965,27.07948,43.2625,3,0.4343396,0.9985312,0.001175088,16.23579,1.814211,8.949225,46v,M102318_025_3
034,M102318,-15.65625,-8.93439,23.43607,41.9455,3,9.542106,0.9932432,0.008813161,8.851091,1.258675,7.032073,11ml,M102318_034_3
035,M102318,-11.625,-20.3044,20.3318,40.293,2,2.849089,0.9950058,0.008519389,5.235288,1.596747,3.278721,12l,M102318_035_2
036,M102318,-11.875,-18.83768,21.77672,40.398,1,8.945071,0.985899,0.01351351,13.40507,1.761595,7.609621,12o,M102318_036_1
036,M102318,-11.875,-18.83768,21.77672,40.398,2,10.41833,0.9773796,0.03055229,8.427861,1.352099,6.233169,12o,M102318_036_2
036,M102318,-11.875,-18.83768,21.77672,40.398,4,10.99911,0.9386017,0.06110458,5.114639,1.125042,4.546178,12o,M102318_036_4
043,M102318,-16.6875,-8.98695,22.6708,40.5325,3,6.587478,0.9738543,0.03554641,8.306273,1.138418,7.29633,13m,M102318_043_3
043,M102318,-16.6875,-8.98695,22.6708,40.5325,4,0.406372,0.9941245,0.1189777,10.92727,1.567242,6.972297,13m,M102318_043_4
044,M102318,-21.34375,-7.99134,18.43874,40.495,3,0.6644565,0.9844301,0.01380729,11.13052,1.372894,8.10734,13m,M102318_044_3
045,M102318,-15.0625,-21.0928,16.72452,38.93,2,4.089445,0.9750293,0.09253819,6.351122,1.85046,3.432185,12o,M102318_045_2
045,M102318,-15.0625,-21.0928,16.72452,38.93,4,1.181918,0.979436,0.01145711,12.51981,1.586041,7.89375,12o,M102318_045_4
055,M102318,-15.65625,-21.18944,16.38656,37.829,2,0.8582843,0.9856052,0.006169213,5.363768,1.119391,4.791683,12o,M102318_055_2
060,M102318,-20.8125,-13.44644,17.60488,37.8585,3,1.074412,0.989718,0.003231492,15.63553,1.591957,9.821578,13l,M102318_060_3
060,M102318,-20.8125,-13.44644,17.60488,37.8585,4,2.373715,0.9823737,0.01292597,8.742442,1.51486,5.771121,13l,M102318_060_4
061,M102318,-21.53125,-12.15385,17.54778,37.8535,3,0.07235815,0.9953575,0.004178273,11.40903,3.71424,3.0717,13l,M102318_061_3
063,M102318,-21.96875,-9.66271,18.06157,37.789,2,1.065907,0.8349001,0.1213278,7.746672,1.273725,6.081903,13m,M102318_063_2
065,M102318,-22.03125,-7.2843,18.80328,37.749,3,3.089289,0.9844301,0.008519389,9.682683,2.301291,4.207501,13m,M102318_065_3
066,M102318,-14.09375,-21.29528,17.95032,36.458,3,1.321893,0.9944183,0.03143361,9.170433,2.118019,4.329722,45,M102318_066_3
067,M102318,-19.78125,-20.3691,13.8854,36.393,1,11.86335,0.9638661,0.06227967,5.815443,1.19976,4.847171,12o,M102318_067_1
067,M102318,-19.78125,-20.3691,13.8854,36.393,4,3.13396,0.9706228,0.1345476,9.42376,1.158132,8.137036,12o,M102318_067_4
069,M102318,-20.84375,-16.7212,15.69689,36.5955,3,1.186894,0.9576969,0.0005875441,8.761333,1.863072,4.702627,12o,M102318_069_3
069,M102318,-20.84375,-16.7212,15.69689,36.5955,4,0.5870521,0.9576969,0.001762632,12.73708,1.612521,7.898864,12o,M102318_069_4
072,M102318,-21.0625,-12.32028,18.3154,36.301,3,0.2011244,0.9994125,0.0005875441,10.4806,2.091497,5.011052,13l,M102318_072_3
077,M102318,-16.125,-21.62176,16.2398,35.11,2,3.175675,0.980611,0.003819037,9.080615,1.439644,6.307542,AI,M102318_077_2
077,M102318,-16.125,-21.62176,16.2398,35.11,3,0.05754039,1,0.006598985,26.2606,5.20874,5.041641,AI,M102318_077_3
078,M102318,-18.375,-20.4331,15.74969,35.125,3,13.71231,0.9709166,0.03319624,5.176778,1.139209,4.544186,AI,M102318_078_3
083,M102318,-24.4375,-12.18278,15.26078,35.02,2,9.320593,0.9994125,0.007931845,13.32601,1.54755,8.611034,13l,M102318_083_2
088,M102318,-25.5625,-6.02281,15.67049,33.1725,3,1.891469,0.9853114,0.03495887,9.510498,1.5032,6.326836,cd,M102318_088_3
095,M102318,-25.4375,-12.77006,14.33161,33.5985,3,8.448815,1,0.01057579,12.9424,1.448219,8.936771,AI,M102318_095_3
105,M102318,-33,-13.1414,5.9418,25.53,3,0.1161038,0.9988249,0.002350176,13.9098,1.527076,9.10878,AMG,M102318_105_3
108,M102318,-24.4375,-9.8524,15.9542,26.78,3,1.372167,0.974148,0.009988249,3.944333,1.881952,2.095873,pu,M102318_108_3
113,M102318,-21.625,-4.56556,20.35163,30.7445,3,1.729526,0.980611,0,16.73008,2.361315,7.085071,cd,M102318_113_3
113,M102318,-21.625,-4.56556,20.35163,30.7445,4,0.6928142,0.980611,0.009106933,10.42955,2.665359,3.912999,cd,M102318_113_4
113,M102318,-21.625,-4.56556,20.35163,30.7445,5,1.677675,0.9756169,0.07579318,6.445846,1.793458,3.594089,cd,M102318_113_5
116,M102318,-30.3125,-14.46625,7.6445,24.837,3,0.3383263,0.993537,0.005287896,10.63326,1.780714,5.971346,AMG,M102318_116_3
123,M102318,-22.5,-6.49862,19.21056,29.377,2,1.847981,0.9911869,0.03084606,8.368527,1.453866,5.756052,cd,M102318_123_2
124,M102318,-23.96875,-5.71049,18.14366,29.4605,3,2.010294,0.9955934,0.007638073,7.110576,1.735283,4.097647,cd,M102318_124_3
125,M102318,-20.125,-4.5475,21.9954,29.4905,3,1.953914,0.9974906,0.08225617,10.2632,1.206471,8.506793,cd,M102318_125_3
136,M102318,-22.1875,-5.4054,20.22356,27.937,2,2.649666,0.989718,0.02085781,8.054447,1.176194,6.847892,cd,M102318_136_2
140,M102318,-31.375,-12.63913,8.32851,22.113,2,3.904664,0.9585782,0.1037015,5.966307,1.387202,4.300964,AMG,M102318_140_2
144,M102318,-19,-7.68434,22.55477,26.62135,1,8.397388,0.9744418,0.08754407,6.268516,1.621054,3.866937,cd,M102318_144_1
149,M102318,-28.375,-14.11938,11.09766,21.365,2,19.13565,0.9306698,0.07638073,3.972012,0.9817489,4.045853,pu,M102318_149_2
149,M102318,-28.375,-14.11938,11.09766,21.365,3,7.574233,0.972973,0.05522914,8.837372,1.512187,5.844102,pu,M102318_149_3
002,M102418,-5.375,-15.5664,26.39852,45.895,3,3.558036,0.9905993,0.003231492,8.748194,1.399605,6.250475,12r,M102418_002_3
002,M102418,-5.375,-15.5664,26.39852,45.895,6,0.5673684,0.9982374,0,26.86781,2.489878,10.79081,12r,M102418_002_6
003,M102418,-6.6875,-14.58305,25.8466,45.8725,3,3.381814,0.9544653,0.00293772,13.44104,1.847903,7.273673,12r,M102418_003_3
005,M102418,-10.1875,-11.98981,24.3412,45.7375,2,6.749376,0.9923619,0.00293772,8.439645,1.369081,6.164461,11ml,M102418_005_2
005,M102418,-10.1875,-11.98981,24.3412,45.7375,4,3.820895,0.9785547,0.04524089,8.975251,1.949601,4.603635,11ml,M102418_005_4
006,M102418,-10.53125,-10.72368,24.79384,45.79,3,2.532786,0.9994125,0.004994125,14.225,1.903587,7.472734,11ml,M102418_006_3
008,M102418,-13,-9.14222,23.34162,45.73,3,1.505427,0.9482961,0,14.48665,1.485638,9.751131,11ml,M102418_008_3
008,M102418,-13,-9.14222,23.34162,45.73,5,3.474709,0.9820799,0.03584019,7.047946,1.346013,5.236164,11ml,M102418_008_5
010,M102418,-8,-16.96479,24.39981,44.5025,3,0.3049641,0.9950058,0.004994125,8.566183,3.113821,2.75102,12r,M102418_010_3
010,M102418,-8,-16.96479,24.39981,44.5025,4,0.8956662,0.9970623,0,20.32557,2.174408,9.347637,12r,M102418_010_4
011,M102418,-9.21875,-15.98572,24.20628,44.315,3,0.4324698,0.9538778,0.004700352,11.39422,1.829509,6.228019,12r,M102418_011_3
011,M102418,-9.21875,-15.98572,24.20628,44.315,4,0.9711688,0.9538778,0.0008813161,15.60711,2.128097,7.333831,12r,M102418_011_4
012,M102418,-8.6875,-14.92916,25.49756,44.455,3,2.532814,0.9826674,0.01674501,8.026234,1.572639,5.103671,12r,M102418_012_3
016,M102418,-12.71875,-8.98094,24.70101,44.4455,3,3.09146,0.9844301,0.02467685,8.961849,1.625039,5.514853,11ml,M102418_016_3
018,M102418,-9.25,-17.87644,23.91413,42.9785,4,2.110394,1,0.0008813161,25.94543,2.353026,11.02641,12m,M102418_018_4
019,M102418,-11.1875,-16.73247,23.12698,42.9635,1,4.400733,0.983255,0.00293772,19.93818,2.786848,7.154384,12m,M102418_019_1
019,M102418,-11.1875,-16.73247,23.12698,42.9635,6,0.2153702,0.983255,0.01703878,5.098742,1.590957,3.204828,12m,M102418_019_6
028,M102418,-12.8125,-16.9156,22.11104,41.655,3,2.887297,0.9709166,0.05493537,6.521195,1.937899,3.365086,12o,M102418_028_3
032,M102418,-15.90625,-11.4562,22.0646,41.863,3,2.880158,0.9773796,0.08989424,6.431626,1.79767,3.577758,11ml,M102418_032_3
034,M102418,-15.65625,-8.93439,23.43607,41.9455,2,10.50067,0.985899,0.02790834,8.37044,1.272527,6.577808,11ml,M102418_034_2
035,M102418,-11.625,-20.3044,20.3318,40.293,2,2.948524,0.9900118,0.004112808,4.93925,1.216278,4.060953,12l,M102418_035_2
036,M102418,-11.875,-18.83768,21.77672,40.398,2,5.66025,0.9914806,0.01321974,13.91195,1.881503,7.394064,12o,M102418_036_2
036,M102418,-11.875,-18.83768,21.77672,40.398,4,9.586921,0.9732667,0.03319624,7.126818,1.440991,4.945776,12o,M102418_036_4
042,M102418,-18.65625,-10.32873,20.22037,40.5975,2,2.434642,0.9879553,0.02027027,7.784413,1.871969,4.158409,13m,M102418_042_2
045,M102418,-15.0625,-21.0928,16.72452,38.93,3,1.025287,0.9979436,0.01586369,11.71998,1.864039,6.28741,12o,M102418_045_3
065,M102418,-22.03125,-7.2843,18.80328,37.749,2,6.946098,0.9900118,0.03672151,7.170415,1.807233,3.967621,13m,M102418_065_2
067,M102418,-19.78125,-20.3691,13.8854,36.393,3,2.626281,0.9785547,0.05787309,8.759418,1.500494,5.837689,12o,M102418_067_3
069,M102418,-20.84375,-16.7212,15.69689,36.5955,3,0.6121473,0.9242068,0.00293772,7.804777,1.958388,3.985307,12o,M102418_069_3
069,M102418,-20.84375,-16.7212,15.69689,36.5955,6,1.909021,0.9365453,0.001175088,11.68142,1.927928,6.059053,12o,M102418_069_6
072,M102418,-21.0625,-12.32028,18.3154,36.301,2,0.1041085,0.9694719,0.01880141,10.07388,2.983884,3.376095,13l,M102418_072_2
077,M102418,-16.125,-21.62176,16.2398,35.11,3,0.1292042,0.9952996,0.0005875441,14.10374,1.762127,8.00382,AI,M102418_077_3
080,M102418,-20.6875,-17.23229,15.88529,35.2525,2,1.389638,0.9785547,0.01175088,8.302701,2.004029,4.143005,AI,M102418_080_2
088,M102418,-25.6875,-6.02281,15.67049,33.1725,2,2.111379,0.9594595,0.02350176,7.243269,1.463884,4.94798,cd,M102418_088_2
092,M102418,-23.0625,-17.9095,13.7543,33.813,3,0.3032977,0.9917744,0.01028202,9.232975,2.365718,3.902822,AI,M102418_092_3
113,M102418,-21.625,-4.56556,20.35163,30.7445,4,1.389593,0.9964747,0.002056404,16.1058,2.066055,7.795438,cd,M102418_113_4
116,M102418,-30.5625,-14.4468,7.24572,24.777,3,2.757857,0.9662162,0,16.30034,1.740651,9.364508,AMG,M102418_116_3
116,M102418,-30.5625,-14.4468,7.24572,24.777,4,2.186156,0.9662162,0.0005875441,12.15172,1.62914,7.458978,AMG,M102418_116_4
125,M102418,-20.125,-4.5475,21.9954,29.4905,2,3.174765,0.9462397,0.2103408,5.899179,1.583758,3.724797,cd,M102418_125_2
125,M102418,-20.125,-4.5475,21.9954,29.4905,4,1.943753,0.9936842,0.03172738,14.4524,1.528256,9.456791,cd,M102418_125_4
146,M102418,-20.1875,-5.918,21.98244,26.582,4,6.192845,0.9826674,0.01733255,6.652371,1.745156,3.811907,cd,M102418_146_4
149,M102418,-28.375,-14.11938,11.09766,21.365,3,0.02967967,1,0.008964955,17.0364,1.747691,9.74795,pu,M102418_149_3
002,M102518,-5.375,-15.5664,26.39852,45.895,3,2.577723,0.9864289,0.001175088,9.153638,1.423388,6.430882,12r,M102518_002_3
002,M102518,-5.375,-15.5664,26.39852,45.895,4,0.2532354,0.9958872,0.004112808,24.77404,2.102027,11.78578,12r,M102518_002_4
002,M102518,-5.375,-15.5664,26.39852,45.895,7,0.2463655,0.9958872,0,33.79605,2.919842,11.57462,12r,M102518_002_7
003,M102518,-6.6875,-14.58305,25.8466,45.8725,2,2.58882,0.9359577,0.001762632,13.3728,1.875622,7.129792,12r,M102518_003_2
004,M102518,-9.28125,-13.4802,24.2118,45.7975,1,42.49688,0.9814923,0.08578143,7.027863,1.024905,6.857084,11ml,M102518_004_1
004,M102518,-9.28125,-13.4802,24.2118,45.7975,2,3.480768,0.9647474,0.04817861,5.772717,1.111702,5.192686,11ml,M102518_004_2
004,M102518,-9.28125,-13.4802,24.2118,45.7975,5,0.7403157,0.9914806,0.009694478,10.99621,2.381634,4.617087,11ml,M102518_004_5
005,M102518,-10.21875,-11.98981,24.3412,45.7375,2,13.91924,0.9947121,0.01057579,8.642991,1.445613,5.978771,11ml,M102518_005_2
005,M102518,-10.21875,-11.98981,24.3412,45.7375,4,0.6604047,0.9553466,0.003525264,12.80908,1.61116,7.950217,11ml,M102518_005_4
006,M102518,-10.53125,-10.72368,24.79384,45.79,3,0.8428402,0.9979436,0.002350176,11.37191,1.894664,6.002069,11ml,M102518_006_3
007,M102518,-13.125,-10.02748,22.7144,45.73,2,4.490942,0.9691539,0.0640423,8.23418,2.382848,3.455605,11ml,M102518_007_2
008,M102518,-13,-9.14222,23.34162,45.73,2,3.064113,0.970329,0.08842538,6.600973,1.173859,5.623312,11ml,M102518_008_2
008,M102518,-13,-9.14222,23.34162,45.73,4,2.703806,0.9979436,0.003231492,13.0163,1.329617,9.789511,11ml,M102518_008_4
010,M102518,-8,-16.96479,24.39981,44.5025,2,0.6952835,0.9932432,0.01351351,8.989715,2.275365,3.950888,12r,M102518_010_2
011,M102518,-9.21875,-15.98572,24.20628,44.315,3,1.375521,0.9867803,0.008519389,10.71818,2.484159,4.314612,12r,M102518_011_3
012,M102518,-8.6875,-14.92916,25.49756,44.455,4,7.749656,0.96651,0.03084606,4.103053,1.053493,3.894714,12r,M102518_012_4
016,M102518,-12.84375,-8.9856,24.4874,44.438,2,21.3454,0.9900118,0.01410106,8.042672,1.482212,5.42613,11ml,M102518_016_2
018,M102518,-9.25,-17.87644,23.91413,42.9785,3,1.844651,1,0,19.34823,2.061571,9.385191,12m,M102518_018_3
019,M102518,-11.1875,-16.73247,23.12698,42.9635,1,0.1653061,0.9970623,0.01204465,8.352948,1.292446,6.462897,12m,M102518_019_1
019,M102518,-11.1875,-16.73247,23.12698,42.9635,4,2.813632,0.9779671,0.001762632,11.6923,3.548455,3.295039,12m,M102518_019_4
025,M102518,-11.5,-8.8023,26.89516,43.26,3,0.1630785,0.9994125,0.001175088,15.86238,2.344679,6.765268,46v,M102518_025_3
026,M102518,-8.3125,-19.319,24.00918,41.7,2,3.917435,0.9723854,0.05522914,5.827548,1.555717,3.745893,45,M102518_026_2
026,M102518,-8.3125,-19.319,24.00918,41.7,4,0.9711184,0.9970623,0,12.14313,2.409687,5.039296,45,M102518_026_4
034,M102518,-15.65625,-8.93439,23.43607,41.9455,2,12.6268,0.9979436,0.01586369,9.3838,1.223124,7.671993,11ml,M102518_034_2
036,M102518,-11.875,-18.83768,21.77672,40.398,2,7.829678,0.9365453,0.01439483,8.051987,1.338835,6.014173,12o,M102518_036_2
036,M102518,-11.875,-18.83768,21.77672,40.398,5,4.017775,0.9365453,0.04289072,9.01269,1.635409,5.510969,12o,M102518_036_5
036,M102518,-11.875,-18.83768,21.77672,40.398,6,1.762891,0.9294947,0.007344301,13.75919,2.537935,5.421412,12o,M102518_036_6
036,M102518,-11.875,-18.83768,21.77672,40.398,7,2.029944,0.9294947,0.01674501,13.25013,1.990882,6.655407,12o,M102518_036_7
044,M102518,-21.46875,-8.00721,18.18031,40.4925,3,1.592745,0.9800235,0.004406581,10.72704,2.240138,4.788562,13m,M102518_044_3
044,M102518,-21.46875,-8.00721,18.18031,40.4925,5,0.7617952,0.9970623,0.003231492,23.30219,1.964836,11.85961,13m,M102518_044_5
054,M102518,-22.5,-8.22366,17.75996,39.145,2,12.83059,0.9762045,0.04905993,7.504517,1.748293,4.292483,13m,M102518_054_2
055,M102518,-15.90625,-21.19708,16.16592,37.824,3,0.209377,0.9985312,0,12.53317,3.528664,3.551818,12o,M102518_055_3
067,M102518,-19.78125,-20.3691,13.8854,36.393,3,0.4330007,0.9947121,0.01351351,10.64824,2.139939,4.975957,12o,M102518_067_3
069,M102518,-20.84375,-16.7212,15.69689,36.5955,3,3.368985,0.9773796,0.009988249,7.416027,2.070047,3.58254,12o,M102518_069_3
077,M102518,-16.125,-21.62176,16.2398,35.11,2,3.3541,0.953584,0.03202115,6.513978,1.673104,3.89335,AI,M102518_077_2
077,M102518,-16.125,-21.62176,16.2398,35.11,3,0.3602202,0.9700353,0.009106933,11.3108,2.255214,5.015398,AI,M102518_077_3
077,M102518,-16.125,-21.62176,16.2398,35.11,4,10.21663,0.9964747,0.001762632,7.59717,1.316093,5.772519,AI,M102518_077_4
077,M102518,-16.125,-21.62176,16.2398,35.11,5,0.1063342,0.9791422,0.001175088,14.9838,1.653228,9.063357,AI,M102518_077_5
078,M102518,-18.625,-20.447,15.4406,35.12,3,7.574171,0.9621034,0.09048179,6.447535,2.013005,3.20294,AI,M102518_078_3
079,M102518,-19.375,-18.72776,16.04316,35.23,1,5.387418,0.96651,0.05522914,6.580357,1.705402,3.858536,AI,M102518_079_1
083,M102518,-24.5625,-12.18278,15.26078,35.02,1,23.09167,0.9380141,0.1371915,4.616094,1.197039,3.85626,13l,M102518_083_1
092,M102518,-23.3125,-17.92475,13.44225,33.8105,3,2.055673,0.9903055,0.007344301,10.13942,1.865131,5.436305,AI,M102518_092_3
099,M102518,-20.8125,-6.39172,20.82516,32.002,3,0.8953974,0.9826674,0.03143361,8.191157,1.95679,4.186017,cd,M102518_099_3
105,M102518,-33.25,-13.12568,5.53551,25.4625,3,0.8464621,0.993537,0.009106933,11.38977,1.548585,7.354952,AMG,M102518_105_3
106,M102518,-34.5625,-11.91308,5.061,25.26,3,0.7226427,0.970329,0.001175088,15.03468,3.816823,3.939057,AMG,M102518_106_3
113,M102518,-21.625,-4.56556,20.35163,30.7445,5,1.184862,0.9920682,0.002643948,10.90347,2.164826,5.036649,cd,M102518_113_5
113,M102518,-21.625,-4.56556,20.35163,30.7445,6,0.1948614,0.9997062,0.0005875441,22.68464,3.637192,6.236855,cd,M102518_113_6
116,M102518,-30.5625,-14.4468,7.24572,24.777,3,2.814672,0.9770858,0.00146886,14.38534,1.636454,8.790555,AMG,M102518_116_3
119,M102518,-30.625,-11.15125,9.487,24.6495,3,2.857733,0.9967685,0.0199765,9.802325,1.990301,4.925047,AMG,M102518_119_3
124,M102518,-24.21875,-5.72386,17.83424,29.458,3,0.1885472,0.9952996,0.002056404,8.715216,2.535064,3.437869,cd,M102518_124_3
135,M102518,-20.3125,-6.14438,21.78442,27.922,3,3.585521,0.9814923,0.0945946,6.672112,1.255028,5.316307,cd,M102518_135_3
136,M102518,-22.3125,-5.4054,20.22356,27.937,3,2.389924,0.9756169,0.0326087,6.462197,1.682906,3.839903,cd,M102518_136_3
146,M102518,-20.3125,-5.918,21.98244,26.582,3,0.849372,0.9950058,0.002056404,9.604955,2.203334,4.359283,cd,M102518_146_3
149,M102518,-28.75,-14.1054,10.6898,21.315,3,8.398115,0.9773796,0.01586369,7.218697,2.564288,2.815089,pu,M102518_149_3
149,M102518,-28.75,-14.1054,10.6898,21.315,4,0.2863763,0.970329,0.01028202,12.37357,1.780473,6.949598,pu,M102518_149_4
149,M102518,-28.75,-14.1054,10.6898,21.315,5,0.4386299,0.970329,0,13.48858,1.608204,8.387359,pu,M102518_149_5
149,M102518,-28.75,-14.1054,10.6898,21.315,6,0.3402978,0.970329,0.001175088,16.72472,1.518874,11.01126,pu,M102518_149_6
002,M103018,-5.4375,-15.5596,26.29653,45.8875,5,1.527572,0.9952996,0.0146886,6.054908,2.197401,2.755486,12r,M103018_002_5
003,M103018,-6.6875,-14.58305,25.8466,45.8725,3,6.753189,0.9735605,0.02643948,8.626754,2.567975,3.359361,12r,M103018_003_3
004,M103018,-9.28125,-13.4802,24.2118,45.7975,1,41.08745,0.9879553,0.06110458,6.165904,1.020523,6.041906,11ml,M103018_004_1
005,M103018,-10.21875,-11.98981,24.3412,45.7375,3,10.81139,0.9867803,0.01380729,6.30988,1.444814,4.367261,11ml,M103018_005_3
006,M103018,-10.90625,-10.71764,24.47432,45.775,1,5.817606,0.9438896,0.0640423,6.767323,1.715924,3.943836,11ml,M103018_006_1
006,M103018,-10.90625,-10.71764,24.47432,45.775,3,0.3080326,0.9582844,0.00293772,19.26011,1.877329,10.25932,11ml,M103018_006_3
008,M103018,-13,-9.14222,23.34162,45.73,3,2.66516,0.9994125,0.001175088,18.43865,1.715092,10.75082,11ml,M103018_008_3
011,M103018,-9.21875,-15.98572,24.20628,44.315,3,1.756272,0.9541715,0.04259694,9.958735,1.419502,7.015653,12r,M103018_011_3
011,M103018,-9.21875,-15.98572,24.20628,44.315,4,1.187429,0.9541715,0.009694478,9.836929,2.099927,4.684414,12r,M103018_011_4
012,M103018,-9.0625,-14.9352,25.1982,44.435,3,4.951742,0.9744418,0.0252644,6.004629,1.058066,5.675097,12r,M103018_012_3
016,M103018,-12.84375,-8.9856,24.4874,44.438,3,17.04357,0.9973561,0.01351351,9.259295,1.316669,7.032363,11ml,M103018_016_3
018,M103018,-9.25,-17.87644,23.91413,42.9785,2,4.99984,0.9682726,0.01145711,10.90199,1.853064,5.883223,12m,M103018_018_2
018,M103018,-9.25,-17.87644,23.91413,42.9785,4,1.663431,0.9682726,0.01204465,16.66753,1.768179,9.426383,12m,M103018_018_4
019,M103018,-11.25,-16.73247,23.12698,42.9635,4,8.32554,0.9876616,0.07314923,7.692044,1.636372,4.700668,12m,M103018_019_4
034,M103018,-15.65625,-8.93439,23.43607,41.9455,3,11.7705,0.9756169,0.03113984,7.358991,1.31355,5.602369,11ml,M103018_034_3
036,M103018,-11.875,-18.83768,21.77672,40.398,3,5.123925,0.9735605,0.02673326,7.743397,1.669998,4.636771,12o,M103018_036_3
039,M103018,-12.9375,-14.64446,24.01798,40.563,4,2.19627,0.9920682,0.01410106,7.958241,1.96164,4.056932,13l,M103018_039_4
043,M103018,-16.9375,-8.9998,22.4222,40.53,3,2.934522,0.9973561,0.007638073,9.780704,1.859578,5.259635,13m,M103018_043_3
045,M103018,-15.5625,-21.1079,16.32856,38.915,2,3.363855,0.980611,0.02144536,7.451088,1.18819,6.270956,12o,M103018_045_2
045,M103018,-15.5625,-21.1079,16.32856,38.915,4,6.464864,0.9814923,0.003231492,10.08251,1.394569,7.22984,12o,M103018_045_4
045,M103018,-15.5625,-21.1079,16.32856,38.915,5,0.2713311,0.9905993,0.003231492,12.0964,1.746449,6.926284,12o,M103018_045_5
054,M103018,-22.5,-8.22366,17.75996,39.145,2,3.411108,0.9785547,0.008813161,9.158764,1.919595,4.771195,13m,M103018_054_2
054,M103018,-22.5,-8.22366,17.75996,39.145,3,11.05294,0.9347826,0.07696828,4.343889,1.171271,3.708696,13m,M103018_054_3
060,M103018,-21.0625,-13.45676,17.29552,37.856,3,0.8244896,1,0,21.46325,1.693981,12.6703,13l,M103018_060_3
065,M103018,-22.40625,-7.3076,18.49396,37.754,3,1.423798,0.9982374,0.002643948,16.88777,1.430683,11.804,13m,M103018_065_3
066,M103018,-14.59375,-21.31224,17.49056,36.448,1,30.01659,0.987074,0.009988249,5.679528,1.02907,5.51909,45,M103018_066_1
066,M103018,-14.59375,-21.31224,17.49056,36.448,6,0.03761819,0.9800114,0.004568818,14.05144,2.185386,6.429728,45,M103018_066_6
066,M103018,-14.59375,-21.31224,17.49056,36.448,7,0.116503,0.9800114,0.008813161,11.15685,1.453663,7.674993,45,M103018_066_7
067,M103018,-19.96875,-20.38075,13.6195,36.388,3,1.552857,0.9905993,0.007050529,7.835671,1.806927,4.336463,12o,M103018_067_3
068,M103018,-20.46875,-18.67628,14.62112,36.423,2,17.95211,0.9676851,0.08989424,6.113319,1.640746,3.725939,12o,M103018_068_2
071,M103018,-22.9375,-13.58984,15.7057,36.36706,3,1.079147,0.996181,0.001762632,11.88414,1.998084,5.94777,13l,M103018_071_3
072,M103018,-21.5625,-12.33299,18.00395,36.3035,3,1.424627,0.9900118,0.02643948,7.97553,2.872769,2.776252,13l,M103018_072_3
072,M103018,-21.5625,-12.33299,18.00395,36.3035,4,0.2113628,0.9967685,0.003231492,7.413289,1.489242,4.977895,13l,M103018_072_4
072,M103018,-21.5625,-12.33299,18.00395,36.3035,5,15.2599,0.9988249,0.01116334,8.867071,1.161224,7.635968,13l,M103018_072_5
077,M103018,-16.625,-21.63872,15.7186,35.1,1,4.929094,0.9738543,0.02232667,6.473009,1.171785,5.52406,AI,M103018_077_1
077,M103018,-16.625,-21.63872,15.7186,35.1,2,0.1262689,0.9941245,0.002350176,12.47694,1.793869,6.955324,AI,M103018_077_2
077,M103018,-16.625,-21.63872,15.7186,35.1,3,0.07316394,0.8753434,0.0006868132,10.49843,1.703959,6.161198,AI,M103018_077_3
077,M103018,-16.625,-21.63872,15.7186,35.1,8,0.09317171,0.9876616,0.0005875441,19.96315,1.681062,11.87532,AI,M103018_077_8
077,M103018,-16.625,-21.63872,15.7186,35.1,9,0.3392435,0.9876616,0,18.56789,1.964435,9.452027,AI,M103018_077_9
078,M103018,-19.125,-20.4748,14.82242,35.11,3,2.595103,0.9853114,0.06786134,7.145298,1.483839,4.815413,AI,M103018_078_3
079,M103018,-19.75,-18.73677,15.78707,35.2275,2,0.354388,0.9900118,0.005581669,4.581874,1.162609,3.94103,AI,M103018_079_2
079,M103018,-19.75,-18.73677,15.78707,35.2275,4,5.644767,0.9994125,0.00293772,12.70201,1.396775,9.093811,AI,M103018_079_4
080,M103018,-21.0625,-17.24516,15.57516,35.25,2,8.621766,0.9638661,0.009400705,7.988477,1.24427,6.42021,AI,M103018_080_2
080,M103018,-21.0625,-17.24516,15.57516,35.25,5,1.884158,0.996904,0.00293772,7.260739,1.10627,6.563259,AI,M103018_080_5
080,M103018,-21.0625,-17.24516,15.57516,35.25,6,0.5404276,0.9885429,0.02085781,13.05854,2.054108,6.357283,AI,M103018_080_6
083,M103018,-24.9375,-12.19179,14.94679,35.025,2,1.044326,0.9932432,0.05376028,6.699419,1.285949,5.209709,13l,M103018_083_2
099,M103018,-21.0625,-6.40114,20.51142,31.9945,3,0.5652608,0.9538778,0.004406581,7.721231,2.037786,3.789029,cd,M103018_099_3
099,M103018,-21.0625,-6.40114,20.51142,31.9945,6,1.494183,0.9538778,0.008519389,11.81926,1.691973,6.985487,cd,M103018_099_6
099,M103018,-21.0625,-6.40114,20.51142,31.9945,7,1.724877,1,0.004112808,11.30208,1.194246,9.463782,cd,M103018_099_7
100,M103018,-22,-5.35136,19.71504,31.987,3,5.456853,0.9785547,0.01380729,5.632671,1.967283,2.863173,cd,M103018_100_3
113,M103018,-21.875,-4.5848,20.0389,30.742,3,2.908823,0.9829612,0.07109283,7.797735,2.215922,3.518957,cd,M103018_113_3
116,M103018,-30.8125,-14.4468,7.24572,24.777,2,1.300808,0.9914806,0.01674501,13.98582,2.142427,6.528023,AMG,M103018_116_2
116,M103018,-30.8125,-14.4468,7.24572,24.777,4,0.8030452,0.9914806,0.001762632,20.06721,1.896669,10.58024,AMG,M103018_116_4
123,M103018,-23.25,-6.51506,18.57528,29.367,3,0.2234486,0.9915764,0.001175088,10.52009,1.554436,6.767783,cd,M103018_123_3
123,M103018,-23.25,-6.51506,18.57528,29.367,4,0.03565891,0.9915764,0.001203369,19.52485,2.959846,6.596577,cd,M103018_123_4
124,M103018,-24.59375,-5.73723,17.52482,29.4555,3,0.912083,0.9905176,0.1207403,9.626901,1.85423,5.191859,cd,M103018_124_3
125,M103018,-20.125,-4.5475,21.9954,29.4905,3,6.560985,0.9923619,0.2335488,7.820448,1.069462,7.312506,cd,M103018_125_3
130,M103018,-34.78125,-11.25,5.45167,22.8335,2,0.5260833,0.9867803,0.009694478,5.403238,1.931338,2.797666,AMG,M103018_130_2
133,M103018,-20.25,-7.7998,21.4185,28.2265,3,2.188733,0.9891304,0.03407755,6.959193,2.031653,3.425384,cd,M103018_133_3
140,M103018,-32.25,-12.61851,7.51777,22.003,1,12.84223,0.9459459,0.0819624,6.03771,2.027248,2.978279,AMG,M103018_140_1
140,M103018,-32.25,-12.61851,7.51777,22.003,4,3.897655,0.9336075,0.04553467,5.105201,1.119816,4.558966,AMG,M103018_140_4
157,M103018,-20.4375,-4.9929,22.11485,25.3025,3,2.878163,0.997555,0.004403993,13.35019,1.587199,8.411165,cd,M103018_157_3
003,M110118,-6.6875,-14.58305,25.8466,45.8725,2,2.626188,0.9547591,0.0273208,4.174724,1.339996,3.115474,12r,M110118_003_2
004,M110118,-9.28125,-13.4802,24.2118,45.7975,2,21.62365,0.9253819,0.2094595,5.523655,1.360171,4.061002,11ml,M110118_004_2
005,M110118,-10.21875,-11.98981,24.3412,45.7375,2,10.02518,0.9720917,0.03084606,5.102571,1.15457,4.419457,11ml,M110118_005_2
005,M110118,-10.21875,-11.98981,24.3412,45.7375,3,2.448078,0.9668038,0.001175088,7.975691,1.473046,5.414421,11ml,M110118_005_3
006,M110118,-11.15625,-10.7116,24.1548,45.76,2,23.67446,0.9268507,0.05963572,4.75473,1.466838,3.241482,11ml,M110118_006_2
008,M110118,-13,-9.14222,23.34162,45.73,3,1.630832,1,0.004406581,12.70644,1.4001,9.075384,11ml,M110118_008_3
011,M110118,-9.34375,-15.98673,24.07827,44.305,3,0.7394055,0.9941245,0.006756757,11.76646,1.706815,6.893812,12r,M110118_011_3
011,M110118,-9.34375,-15.98673,24.07827,44.305,4,0.2204495,0.9941245,0,8.2453,1.854561,4.445958,12r,M110118_011_4
012,M110118,-9.3125,-14.94124,24.89884,44.415,3,1.569874,0.9815645,0.07226792,11.06383,1.361345,8.127133,12r,M110118_012_3
016,M110118,-12.84375,-8.9856,24.4874,44.438,1,15.26586,0.9994125,0.0220329,9.20775,1.309865,7.029541,11ml,M110118_016_1
018,M110118,-9.375,-17.87892,23.68759,42.9635,2,1.705847,0.9905993,0.008225617,11.70628,2.022343,5.788474,12m,M110118_018_2
025,M110118,-12.5,-8.8782,25.78924,43.245,3,3.327587,0.9867803,0.01292597,10.09744,1.722633,5.861634,46v,M110118_025_3
028,M110118,-12.875,-16.9156,22.11104,41.655,3,3.710924,0.9603408,0.09929495,6.342477,2.145738,2.955849,12o,M110118_028_3
036,M110118,-11.875,-18.83768,21.77672,40.398,3,3.297539,0.9970623,0.00293772,13.96683,1.607184,8.690252,12o,M110118_036_3
043,M110118,-16.9375,-8.9998,22.4222,40.53,2,3.813493,0.9717979,0.08078731,6.053456,1.848371,3.275023,13m,M110118_043_2
045,M110118,-15.5625,-21.1079,16.32856,38.915,3,8.05022,0.9571093,0.0913631,6.742198,1.757092,3.837135,12o,M110118_045_3
054,M110118,-22.5,-8.22366,17.75996,39.145,3,15.4229,0.9653349,0.01880141,5.070129,1.16449,4.353949,13m,M110118_054_3
054,M110118,-22.5,-8.22366,17.75996,39.145,4,1.69762,0.9976498,0.0008813161,11.46175,1.543027,7.428092,13m,M110118_054_4
060,M110118,-21.0625,-13.45676,17.29552,37.856,3,0.8508244,0.9850176,0.003231492,9.847382,1.380958,7.130834,13l,M110118_060_3
060,M110118,-21.0625,-13.45676,17.29552,37.856,4,0.4092174,0.9850176,0.0005875441,14.01391,1.766152,7.93471,13l,M110118_060_4
064,M110118,-22.84375,-8.46365,17.78805,37.6065,3,5.607186,0.9521152,0.1756757,6.628368,1.519627,4.361838,13m,M110118_064_3
065,M110118,-22.40625,-7.3076,18.49396,37.754,3,1.501245,0.9861927,0.01175088,9.54401,2.296254,4.156338,13m,M110118_065_3
077,M110118,-16.625,-21.63872,15.7186,35.1,2,3.352881,0.9512339,0.02408931,5.387234,1.031842,5.220988,AI,M110118_077_2
077,M110118,-16.625,-21.63872,15.7186,35.1,4,2.085575,0.9770858,0.03642773,8.369717,1.491024,5.6134,AI,M110118_077_4
077,M110118,-16.625,-21.63872,15.7186,35.1,5,0.3230825,0.9820799,0.01028202,12.65281,1.533394,8.251509,AI,M110118_077_5
079,M110118,-19.875,-18.74578,15.53098,35.225,2,10.754,0.9738543,0.05229142,5.071373,1.254679,4.041969,AI,M110118_079_2
079,M110118,-19.875,-18.74578,15.53098,35.225,3,3.310438,0.940658,0.03495887,7.397808,1.069409,6.917662,AI,M110118_079_3
079,M110118,-19.875,-18.74578,15.53098,35.225,5,5.866446,0.960047,0.01556992,7.652041,1.408124,5.434211,AI,M110118_079_5
079,M110118,-19.875,-18.74578,15.53098,35.225,7,0.2190285,0.9973561,0.001175088,5.135365,1.134923,4.524856,AI,M110118_079_7
080,M110118,-21.0625,-17.24516,15.57516,35.25,2,1.032606,0.9850176,0.01439483,9.662647,1.50267,6.43032,AI,M110118_080_2
083,M110118,-25.1875,-12.2008,14.6328,35.03,2,2.206867,0.8927732,0.04289072,8.325924,1.579401,5.271571,13l,M110118_083_2
093,M110118,-25.84375,-16.30764,12.09896,33.7055,3,0.2208011,0.9888366,0.02056404,8.723955,1.938822,4.499616,AI,M110118_093_3
099,M110118,-21.0625,-6.40114,20.51142,31.9945,2,1.835898,0.9797297,0.02438308,7.381713,2.123468,3.476253,cd,M110118_099_2
109,M110118,-23.0625,-11.03749,17.57765,32.5155,3,5.75115,0.9856052,0.07168037,8.445127,1.616308,5.224948,pu,M110118_109_3
110,M110118,-27.71875,-7.46718,13.63005,30.58,4,1.064017,0.9130435,0.1374853,7.415924,1.679412,4.415787,pu,M110118_110_4
116,M110118,-31.0625,-14.42735,6.84694,24.717,3,1.97659,1,0.0005875441,21.56703,2.375806,9.077777,AMG,M110118_116_3
128,M110118,-33.65625,-13.45663,5.12943000000001,23.0635,3,0.6497398,0.9917744,0.03349001,8.477509,1.810004,4.683696,AMG,M110118_128_3
134,M110118,-20.875,-7.08585,21.18856,28.1425,3,0.8419425,0.9985312,0.002056404,11.37805,2.071515,5.49262,cd,M110118_134_3
135,M110118,-21.3125,-6.19967,20.86003,27.9295,3,1.971647,0.980611,0.01586369,8.424227,2.045056,4.119314,cd,M110118_135_3
149,M110118,-29.75,-14.07744,9.87408,21.215,1,19.31582,1,0.008813161,10.17834,1.29457,7.862334,pu,M110118_149_1
149,M110118,-29.75,-14.07744,9.87408,21.215,4,0.09264126,0.9991187,0.003525264,14.342,2.029371,7.067212,pu,M110118_149_4
149,M110118,-29.75,-14.07744,9.87408,21.215,5,0.8700202,0.9923619,0.009400705,8.888021,1.744568,5.094683,pu,M110118_149_5
157,M110118,-20.4375,-4.9929,22.11485,25.3025,3,2.567097,1,0.0005875441,18.43142,2.168591,8.499261,cd,M110118_157_3
003,M110618,-6.8125,-14.57816,25.72512,45.865,3,0.09890111,0.987074,0.008225617,13.53926,2.374252,5.702536,12r,M110618_003_3
005,M110618,-10.21875,-11.98981,24.3412,45.7375,3,2.093157,0.9171563,0.0005875441,5.519621,1.057728,5.218373,11ml,M110618_005_3
005,M110618,-10.21875,-11.98981,24.3412,45.7375,6,12.18176,0.9967685,0.009400705,7.371441,1.560246,4.724536,11ml,M110618_005_6
006,M110618,-11.21875,-10.7116,24.1548,45.76,3,1.038312,0.9941245,0.01028202,12.22369,1.481841,8.248984,11ml,M110618_006_3
011,M110618,-9.46875,-15.98774,23.95026,44.295,3,1.42249,0.983255,0.004700352,13.32473,1.943663,6.855472,12r,M110618_011_3
011,M110618,-9.46875,-15.98774,23.95026,44.295,4,8.750719,0.9482961,0.1180964,6.198543,1.603872,3.864737,12r,M110618_011_4
011,M110618,-9.46875,-15.98774,23.95026,44.295,5,0.3278033,0.8202115,0.01292597,10.3664,1.525236,6.796588,12r,M110618_011_5
012,M110618,-9.4375,-14.94426,24.74916,44.405,3,8.091936,0.9715041,0.03848414,9.320731,1.627917,5.725558,12r,M110618_012_3
016,M110618,-12.84375,-8.9856,24.4874,44.438,1,17.2155,0.9500588,0.08519389,6.702951,1.387339,4.831517,11ml,M110618_016_1
018,M110618,-9.375,-17.87892,23.68759,42.9635,3,2.371054,0.9944183,0.01821387,9.936664,1.942674,5.114941,12m,M110618_018_3
025,M110618,-12.5,-8.8782,25.78924,43.245,3,0.6540529,0.9944183,0.0008813161,12.64509,1.600221,7.90209,46v,M110618_025_3
026,M110618,-9.4375,-19.319,22.80669,41.6325,3,0.5302963,1,0,22.50867,2.744153,8.202412,12l,M110618_026_3
036,M110618,-11.875,-18.83768,21.77672,40.398,3,3.966097,0.9988249,0.0146886,10.77943,1.449604,7.436119,12o,M110618_036_3
044,M110618,-21.65625,-8.02308,17.92188,40.49,3,3.631627,0.9776734,0.01586369,8.070687,1.639344,4.923121,13m,M110618_044_3
045,M110618,-15.5625,-21.1079,16.32856,38.915,1,6.393273,0.993537,0.02820211,13.0361,1.261549,10.33341,12o,M110618_045_1
051,M110618,-20.3125,-11.77624,18.39464,39.285,3,2.970525,0.9985312,0.006462985,9.869473,1.997362,4.941254,13m,M110618_051_3
064,M110618,-22.96875,-8.46365,17.78805,37.6065,3,3.536792,1,0.06551117,12.57397,1.299282,9.677627,13m,M110618_064_3
065,M110618,-22.40625,-7.3076,18.49396,37.754,1,1.038732,0.9985312,0.01028202,12.61247,1.547169,8.151966,13m,M110618_065_1
072,M110618,-22.1875,-12.35841,17.38105,36.3085,4,6.631031,0.9970623,0.01410106,9.670039,1.637699,5.904648,13l,M110618_072_4
077,M110618,-16.875,-21.6472,15.458,35.095,2,1.650727,0.9621034,0.01674501,8.936515,2.204737,4.053325,AI,M110618_077_2
077,M110618,-16.875,-21.6472,15.458,35.095,5,0.595502,0.9621034,0.005581669,12.77249,1.555154,8.213005,AI,M110618_077_5
079,M110618,-19.875,-18.74578,15.53098,35.225,2,6.272382,0.9958872,0.01116334,5.586264,1.108451,5.039702,AI,M110618_079_2
079,M110618,-19.875,-18.74578,15.53098,35.225,7,4.357772,0.9532902,0.03554641,7.314445,1.14044,6.413704,AI,M110618_079_7
080,M110618,-21.0625,-17.24516,15.57516,35.25,2,3.496495,0.979436,0.02790834,7.474974,1.66015,4.50259,AI,M110618_080_2
085,M110618,-24.375,-9.22278,16.49124,35.02,3,0.3609274,0.9797297,0.004700352,10.22141,2.239034,4.565099,13m,M110618_085_3
085,M110618,-24.375,-9.22278,16.49124,35.02,4,0.1484828,0.9797297,0.0008813161,8.737517,1.627165,5.369779,13m,M110618_085_4
099,M110618,-21.4375,-6.41056,20.19768,31.987,3,0.6540819,0.9955934,0.02585194,10.27685,2.971732,3.458201,cd,M110618_099_3
113,M110618,-22.375,-4.60404,19.72617,30.7395,4,5.19411,0.9300823,0.05141011,5.349589,1.599682,3.344157,cd,M110618_113_4
138,M110618,-33.71875,-14.76416,4.51148000000001,21.978,2,21.30371,0.9626909,0.02908343,6.636227,1.137774,5.832639,AMG,M110618_138_2
144,M110618,-19.875,-7.69422,21.92791,26.62805,3,6.558899,0.9568155,0.1257344,7.871374,1.271062,6.192756,cd,M110618_144_3
144,M110618,-19.875,-7.69422,21.92791,26.62805,4,3.720952,0.9568155,0.0660987,8.674963,1.271587,6.822153,cd,M110618_144_4
157,M110618,-20.4375,-4.9929,22.11485,25.3025,3,5.516417,0.9920682,0.1624559,9.844884,2.140288,4.599794,cd,M110618_157_3
003,M110718,-6.8125,-14.57816,25.72512,45.865,2,0.2807471,0.9947121,0.01057579,13.41574,1.8646,7.194967,12r,M110718_003_2
004,M110718,-9.40625,-13.47628,24.06892,45.79,3,1.213425,0.9826674,0.002643948,14.88878,1.703022,8.742567,11ml,M110718_004_3
004,M110718,-9.40625,-13.47628,24.06892,45.79,4,1.757756,0.9826674,0.0440658,11.17487,1.884579,5.929639,11ml,M110718_004_4
005,M110718,-10.21875,-11.98981,24.3412,45.7375,2,1.680349,0.9835488,0.01057579,11.38343,1.383809,8.226155,11ml,M110718_005_2
005,M110718,-10.21875,-11.98981,24.3412,45.7375,4,12.05688,0.9844301,0.01615746,6.0707,1.331026,4.560917,11ml,M110718_005_4
005,M110718,-10.21875,-11.98981,24.3412,45.7375,5,1.809542,0.9764982,0.006462985,8.535511,1.342933,6.355872,11ml,M110718_005_5
005,M110718,-10.21875,-11.98981,24.3412,45.7375,6,0.3153413,0.989718,0.02438308,10.76341,1.755707,6.130528,11ml,M110718_005_6
014,M110718,-13.71875,-11.05172,22.71031,44.3675,3,2.09868,0.9941245,0.05522914,7.597573,1.425997,5.327903,11ml,M110718_014_3
018,M110718,-9.375,-17.87892,23.68759,42.9635,3,2.174085,0.9891304,0.006462985,9.592443,1.741674,5.507601,12m,M110718_018_3
025,M110718,-12.75,-8.89085,25.60492,43.2425,2,4.897553,0.9888366,0.01204465,7.475843,1.695962,4.408026,46v,M110718_025_2
025,M110718,-12.75,-8.89085,25.60492,43.2425,4,1.255552,0.9861927,0.002056404,14.14631,1.816657,7.787004,46v,M110718_025_4
025,M110718,-12.75,-8.89085,25.60492,43.2425,5,0.209239,0.9861927,0.004406581,20.53863,1.96367,10.45931,46v,M110718_025_5
026,M110718,-9.4375,-19.319,22.80669,41.6325,3,0.3353124,1,0,16.72281,2.192403,7.627618,12l,M110718_026_3
033,M110718,-12.96875,-10.12686,25.42464,41.833,3,0.8957264,0.9923619,0.00146886,11.91468,1.566834,7.604299,46v,M110718_033_3
036,M110718,-11.875,-18.83768,21.77672,40.398,3,5.489164,0.9988249,0.002350176,11.69466,1.426011,8.200959,12o,M110718_036_3
037,M110718,-14.28125,-17.56071,20.92098,40.3905,3,1.124433,0.9817861,0.119859,6.629117,1.80467,3.673313,12o,M110718_037_3
044,M110718,-21.65625,-8.02308,17.92188,40.49,3,3.234996,0.987074,0.01615746,8.649364,1.302197,6.642131,13m,M110718_044_3
045,M110718,-15.5625,-21.1079,16.32856,38.915,3,7.04111,0.9867803,0.04054054,11.07158,1.276371,8.674264,12o,M110718_045_3
048,M110718,-15.90625,-16.27606,20.50841,39.0575,2,7.829679,0.9970623,0.01762632,10.24565,1.36986,7.479339,13l,M110718_048_2
051,M110718,-20.3125,-11.77624,18.39464,39.285,3,3.249543,0.9967685,0.006169213,10.00373,2.47706,4.038547,13m,M110718_051_3
055,M110718,-17.03125,-21.23528,15.06272,37.799,3,4.15144,0.9621034,0.03231492,6.403194,2.072714,3.089279,12o,M110718_055_3
064,M110718,-22.96875,-8.46365,17.78805,37.6065,1,3.338994,0.9952996,0.02585194,8.51198,1.53037,5.562041,13m,M110718_064_1
065,M110718,-22.40625,-7.3076,18.49396,37.754,3,0.8355386,0.9955934,0.01204465,10.98184,1.902596,5.772031,13m,M110718_065_3
066,M110718,-15.59375,-21.35464,16.34116,36.423,3,7.691377,0.9835488,0.02643948,7.581116,1.64711,4.602678,45,M110718_066_3
072,M110718,-22.1875,-12.35841,17.38105,36.3085,3,1.614577,0.9911869,0.01909518,7.560262,1.867146,4.049101,13l,M110718_072_3
077,M110718,-16.875,-21.6472,15.458,35.095,2,0.1966627,0.9894242,0.004700352,11.63159,1.856243,6.266204,AI,M110718_077_2
092,M110718,-18.875,-17.696,18.123,33.848,2,13.64618,0.9621034,0.06874266,5.27988,1.199116,4.403143,AI,M110718_092_2
097,M110718,-22.75,-9.5986,18.09472,33.656,3,15.91394,0.9764982,0.06492362,6.908841,1.187952,5.81576,pu,M110718_097_3
100,M110718,-22.625,-5.3834,19.0706,31.972,2,14.01985,0.9609283,0.07843713,6.339214,1.655501,3.829181,cd,M110718_100_2
113,M110718,-22.375,-4.60404,19.72617,30.7395,3,8.60335,0.9626909,0.08019976,5.908992,1.892118,3.122952,cd,M110718_113_3
116,M110718,-31.3125,-14.4079,6.44816,24.657,4,0.3593076,0.9418331,0.002056404,11.13604,2.658686,4.188549,AMG,M110718_116_4
116,M110718,-31.3125,-14.4079,6.44816,24.657,5,2.356979,0.9776734,0.004406581,6.918797,1.516863,4.561253,AMG,M110718_116_5
133,M110718,-21.25,-7.81696,20.4858,28.219,2,1.532423,0.9944183,0.01645123,7.175895,2.772778,2.587981,cd,M110718_133_2
140,M110718,-33.25,-12.59789,6.70703,21.893,3,0.5457585,1,0,24.54954,2.670433,9.193092,AMG,M110718_140_3
144,M110718,-19.875,-7.69422,21.92791,26.62805,1,10.51942,0.9412456,0.09077556,5.414212,1.127802,4.800674,cd,M110718_144_1
144,M110718,-19.875,-7.69422,21.92791,26.62805,4,3.759933,0.9914806,0.01645123,10.39831,1.373746,7.569312,cd,M110718_144_4
149,M110718,-30.125,-14.06346,9.46622,21.165,2,0.4628902,0.989718,0.002643948,6.82263,1.25836,5.421844,pu,M110718_149_2
149,M110718,-30.125,-14.06346,9.46622,21.165,4,1.91766,0.9929495,0.004112808,10.03274,1.922149,5.219545,pu,M110718_149_4
149,M110718,-30.125,-14.06346,9.46622,21.165,5,0.3408269,0.9988249,0.00146886,20.1098,2.038011,9.867364,pu,M110718_149_5
157,M110718,-20.4375,-4.9929,22.11485,25.3025,3,3.646636,0.8695652,0.1333725,7.578638,1.26035,6.01312,cd,M110718_157_3
157,M110718,-20.4375,-4.9929,22.11485,25.3025,4,3.875098,0.8695652,0.09077556,10.12053,1.351288,7.489543,cd,M110718_157_4
004,M110918,-9.40625,-13.47628,24.06892,45.79,3,4.185641,0.9917744,0.0893067,9.529193,1.734714,5.493236,11ml,M110918_004_3
004,M110918,-9.40625,-13.47628,24.06892,45.79,4,1.382758,0.9917744,0.00293772,13.64258,1.815443,7.514735,11ml,M110918_004_4
005,M110918,-10.34375,-11.98578,24.2016,45.73,2,1.976712,0.9811986,0.009694478,4.279333,1.349466,3.17113,11ml,M110918_005_2
011,M110918,-9.53125,-15.98774,23.95026,44.295,3,0.1412716,0.9967685,0.004112808,17.09169,1.623096,10.5303,12r,M110918_011_3
011,M110918,-9.53125,-15.98774,23.95026,44.295,5,0.3247299,0.9883249,0.001175088,15.90782,1.928847,8.24732,12r,M110918_011_5
011,M110918,-9.53125,-15.98774,23.95026,44.295,6,0.09893984,1,0.0006321113,38.63565,3.060807,12.6227,12r,M110918_011_6
012,M110918,-9.4375,-14.94426,24.74916,44.405,2,6.252313,0.9233255,0.04435958,8.166721,1.758203,4.644927,12r,M110918_012_2
012,M110918,-9.4375,-14.94426,24.74916,44.405,5,1.942904,0.989718,0.04670975,8.09779,2.636283,3.071669,12r,M110918_012_5
016,M110918,-13.15625,-8.99492,24.06018,44.423,2,2.891249,0.9744418,0.1051704,6.80416,1.581722,4.301742,11ml,M110918_016_2
016,M110918,-13.15625,-8.99492,24.06018,44.423,3,13.02262,0.9976498,0.007050529,10.28846,1.30158,7.904595,11ml,M110918_016_3
025,M110918,-12.75,-8.89085,25.60492,43.2425,3,2.657627,0.9905993,0.001175088,17.26818,1.81979,9.489102,46v,M110918_025_3
025,M110918,-12.75,-8.89085,25.60492,43.2425,4,1.678567,0.9817861,0.02643948,7.496399,1.869411,4.010032,46v,M110918_025_4
025,M110918,-12.75,-8.89085,25.60492,43.2425,5,0.3868104,0.9905993,0.007344301,13.63665,1.637833,8.326031,46v,M110918_025_5
026,M110918,-9.5,-19.319,22.80669,41.6325,3,2.074645,0.9900118,0.02878966,7.108769,1.831773,3.880814,12l,M110918_026_3
033,M110918,-12.96875,-10.12686,25.42464,41.833,3,4.048778,0.9527027,0.03143361,7.855313,1.780291,4.412375,46v,M110918_033_3
033,M110918,-12.96875,-10.12686,25.42464,41.833,4,2.477616,0.9527027,0.009988249,12.32019,1.851205,6.655226,46v,M110918_033_4
036,M110918,-11.875,-18.83768,21.77672,40.398,3,5.173434,1,0.002350176,12.54528,1.408026,8.909836,12o,M110918_036_3
044,M110918,-21.75,-8.02308,17.92188,40.49,3,0.7728466,0.9336075,0.01321974,9.314781,2.092946,4.450559,13m,M110918_044_3
044,M110918,-21.75,-8.02308,17.92188,40.49,4,0.6246414,0.9336075,0.00146886,12.46823,1.52636,8.168604,13m,M110918_044_4
045,M110918,-15.5625,-21.1079,16.32856,38.915,3,9.168756,0.9938308,0.03672151,9.393921,1.324111,7.094511,12o,M110918_045_3
051,M110918,-20.3125,-11.77624,18.39464,39.285,3,2.975542,0.9885429,0.00146886,7.817194,2.685796,2.910569,13m,M110918_051_3
060,M110918,-21.0625,-13.45676,17.29552,37.856,3,3.822927,0.9823737,0.09400705,6.913142,1.662516,4.15824,13l,M110918_060_3
060,M110918,-21.0625,-13.45676,17.29552,37.856,4,0.5153604,0.9988249,0,18.68439,1.677654,11.13721,13l,M110918_060_4
064,M110918,-23.03125,-8.46365,17.78805,37.6065,3,7.467626,0.9574031,0.06462985,6.368712,1.92101,3.315294,13m,M110918_064_3
066,M110918,-16.09375,-21.3716,15.8814,36.413,3,2.597745,0.9653349,0.03613396,7.510639,2.023415,3.711862,45,M110918_066_3
066,M110918,-16.09375,-21.3716,15.8814,36.413,4,2.105051,0.9653349,0.009988249,10.71265,1.329013,8.060606,45,M110918_066_4
072,M110918,-22.1875,-12.35841,17.38105,36.3085,3,2.320068,0.9873678,0.039953,7.180216,2.180336,3.293169,13l,M110918_072_3
080,M110918,-21.4375,-17.25803,15.26503,35.2475,3,3.177819,0.9903055,0.0440658,7.958335,1.619844,4.913025,AI,M110918_080_3
080,M110918,-21.4375,-17.25803,15.26503,35.2475,4,0.05840901,0.9995283,0.0009433962,17.48917,1.823809,9.589363,AI,M110918_080_4
092,M110918,-18.875,-17.696,18.123,33.848,3,3.18168,0.9679788,0.01586369,4.712636,1.378553,3.418539,AI,M110918_092_3
099,M110918,-21.6875,-6.41998,19.88394,31.9795,3,6.110015,0.993537,0.0146886,7.739286,1.609098,4.809706,pu,M110918_099_3
113,M110918,-22.375,-4.60404,19.72617,30.7395,2,3.060055,0.9400705,0.003231492,8.20214,1.672977,4.902721,cd,M110918_113_2
123,M110918,-24.75,-6.55616,16.98708,29.342,3,15.27786,0.9982374,0.004112808,6.87772,1.149971,5.98078,pu,M110918_123_3
124,M110918,-26.09375,-5.80408,15.97772,29.443,1,0.7449533,0.9853114,0.01057579,4.287623,1.682334,2.548616,pu,M110918_124_1
133,M110918,-21.5,-7.82268,20.1749,28.2165,4,8.443287,0.9588719,0.0199765,6.012273,1.122997,5.353776,cd,M110918_133_4
136,M110918,-24.4375,-5.5713,18.06042,27.9545,3,1.427955,0.9979436,0.00293772,13.11488,2.172971,6.035459,cd,M110918_136_3
140,M110918,-33.25,-12.59789,6.70703,21.893,3,0.4011184,0.9905993,0.01175088,7.199726,2.073414,3.472402,AMG,M110918_140_3
140,M110918,-33.25,-12.59789,6.70703,21.893,5,0.2006411,0.9947399,0,23.99389,1.911176,12.55452,AMG,M110918_140_5
144,M110918,-19.875,-7.69422,21.92791,26.62805,2,3.95821,0.9685664,0.02320799,8.107262,1.403265,5.777427,cd,M110918_144_2
149,M110918,-30.125,-14.06346,9.46622,21.165,2,2.020779,0.9811986,0.02790834,7.036226,2.382657,2.9531,pu,M110918_149_2
149,M110918,-30.125,-14.06346,9.46622,21.165,4,0.2926535,0.9947121,0.0005875441,6.419575,1.264341,5.077409,pu,M110918_149_4
152,M110918,-33.1875,-10.56837,8.43331999999999,20.5625,1,1.998126,0.9415393,0.04289072,3.416289,1.292312,2.643547,AMG,M110918_152_1
004,M111218,-9.40625,-13.47628,24.06892,45.79,3,1.168137,0.9245006,0.001175088,14.29693,1.878889,7.609243,11ml,M111218_004_3
005,M111218,-10.34375,-11.98578,24.2016,45.73,1,0.9835917,0.9929495,0.04318449,9.711013,1.877538,5.172206,11ml,M111218_005_1
008,M111218,-13.5,-9.15581,22.81851,45.7075,2,3.134859,0.9809048,0.002643948,8.556666,1.874244,4.565396,11ml,M111218_008_2
012,M111218,-9.4375,-14.94426,24.74916,44.405,2,7.009412,0.9709166,0.0766745,6.700801,1.485255,4.51155,12r,M111218_012_2
012,M111218,-9.4375,-14.94426,24.74916,44.405,4,3.103563,0.9826674,0.05611046,9.961092,2.055058,4.84711,12r,M111218_012_4
016,M111218,-13.15625,-8.99492,24.06018,44.423,3,0.6858885,0.9950058,0.004112808,11.86566,1.686105,7.037322,11ml,M111218_016_3
016,M111218,-13.15625,-8.99492,24.06018,44.423,4,10.66337,0.9938308,0.01116334,9.344834,1.274517,7.332059,11ml,M111218_016_4
018,M111218,-9.5,-17.88016,23.57432,42.956,3,0.6459354,0.9958872,0.01850764,12.69171,1.892255,6.707187,12m,M111218_018_3
026,M111218,-9.5625,-19.319,22.80669,41.6325,3,3.616781,0.9923619,0.04759107,8.340345,1.79715,4.640872,12l,M111218_026_3
033,M111218,-12.96875,-10.12686,25.42464,41.833,1,4.4933,0.9715041,0.0293772,9.249627,1.560049,5.929062,46v,M111218_033_1
033,M111218,-12.96875,-10.12686,25.42464,41.833,4,1.244931,0.9715041,0.008813161,13.5673,1.928701,7.034422,46v,M111218_033_4
036,M111218,-11.875,-18.83768,21.77672,40.398,3,4.724727,1,0.002643948,11.00595,1.360902,8.087245,12o,M111218_036_3
042,M111218,-15.71875,-10.18144,23.22636,40.63,1,3.123751,0.9914806,0.04465335,7.997469,1.890956,4.229326,13l,M111218_042_1
044,M111218,-21.75,-8.02308,17.92188,40.49,2,4.259573,0.9847239,0.01821387,9.050284,1.83661,4.927711,13m,M111218_044_2
045,M111218,-15.5625,-21.1079,16.32856,38.915,3,1.339415,0.9857874,0.01615746,9.295225,1.78494,5.207582,12o,M111218_045_3
051,M111218,-20.3125,-11.77624,18.39464,39.285,1,3.141561,0.9979436,0.004994125,9.871659,2.502548,3.944644,13m,M111218_051_1
060,M111218,-21.0625,-13.45676,17.29552,37.856,2,16.0294,0.9268507,0.07168037,5.590739,1.525138,3.665728,13l,M111218_060_2
064,M111218,-23.03125,-8.46365,17.78805,37.6065,3,4.031674,0.983255,0.02056404,7.793023,1.52788,5.100545,13m,M111218_064_3
066,M111218,-16.09375,-21.3716,15.8814,36.413,2,7.461064,0.9694477,0.08490012,7.300804,2.122404,3.439875,45,M111218_066_2
066,M111218,-16.09375,-21.3716,15.8814,36.413,4,10.65471,0.9444771,0.03701528,5.15985,1.381388,3.735263,45,M111218_066_4
077,M111218,-17.125,-21.65568,15.1974,35.09,2,0.442088,0.9853114,0.00293772,17.93612,1.703879,10.52664,AI,M111218_077_2
077,M111218,-17.125,-21.65568,15.1974,35.09,3,0.7049053,0.9838426,0.006169213,15.35706,1.73666,8.84287,AI,M111218_077_3
092,M111218,-18.875,-17.696,18.123,33.848,3,0.5242787,0.9952996,0.003819037,6.707465,1.311662,5.113716,AI,M111218_092_3
096,M111218,-26.59375,-11.2965,13.79096,33.731,3,1.518776,0.9803173,0.04876616,6.60747,1.839545,3.591904,AI,M111218_096_3
099,M111218,-21.6875,-6.41998,19.88394,31.9795,1,0.3504228,0.9964747,0.03113984,12.23455,3.323048,3.681725,pu,M111218_099_1
113,M111218,-22.375,-4.60404,19.72617,30.7395,1,8.131247,0.979436,0.04670975,5.497106,1.817107,3.025197,cd,M111218_113_1
116,M111218,-31.4375,-14.4079,6.44816,24.657,3,2.495086,0.9967685,0.02614571,10.47874,1.883229,5.56424,AMG,M111218_116_3
124,M111218,-26.09375,-5.80408,15.97772,29.443,3,4.368073,0.9791422,0.02350176,5.542865,1.964133,2.822042,pu,M111218_124_3
130,M111218,-35.84375,-11.238,4.65849,22.7185,2,2.164269,0.9914806,0.02702703,7.100143,1.649419,4.304632,AMG,M111218_130_2
133,M111218,-21.5,-7.82268,20.1749,28.2165,2,0.4859846,0.9914806,0.01674501,9.197854,2.420334,3.800242,cd,M111218_133_2
135,M111218,-21.6875,-6.2181,20.5519,27.932,3,3.806049,0.9770858,0.01674501,6.158912,2.041755,3.016479,cd,M111218_135_3
138,M111218,-33.875,-14.7454,4.11495,21.923,3,2.020452,0.983255,0.09841363,7.430883,1.917256,3.87579,AMG,M111218_138_3
138,M111218,-33.875,-14.7454,4.11495,21.923,4,0.9677941,0.9932432,0.002643948,17.81606,2.244841,7.936443,AMG,M111218_138_4
140,M111218,-33.25,-12.59789,6.70703,21.893,2,5.687528,0.9735605,0.03407755,6.504759,2.188166,2.9727,AMG,M111218_140_2
150,M111218,-36.09375,-12.68635,4.23331,20.365,4,1.148112,0.980611,0.05082256,8.372334,1.864969,4.489262,AMG,M111218_150_4
152,M111218,-33.4375,-10.56714,8.02804,20.51,4,25.664,0.9941245,0.04318449,8.158342,0.9813781,8.313148,AMG,M111218_152_4
157,M111218,-20.4375,-4.9929,22.11485,25.3025,3,7.006903,0.9538778,0.2147474,6.469128,1.745219,3.706771,cd,M111218_157_3
003,M111318,-7.0625,-14.56838,25.48216,45.85,3,0.2685179,0.9976498,0.0005875441,14.55345,2.206808,6.594796,12r,M111318_003_3
004,M111318,-9.40625,-13.47628,24.06892,45.79,3,2.857442,0.9245006,0.0126322,9.199387,1.956976,4.700817,11ml,M111318_004_3
005,M111318,-10.34375,-11.98578,24.2016,45.73,1,2.800985,0.9700353,0.01821387,3.971434,1.249934,3.177314,11ml,M111318_005_1
005,M111318,-10.34375,-11.98578,24.2016,45.73,3,1.311839,0.9976498,0.01556992,10.89058,1.569996,6.936693,11ml,M111318_005_3
006,M111318,-11.46875,-10.70556,23.83528,45.745,3,2.323861,0.9903055,0.06227967,9.43022,1.974803,4.77527,11ml,M111318_006_3
006,M111318,-11.46875,-10.70556,23.83528,45.745,4,5.619626,0.9203878,0.0126322,5.41383,1.530778,3.536653,11ml,M111318_006_4
007,M111318,-11.1875,-10.01076,24.6658,45.8125,2,2.083411,0.9829612,0.01028202,6.407877,1.813298,3.533824,11ml,M111318_007_2
008,M111318,-13.5,-9.15581,22.81851,45.7075,3,0.352796,0.9911869,0.002350176,19.65573,1.907761,10.30303,11ml,M111318_008_3
012,M111318,-9.4375,-14.94426,24.74916,44.405,3,1.928161,0.9920682,0.03672151,9.786678,1.533638,6.381348,12r,M111318_012_3
016,M111318,-13.15625,-8.99492,24.06018,44.423,3,14.82345,0.9988249,0.01321974,10.84164,1.312457,8.260565,11ml,M111318_016_3
026,M111318,-9.5625,-19.319,22.80669,41.6325,2,4.074368,0.9944183,0.01292597,8.732154,1.730796,5.045166,12l,M111318_026_2
033,M111318,-12.96875,-10.12686,25.42464,41.833,2,5.821495,0.9964747,0.004700352,9.012282,1.567586,5.749147,46v,M111318_033_2
033,M111318,-12.96875,-10.12686,25.42464,41.833,4,5.396086,0.989718,0.01351351,8.842001,1.563571,5.655005,46v,M111318_033_4
033,M111318,-12.96875,-10.12686,25.42464,41.833,5,0.8988031,0.9903055,0.004406581,17.02096,1.653297,10.29516,46v,M111318_033_5
036,M111318,-11.875,-18.83768,21.77672,40.398,3,5.276358,0.9988249,0.01586369,10.45572,1.345399,7.771463,12o,M111318_036_3
044,M111318,-21.75,-8.02308,17.92188,40.49,2,2.496496,0.9359577,0.04083431,8.061392,1.582004,5.095685,13m,M111318_044_2
044,M111318,-21.75,-8.02308,17.92188,40.49,3,1.177057,0.9359577,0.002350176,10.3603,1.506096,6.878905,13m,M111318_044_3
045,M111318,-15.5625,-21.1079,16.32856,38.915,2,8.145943,0.9941245,0.01527615,10.71613,2.025929,5.289489,12o,M111318_045_2
050,M111318,-19.28125,-13.04747,18.89947,39.2675,2,0.08676498,0.9987113,0.001610825,15.91573,1.546784,10.28957,13l,M111318_050_2
051,M111318,-20.3125,-11.77624,18.39464,39.285,3,2.099365,0.9964747,0.005875441,8.084009,2.179257,3.709525,13m,M111318_051_3
060,M111318,-21.0625,-13.45676,17.29552,37.856,2,11.9664,0.9979436,0.007344301,9.705491,1.196726,8.110033,13l,M111318_060_2
065,M111318,-22.40625,-7.3076,18.49396,37.754,3,3.322097,0.9856052,0.01057579,5.729099,1.115767,5.134675,13m,M111318_065_3
065,M111318,-22.40625,-7.3076,18.49396,37.754,4,1.142486,0.9958872,0.009694478,12.06926,1.660277,7.269426,13m,M111318_065_4
066,M111318,-16.09375,-21.3716,15.8814,36.413,1,9.723605,0.9723854,0.04788484,5.381804,1.407246,3.824352,45,M111318_066_1
066,M111318,-16.09375,-21.3716,15.8814,36.413,3,6.353648,0.9747356,0.039953,7.036026,2.124275,3.3122,45,M111318_066_3
077,M111318,-17.125,-21.65568,15.1974,35.09,4,0.4239316,0.9559342,0.0008813161,8.569417,1.223035,7.00668,AI,M111318_077_4
077,M111318,-17.125,-21.65568,15.1974,35.09,5,1.064468,0.8534077,0.03495887,9.568047,1.45936,6.556333,AI,M111318_077_5
077,M111318,-17.125,-21.65568,15.1974,35.09,9,0.424078,0.9867803,0.006169213,16.3014,1.753801,9.294897,AI,M111318_077_9
092,M111318,-18.875,-17.696,18.123,33.848,3,1.06907,0.9988249,0.01204465,6.966331,1.267096,5.497873,AI,M111318_092_3
099,M111318,-21.6875,-6.41998,19.88394,31.9795,3,0.2716443,0.9727393,0.007050529,10.97922,1.793914,6.120259,pu,M111318_099_3
113,M111318,-22.625,-4.62328,19.41344,30.737,3,0.9104527,0.9967685,0,11.52575,1.865541,6.178231,cd,M111318_113_3
116,M111318,-31.4375,-14.4079,6.44816,24.657,1,38.02716,0.9820799,0.02555817,6.160497,0.9814578,6.276884,AMG,M111318_116_1
116,M111318,-31.4375,-14.4079,6.44816,24.657,4,0.9347695,0.9994125,0.002056404,22.64008,3.345548,6.767228,AMG,M111318_116_4
125,M111318,-21.875,-4.64,20.4432,29.478,2,0.1249208,0.9976498,0.001175088,10.19002,3.581478,2.845198,cd,M111318_125_2
130,M111318,-35.90625,-11.232,4.2619,22.661,3,2.15845,0.9908931,0.02350176,6.413858,1.459226,4.395385,AMG,M111318_130_3
134,M111318,-21.875,-7.12805,19.95128,28.1325,3,2.406872,0.9894242,0.007344301,7.202514,1.955936,3.682388,cd,M111318_134_3
135,M111318,-21.6875,-6.2181,20.5519,27.932,2,4.28385,0.9682726,0.04759107,5.280378,1.921906,2.747469,cd,M111318_135_2
135,M111318,-21.6875,-6.2181,20.5519,27.932,4,0.07735286,0.9992857,0.004642857,12.86909,2.238713,5.748431,cd,M111318_135_4
138,M111318,-33.875,-14.7454,4.11495,21.923,3,0.5024687,0.9985312,0.0126322,11.89589,1.648235,7.217351,AMG,M111318_138_3
140,M111318,-33.375,-12.58758,6.30166000000001,21.838,1,2.329398,0.9911869,0.01175088,7.745285,2.75896,2.80732,AMG,M111318_140_1
150,M111318,-36.15625,-12.68635,4.23331,20.365,2,1.194789,0.9321387,0.007344301,8.265896,1.153613,7.165224,AMG,M111318_150_2
152,M111318,-33.4375,-10.56714,8.02804,20.51,2,9.45477,0.9462397,0.04054054,3.6017,0.9192228,3.918201,AMG,M111318_152_2
152,M111318,-33.4375,-10.56714,8.02804,20.51,3,25.17646,0.9820799,0.06022327,6.666253,1.060103,6.288307,AMG,M111318_152_3
003,M111518,-7.1875,-14.56349,25.36068,45.8425,4,0.8931053,0.9538778,0,11.83905,2.266413,5.223695,12r,M111518_003_4
004,M111518,-9.46875,-13.47628,24.06892,45.79,2,1.974603,0.9732667,0.003819037,14.01094,1.826671,7.6702,11ml,M111518_004_2
005,M111518,-10.34375,-11.98578,24.2016,45.73,3,2.48598,0.9685664,0.0199765,3.816599,1.226237,3.112448,11ml,M111518_005_3
005,M111518,-10.34375,-11.98578,24.2016,45.73,4,0.8030298,0.9967685,0.04524089,11.43599,1.547281,7.391025,11ml,M111518_005_4
006,M111518,-11.46875,-10.70556,23.83528,45.745,3,1.621553,0.9911869,0.01028202,9.995282,1.601144,6.242587,11ml,M111518_006_3
006,M111518,-11.46875,-10.70556,23.83528,45.745,4,9.196449,0.9582844,0.01410106,5.997039,1.289552,4.650483,11ml,M111518_006_4
008,M111518,-13.5,-9.15581,22.81851,45.7075,3,4.204644,0.9826674,0.01762632,10.38222,1.348592,7.698563,11ml,M111518_008_3
012,M111518,-9.4375,-14.94426,24.74916,44.405,3,2.709996,0.9970623,0.09694477,10.84247,1.492558,7.264359,12r,M111518_012_3
013,M111518,-10.15625,-13.8664,24.916,44.435,3,1.69004,0.9670975,0.1900705,9.130246,1.180982,7.731066,11ml,M111518_013_3
016,M111518,-13.15625,-8.99492,24.06018,44.423,2,16.94888,0.9994125,0.004994125,12.9549,1.480397,8.750961,11ml,M111518_016_2
016,M111518,-13.15625,-8.99492,24.06018,44.423,3,0.5622402,0.9782609,0.02379553,8.335973,1.411413,5.90612,11ml,M111518_016_3
018,M111518,-9.5625,-17.88016,23.57432,42.956,2,4.21623,0.9932432,0.03495887,10.61361,2.221929,4.776757,12m,M111518_018_2
023,M111518,-12.875,-11.38307,24.61032,43.1885,2,8.797057,0.9944183,0.04582844,9.241921,1.569962,5.886716,11ml,M111518_023_2
026,M111518,-9.625,-19.319,22.67308,41.625,2,0.2945313,0.9955934,0.003819037,13.87321,1.711292,8.106859,12l,M111518_026_2
036,M111518,-11.875,-18.83768,21.77672,40.398,2,3.906312,1,0.007638073,11.62888,1.369876,8.489006,12o,M111518_036_2
044,M111518,-21.75,-8.02308,17.92188,40.49,3,0.6042749,0.9905993,0.0005875441,13.71703,1.516476,9.045336,13m,M111518_044_3
045,M111518,-15.5625,-21.1079,16.32856,38.915,3,5.3406,0.9982374,0.00293772,12.73989,2.144462,5.940834,12o,M111518_045_3
048,M111518,-16.65625,-16.30408,19.70138,39.035,4,4.928068,0.9944183,0.01116334,5.036088,1.122786,4.485352,13l,M111518_048_4
060,M111518,-21.0625,-13.45676,17.29552,37.856,2,30.47452,0.9753231,0.05141011,6.755698,1.072438,6.299382,13l,M111518_060_2
060,M111518,-21.0625,-13.45676,17.29552,37.856,4,1.545672,0.983255,0.06022327,8.777244,1.478896,5.934997,13l,M111518_060_4
066,M111518,-16.21875,-21.3716,15.8814,36.413,3,15.83654,0.9383079,0.130141,3.961978,1.104971,3.585596,12l,M111518_066_3
071,M111518,-23.09375,-13.58984,15.7057,36.36706,3,0.2428471,0.9938308,0.01321974,8.68381,2.356274,3.685399,13l,M111518_071_3
074,M111518,-24.65625,-9.95731,15.92698,36.3285,2,0.1097403,0.996181,0.0326087,9.23537,1.19829,7.707127,13m,M111518_074_2
077,M111518,-17.125,-21.65568,15.1974,35.09,2,9.362304,0.9459459,0.09811986,6.578987,1.666649,3.947433,AI,M111518_077_2
077,M111518,-17.125,-21.65568,15.1974,35.09,4,1.688721,0.9944183,0.001175088,10.30396,1.402782,7.345376,AI,M111518_077_4
077,M111518,-17.125,-21.65568,15.1974,35.09,5,0.2357211,0.9914806,0.002056404,13.36353,1.595547,8.375519,AI,M111518_077_5
077,M111518,-17.125,-21.65568,15.1974,35.09,6,0.3292946,0.9914806,0,20.1118,1.911185,10.52321,AI,M111518_077_6
091,M111518,-22.875,-19.5512,12.41646,33.892,2,3.976184,0.9788484,0.05963572,6.581832,1.875566,3.50925,AI,M111518_091_2
092,M111518,-19.125,-17.71125,17.81095,33.8455,4,3.008212,0.9988249,0.005875441,13.06422,1.589537,8.218884,AI,M111518_092_4
092,M111518,-19.125,-17.71125,17.81095,33.8455,5,3.400608,0.9782609,0.02878966,4.11525,1.010223,4.073605,AI,M111518_092_5
093,M111518,-21.09375,-16.09644,16.76216,33.668,3,3.526777,0.9785547,0.02467685,4.861035,1.407305,3.454145,AI,M111518_093_3
099,M111518,-21.6875,-6.41998,19.88394,31.9795,3,0.7634745,0.8819641,0.008813161,7.887311,1.198108,6.583141,pu,M111518_099_3
099,M111518,-21.6875,-6.41998,19.88394,31.9795,4,5.990612,0.987074,0.03319624,6.408099,1.79895,3.562133,pu,M111518_099_4
099,M111518,-21.6875,-6.41998,19.88394,31.9795,7,0.2667225,0.9985312,0.004994125,16.7192,1.810811,9.232986,pu,M111518_099_7
100,M111518,-23.625,-5.43146,18.10394,31.9495,2,3.857834,0.9738543,0.1254407,5.546371,1.429614,3.879627,cd,M111518_100_2
113,M111518,-22.625,-4.62328,19.41344,30.737,3,0.3415156,0.9964747,0.006169213,10.23008,1.82556,5.603801,cd,M111518_113_3
116,M111518,-31.4375,-14.4079,6.44816,24.657,3,0.4856667,0.9994125,0.004406581,12.04253,1.534773,7.846457,AMG,M111518_116_3
128,M111518,-34.84375,-13.41346,3.92706,22.891,3,0.7994075,0.9988249,0.00146886,16.375,2.062626,7.938909,AMG,M111518_128_3
135,M111518,-21.9375,-6.23653,20.24377,27.9345,2,5.585144,0.9776734,0.02761457,8.374196,1.857127,4.509222,cd,M111518_135_2
135,M111518,-21.9375,-6.23653,20.24377,27.9345,4,0.4453466,0.9503525,0.01850764,8.219219,1.665957,4.933631,cd,M111518_135_4
138,M111518,-34.125,-14.7454,4.11495,21.923,2,19.03576,1,0.01556992,10.70289,1.169024,9.155406,AMG,M111518_138_2
140,M111518,-33.375,-12.58758,6.30166000000001,21.838,2,1.265464,0.9894242,0.006169213,7.666202,2.142338,3.578428,AMG,M111518_140_2
149,M111518,-30.625,-14.04948,9.05836,21.115,3,0.2158898,0.9964747,0.004700352,12.86968,2.884918,4.461023,pu,M111518_149_3
152,M111518,-33.4375,-10.56714,8.02804,20.51,1,28.70608,0.9991187,0.01145711,9.333887,0.9077475,10.28247,AMG,M111518_152_1
152,M111518,-33.4375,-10.56714,8.02804,20.51,3,7.666654,0.9991187,0.1771445,3.412599,1.169724,2.91744,AMG,M111518_152_3
154,M111518,-19.875,-7.70676,21.86976,25.385,1,0.9652072,1,0,17.15852,2.625729,6.534767,cd,M111518_154_1
011,X010220,-7.9375,13.481,24.28371,42.23,2,15.98519,0.9797297,0.03848414,9.096987,1.313701,6.924703,12r,X010220_011_2
011,X010220,-7.9375,13.481,24.28371,42.23,3,1.734978,0.9797297,0.01938896,8.470018,1.300586,6.512461,12r,X010220_011_3
011,X010220,-7.9375,13.481,24.28371,42.23,6,0.1983206,0.987074,0.01527615,17.47263,2.051125,8.518561,12r,X010220_011_6
013,X010220,-7.40625,10.72,26.66878,41.795,3,0.1951402,0.9985312,0.004112808,12.86975,1.379132,9.331779,46d,X010220_013_3
018,X010220,-6.875,15.34953,23.97246,41.385,2,10.8488,0.9673913,0.01703878,7.261105,1.64768,4.406867,12l,X010220_018_2
024,X010220,-8.09375,7.041,28.61066,39.05,4,2.696399,0.9952996,0.01615746,10.73979,1.498673,7.166203,8B,X010220_024_4
025,X010220,-7.625,5.57878,29.82636,38.52,3,0.228745,0.9970623,0.01116334,9.851912,2.993844,3.290723,8B,X010220_025_3
028,X010220,-9.09375,15.043,22.80498,40.11,4,8.905808,0.9791422,0.03701528,7.117061,1.282873,5.54775,12l,X010220_028_4
036,X010220,-8.15625,17.43118,21.39872,39.378,2,0.2516502,0.9972603,0.007344301,11.55857,1.471903,7.85281,12l,X010220_036_2
038,X010220,-8.78125,14.30596,24.31856,38.188,2,11.2528,0.9756169,0.01527615,6.301093,1.416879,4.447165,46v,X010220_038_2
047,X010220,-7.90625,16.15004,24.00716,37.088,2,1.126517,0.9715041,0.001175088,11.22424,1.574529,7.128634,46v,X010220_047_2
047,X010220,-7.90625,16.15004,24.00716,37.088,3,0.8099495,0.9715041,0.01703878,10.70209,1.308781,8.177143,46v,X010220_047_3
052,X010220,-11.46875,8.44527,26.05285,34.858,3,1.160586,0.9697415,0.01821387,7.26055,1.527524,4.75315,8B,X010220_052_3
052,X010220,-11.46875,8.44527,26.05285,34.858,4,0.6743076,0.9697415,0.006462985,11.24936,1.687661,6.665648,8B,X010220_052_4
059,X010220,-10.34375,13.31176,23.83564,35.428,4,1.996635,0.9221504,0.02790834,9.5694,1.616688,5.919138,46v,X010220_059_4
060,X010220,-9.78125,12.2486,25.68945,34.738,2,0.7775721,0.9823737,0.01086957,7.067884,1.691756,4.177838,46d,X010220_060_2
060,X010220,-9.78125,12.2486,25.68945,34.738,5,2.467282,0.9994125,0,22.92745,2.583141,8.875802,46d,X010220_060_5
060,X010220,-9.78125,12.2486,25.68945,34.738,6,1.428441,0.9779671,0.002643948,8.199225,2.231275,3.674682,46d,X010220_060_6
077,X010220,-8.8125,19.71168,19.17756,34.708,3,0.0748309,0.9988249,0,23.74611,4.428437,5.362187,45,X010220_077_3
077,X010220,-8.8125,19.71168,19.17756,34.708,4,0.7658624,0.9938308,0.01175088,10.86284,1.511473,7.186923,45,X010220_077_4
078,X010220,-10.0625,18.55413,19.48096,34.533,2,6.498518,0.9950058,0.002350176,7.068998,1.168553,6.049359,45,X010220_078_2
089,X010220,-10.0625,20.05351,17.80325,33.158,2,1.590569,0.985899,0.007344301,13.04999,1.248765,10.45032,6VaVb,X010220_089_2
089,X010220,-10.0625,20.05351,17.80325,33.158,5,0.1589366,0.985899,0.006169213,12.68894,1.795299,7.067872,6VaVb,X010220_089_5
091,X010220,-9.5625,16.67368,21.89567,32.143,4,1.85516,0.9944183,0.01028202,10.91908,1.299459,8.402788,45,X010220_091_4
095,X010220,-11.75,10.01406,25.05506,29.598,5,1.997533,0.9850176,0.009988249,8.935903,1.371295,6.516398,8A,X010220_095_5
095,X010220,-11.75,10.01406,25.05506,29.598,6,0.6019155,0.9850176,0,12.60837,1.578588,7.987119,8A,X010220_095_6
101,X010220,-9.5625,20.29682,18.60809,31.743,3,1.167245,0.9914879,0.0126322,10.83533,2.020883,5.361681,6VaVb,X010220_101_3
106,X010220,-10.1875,12.51692,25.29844,25.929,2,10.75411,0.9623972,0.05287896,7.780561,1.314858,5.917418,6DC,X010220_106_2
106,X010220,-10.1875,12.51692,25.29844,25.929,3,1.224265,0.9985312,0.006756757,16.87345,1.665408,10.13172,6DC,X010220_106_3
107,X010220,-11.5625,11.08985,24.76556,25.64,4,2.230467,0.989718,0.05581669,9.535585,1.417018,6.729334,6DC,X010220_107_4
112,X010220,-9.25,3.94032,29.95311,26.371,4,0.5004553,0.9920682,0.01674501,8.934667,1.49573,5.973448,6DR,X010220_112_4
118,X010220,-12.5,12.557,22.488,25.022,2,1.480536,0.9938308,0.03672151,15.76092,2.522351,6.248503,6DC,X010220_118_2
125,X010220,-13,2.50641,26.5139,25.598,4,2.606013,0.9803173,0.02379553,9.203667,1.606215,5.730034,24c,X010220_125_4
141,X010220,-13.125,11.711,23.2421,21.44,3,4.985356,0.9647474,0.05287896,5.665514,1.516631,3.735592,6DC,X010220_141_3
146,X010220,-14.125,5.43806,24.4679,20.883,1,20.46561,0.9920682,0.01615746,8.673399,0.9774714,8.873302,24c,X010220_146_1
146,X010220,-14.125,5.43806,24.4679,20.883,7,3.876463,0.9920682,0.01439483,13.78381,1.032633,13.34821,24c,X010220_146_7
157,X010220,-12.6875,5.6226,26.7077,18.93,3,1.162665,0.989718,0.04435958,10.28712,1.3565,7.583576,24c,X010220_157_3
003,X010320,-6.96875,12.30576,24.97303,43.765,2,12.49285,0.9773796,0.004700352,8.980796,1.425255,6.301183,12r,X010320_003_2
005,X010320,-7.90625,10.45733,25.54799,43.385,2,6.560349,0.8343126,0.01556992,6.666885,2.420094,2.754804,46v,X010320_005_2
006,X010320,-9.6875,9.08736,24.72214,43.19,3,2.185483,0.9826674,0.007344301,13.14461,1.924182,6.83127,46v,X010320_006_3
006,X010320,-9.6875,9.08736,24.72214,43.19,4,0.1316887,0.939483,0.002643948,19.27152,2.068925,9.314753,46v,X010320_006_4
011,X010320,-8.0625,13.479,24.17498,42.24,6,0.1270781,0.9821053,0.008225617,15.74897,3.521202,4.472612,12r,X010320_011_6
011,X010320,-8.0625,13.479,24.17498,42.24,7,15.48907,0.9709166,0.08960047,8.619604,1.74274,4.946008,12r,X010320_011_7
011,X010320,-8.0625,13.479,24.17498,42.24,8,0.7517529,0.9853114,0.002643948,10.35874,1.542951,6.713593,12r,X010320_011_8
013,X010320,-7.65625,10.716,26.3913,41.825,4,1.259007,0.9544653,0.00293772,12.43721,2.517099,4.941089,46d,X010320_013_4
019,X010320,-7.96875,14.60053,24.33725,41.06,4,0.8052053,0.9968573,0.01615746,13.57888,1.830857,7.41668,12l,X010320_019_4
025,X010320,-8.0625,5.58012,29.37944,38.58,2,0.5417029,0.9985312,0.005287896,14.12261,1.679626,8.408191,8B,X010320_025_2
025,X010320,-8.0625,5.58012,29.37944,38.58,3,0.08778326,0.9982374,0,24.29948,3.051879,7.962139,8B,X010320_025_3
028,X010320,-9.15625,15.043,22.80498,40.11,5,7.459527,0.9632785,0.04612221,5.586076,1.120763,4.984171,12l,X010320_028_5
045,X010320,-8.5,19.0099,19.74215,38.188,1,2.977744,0.9941245,0.01292597,11.99911,2.096113,5.724458,12o,X010320_045_1
047,X010320,-8.28125,16.1625,23.68,37.138,1,9.595584,0.9759107,0.02056404,7.488868,1.275447,5.871565,46v,X010320_047_1
052,X010320,-12.21875,8.46396,25.3588,34.948,3,4.672131,0.9994125,0.007638073,11.68062,1.620466,7.208184,8B,X010320_052_3
055,X010320,-9.40625,19.11208,19.31428,37.438,1,16.70885,0.9656287,0.01439483,10.1458,1.403345,7.229721,12l,X010320_055_1
059,X010320,-10.59375,13.31955,23.60195,35.463,4,2.805473,0.9717979,0.0619859,8.65098,1.563019,5.53479,46v,X010320_059_4
063,X010320,-10.59375,7.79694,27.50555,33.393,3,3.984741,0.970329,0.03584019,9.739533,1.478636,6.586837,6DR,X010320_063_3
063,X010320,-10.59375,7.79694,27.50555,33.393,4,0.7816539,0.970329,0.007050529,7.197435,1.321184,5.447714,6DR,X010320_063_4
066,X010320,-8.625,19.46572,19.7476,35.828,3,3.184624,0.9935703,0.007931845,11.6139,1.609036,7.217924,45,X010320_066_3
077,X010320,-8.9375,19.71168,19.17756,34.708,3,2.345112,0.9606345,0.03907168,9.228265,1.498123,6.159883,45,X010320_077_3
078,X010320,-10.3125,18.56192,19.27064,34.568,1,15.76295,0.9462397,0.06169213,6.892102,1.397655,4.931188,45,X010320_078_1
078,X010320,-10.3125,18.56192,19.27064,34.568,2,0.04762185,0.9947121,0.004406581,10.37958,4.399929,2.359035,45,X010320_078_2
079,X010320,-12.4375,16.88219,18.92796,33.743,3,3.36384,0.9618096,0.003231492,11.95141,1.736777,6.881373,45,X010320_079_3
080,X010320,-13.625,15.33876,19.3734,33.383,3,0.8335372,0.9938308,0.03760282,12.77687,1.567727,8.149932,44,X010320_080_3
080,X010320,-13.625,15.33876,19.3734,33.383,5,0.1063193,0.9800235,0.0005875441,31.18699,2.991163,10.42637,44,X010320_080_5
086,X010320,-11.3125,6.24686,27.49056,30.053,3,13.63684,0.9947121,0.04465335,8.873493,1.193319,7.43598,6DR,X010320_086_3
089,X010320,-10.3125,20.0574,17.635,33.188,4,0.5587674,0.9908931,0.02144536,12.13255,1.559426,7.78014,6VaVb,X010320_089_4
096,X010320,-12,8.763,25.4866,29.488,5,6.697667,0.9679788,0.02467685,6.537691,1.221392,5.352657,6DR,X010320_096_5
101,X010320,-9.625,20.29682,18.60809,31.743,3,5.957667,0.9856052,0.04964747,9.12493,1.526456,5.977854,6VaVb,X010320_101_3
103,X010320,-11.125,16.14794,20.45029,31.593,3,16.73895,0.9914806,0.004700352,7.704569,1.228145,6.273338,45,X010320_103_3
106,X010320,-10.25,12.51692,25.29844,25.929,2,3.188475,0.9905993,0.02144536,11.90284,2.199951,5.410503,6DC,X010320_106_2
106,X010320,-10.25,12.51692,25.29844,25.929,3,0.418124,0.9905993,0.001762632,14.68857,1.576129,9.319395,6DC,X010320_106_3
107,X010320,-11.625,11.08985,24.76556,25.64,1,6.912783,0.985899,0.02115159,11.7175,1.758125,6.664768,6DC,X010320_107_1
109,X010320,-12.9375,7.3766,24.9382,26.909,3,5.774833,0.9891304,0.03701528,7.7524,1.200267,6.458896,6DR,X010320_109_3
117,X010320,-12.5625,13.84965,21.82685,25.082,5,1.114273,0.9864865,0.007931845,6.23164,1.707912,3.648689,6DC,X010320_117_5
117,X010320,-12.5625,13.84965,21.82685,25.082,6,2.126065,0.9882491,0.008519389,9.610579,1.496598,6.421618,6DC,X010320_117_6
129,X010320,-13.0625,12.65066,22.52986,23.153,3,25.10275,0.9929495,0.03819036,9.359282,1.736243,5.390538,6VaVb,X010320_129_3
146,X010320,-14.125,5.43806,24.4679,20.883,1,21.35951,0.9952996,0.01645123,9.468088,1.082757,8.744423,24c,X010320_146_1
004,X010421,-11,11.43744,22.02324,43.49,3,4.112491,0.9911869,0.09165687,10.20228,1.452816,7.022418,12m,X010421_004_3
004,X010421,-11,11.43744,22.02324,43.49,5,0.6070106,0.9897627,0,12.73847,3.895509,3.27004,12m,X010421_004_5
011,X010421,-8.1875,13.477,24.06625,42.25,4,0.4051049,0.9947121,0.002350176,12.10568,2.187038,5.535195,12r,X010421_011_4
014,X010421,-13.625,9.148,21.2085,42.22,3,1.992005,0.9717979,0.06433608,6.113216,1.493521,4.093157,11ml,X010421_014_3
021,X010421,-13.875,11.60073,20.31071,41.12,4,1.888448,0.993537,0.002350176,15.3887,2.370165,6.492671,11ml,X010421_021_4
037,X010421,-10.6875,15.98693,21.1022,38.968,3,0.7060314,0.996181,0.0293772,8.832208,1.579486,5.591823,12o,X010421_037_3
039,X010421,-14.125,12.92876,20.0558,38.088,3,2.293631,0.9720917,0.01938896,7.661233,1.900703,4.030736,13l,X010421_039_3
039,X010421,-14.125,12.92876,20.0558,38.088,4,1.25003,0.9400705,0.002056404,12.95488,1.497085,8.653399,13l,X010421_039_4
047,X010421,-12.5625,16.32448,19.42692,37.788,1,17.20157,0.9932432,0.009694478,5.806028,1.102656,5.265492,12o,X010421_047_1
047,X010421,-12.5625,16.32448,19.42692,37.788,6,1.177965,0.9988249,0.00146886,25.74291,2.350674,10.95129,12o,X010421_047_6
047,X010421,-12.5625,16.32448,19.42692,37.788,8,2.444246,0.9911869,0.007344301,8.273713,1.766593,4.68343,12o,X010421_047_8
049,X010421,-15.71875,14.35488,18.37508,37.563,2,5.573091,0.8786721,0.0440658,9.860461,1.42346,6.92711,13l,X010421_049_2
050,X010421,-17,11.5578,18.339,36.488,5,4.392842,0.9888366,0.04112808,8.999924,1.698384,5.29911,13l,X010421_050_5
051,X010421,-19.34375,10.20263,17.1182,36.318,3,4.681768,0.9720917,0.0819624,8.12336,1.840672,4.413259,13l,X010421_051_3
054,X010421,-23.4375,5.82348,15.34169,35.653,3,2.207056,0.9709166,0.02761457,9.106166,1.557471,5.846766,13m,X010421_054_3
055,X010421,-10.25,19.12612,18.41692,37.588,1,9.291995,0.9500588,0.1371915,7.134582,1.798911,3.966055,12l,X010421_055_1
055,X010421,-10.25,19.12612,18.41692,37.588,6,0.327247,0.9961353,0.003231492,18.44279,1.548872,11.90724,12l,X010421_055_6
056,X010421,-12.78125,17.6235,17.38975,37.263,3,5.298852,0.9976498,0.0005875441,10.73497,1.319378,8.136391,12l,X010421_056_3
057,X010421,-14.65625,16.47195,17.13461,37.018,5,7.857697,0.989718,0.1010576,8.278469,1.49852,5.524428,12o,X010421_057_5
059,X010421,-16.875,13.52209,17.52601,36.373,3,15.91828,0.96651,0.130141,7.211689,1.715897,4.202867,12o,X010421_059_3
060,X010421,-17.34375,12.6574,18.1648,35.788,2,10.59717,0.9447709,0.08754407,6.987919,1.684347,4.148741,AI,X010421_060_2
060,X010421,-17.34375,12.6574,18.1648,35.788,3,5.421434,0.9388954,0.1589307,5.577868,1.081415,5.157935,AI,X010421_060_3
060,X010421,-17.34375,12.6574,18.1648,35.788,5,0.07108062,0.9958872,0.007931845,17.02512,2.364599,7.200001,AI,X010421_060_5
064,X010421,-23.84375,6.99232,14.97404,34.868,2,0.3387731,0.9900118,0.00146886,10.89638,1.765271,6.172636,13m,X010421_064_2
066,X010421,-13.46875,19.57075,14.99425,36.638,4,0.863968,0.9841363,0.0005875441,23.44232,2.085804,11.23898,12o,X010421_066_4
066,X010421,-13.46875,19.57075,14.99425,36.638,6,0.526862,0.9929495,0.02497062,10.58927,1.88619,5.614107,12o,X010421_066_6
067,X010421,-16.28125,18.02127,13.82197,36.318,3,3.806044,0.9635723,0.04994125,7.017968,1.831286,3.832261,12o,X010421_067_3
068,X010421,-17.53125,16.8657,13.89628,35.968,1,11.18268,0.9485899,0.04230317,6.214904,1.701983,3.651566,12o,X010421_068_1
069,X010421,-17.28125,15.32188,15.94308,35.408,3,0.6546456,0.996181,0.0146886,10.21401,1.429696,7.144181,AI,X010421_069_3
072,X010421,-20.34375,10.83504,16.75672,33.928,3,2.375929,0.9914163,0.01145711,11.8704,1.453096,8.169039,AI,X010421_072_3
074,X010421,-23.78125,8.77802,14.57674,33.828,2,0.2878444,0.9952996,0.004406581,10.0108,1.626911,6.153258,13m,X010421_074_2
077,X010421,-14.09375,19.78188,14.15346,35.758,4,0.05138727,0.9988249,0.000293772,16.66905,2.391662,6.969651,12l,X010421_077_4
083,X010421,-23.4375,10.165,13.50168,32.668,3,1.94547,0.993537,0.002056404,8.218096,1.404567,5.85098,AI,X010421_083_3
098,X010421,-20.125,6.2934,18.42945,29.813,4,0.1217428,0.9901291,0.01674501,9.045536,1.8897,4.786758,cd,X010421_098_4
100,X010421,-21.0625,3.2944,18.5858,29.188,5,0.51182,0.9964747,0.006756757,12.08523,2.036607,5.934002,cd,X010421_100_5
108,X010421,-16.375,8.35722,21.01142,28.289,5,0.8526686,0.9195065,0.02144536,9.291759,1.351232,6.876511,cd,X010421_108_5
119,X010421,-32.71875,11.1,3.485,25.219,3,2.168895,0.9876616,0.02291422,8.906522,1.53816,5.790372,AMG,X010421_119_3
142,X010421,-34.3125,10.58927,2.3345,21.815,3,9.343198,0.9444771,0.02702703,6.044738,1.787304,3.382043,AMG,X010421_142_3
145,X010421,-17.84375,6.60468,20.7026,20.743,2,3.892683,0.9876616,0.02115159,10.0974,1.707926,5.91208,cd,X010421_145_2
157,X010421,-15.4375,6.04414,23.80403,19.14,1,41.32073,0.9800235,0.02908343,5.822906,1.117347,5.21137,24c,X010421_157_1
004,X010521,-11,11.43744,22.02324,43.49,3,1.130802,0.9952996,0.009694478,11.43424,2.22018,5.150141,12m,X010521_004_3
011,X010521,-8.21875,13.477,24.06625,42.25,2,0.6912683,0.9324324,0.001762632,12.00221,1.736317,6.912453,12r,X010521_011_2
011,X010521,-8.21875,13.477,24.06625,42.25,5,0.1990975,0.9809048,0.001175088,18.32505,2.151654,8.516727,12r,X010521_011_5
012,X010521,-11.21875,12.56,21.95462,42.305,3,17.63628,0.9676851,0.04524089,7.745917,1.496187,5.177106,12m,X010521_012_3
020,X010521,-11.96875,13.641,21.0801,41.38,2,0.8189314,0.9938308,0.01733255,9.36036,1.62435,5.762527,12m,X010521_020_2
021,X010521,-13.875,11.60073,20.31071,41.12,2,0.8279988,0.9991187,0.006756757,14.74415,2.014515,7.318957,11ml,X010521_021_2
023,X010521,-15.4375,8.61093,20.43538,40.475,3,0.1432336,0.9976498,0.009106933,14.49614,2.349021,6.171141,11ml,X010521_023_3
030,X010521,-13.96875,11.95196,20.428,39.76,3,1.511467,0.9947121,0.008519389,9.352365,1.820818,5.136352,13l,X010521_030_3
033,X010521,-18.09375,7.523,19.00765,38.99,3,9.922235,0.9715041,0.04994125,7.59304,1.868142,4.064488,13m,X010521_033_3
034,X010521,-18.5625,5.95892,18.92028,38.78,2,45.55053,0.9383079,0.02673326,5.470867,1.13074,4.838305,13m,X010521_034_2
034,X010521,-18.5625,5.95892,18.92028,38.78,4,3.179276,0.9670975,0.02027027,6.838048,2.018642,3.387449,13m,X010521_034_4
037,X010521,-10.75,15.9916,20.969,38.988,3,0.3540214,0.9720917,0.003819037,14.13145,1.812471,7.796791,12o,X010521_037_3
037,X010521,-10.75,15.9916,20.969,38.988,5,0.128159,0.9720917,0.00293772,15.73869,2.081191,7.562348,12o,X010521_037_5
039,X010521,-14.15625,12.92876,20.0558,38.088,8,3.486628,0.983255,0.005287896,11.97376,2.301164,5.203349,13l,X010521_039_8
039,X010521,-14.15625,12.92876,20.0558,38.088,9,11.8293,0.9521152,0.02908343,5.393995,1.07428,5.021035,13l,X010521_039_9
044,X010521,-21.03125,5.5567,17.57892,36.848,3,0.7982163,0.9988249,0.001175088,18.1757,1.911005,9.511068,13m,X010521_044_3
047,X010521,-12.5625,16.32448,19.42692,37.788,1,15.90139,0.9991187,0.007050529,9.140122,1.524134,5.996928,12o,X010521_047_1
048,X010521,-14.40625,15.30237,18.88898,37.578,5,1.57165,0.9861927,0.1201528,9.396091,1.170225,8.029302,12o,X010521_048_5
048,X010521,-14.40625,15.30237,18.88898,37.578,7,0.3735825,0.972973,0.05699177,5.764116,1.207287,4.774437,12o,X010521_048_7
050,X010521,-17.03125,11.5578,18.339,36.488,4,3.914802,0.9803173,0.02790834,9.451609,1.321444,7.152485,13l,X010521_050_4
055,X010521,-10.28125,19.12612,18.41692,37.588,3,3.553853,0.9932432,0.07079906,16.86073,2.114982,7.972047,12l,X010521_055_3
057,X010521,-14.65625,16.47195,17.13461,37.018,2,9.61491,0.9864865,0.04700353,7.952191,1.591871,4.9955,12o,X010521_057_2
059,X010521,-16.90625,13.52988,17.29232,36.408,2,13.06183,0.9576969,0.1833137,7.307782,1.920906,3.804341,12o,X010521_059_2
060,X010521,-17.375,12.6574,18.1648,35.788,3,6.046614,0.9676851,0.0472973,7.583935,2.073821,3.656986,AI,X010521_060_3
063,X010521,-23.78125,8.6071,14.70575,35.213,2,24.19861,0.9891304,0.01938896,6.566875,1.103039,5.95344,13l,X010521_063_2
069,X010521,-17.3125,15.32188,15.94308,35.408,4,0.5329736,0.9958872,0.006756757,14.12976,1.6347,8.643643,12o,X010521_069_4
072,X010521,-20.34375,10.83504,16.75672,33.928,2,1.090194,0.9908931,0.003525264,15.9512,2.455165,6.496997,AI,X010521_072_2
074,X010521,-23.8125,8.77802,14.57674,33.828,2,7.409038,0.9441833,0.03584019,5.785132,1.459682,3.963283,13m,X010521_074_2
074,X010521,-23.8125,8.77802,14.57674,33.828,7,0.3444534,0.9911869,0.01292597,7.606187,1.432377,5.310185,13m,X010521_074_7
083,X010521,-23.46875,10.165,13.50168,32.668,1,7.204865,0.9838426,0.117215,8.400617,1.216665,6.904624,AI,X010521_083_1
097,X010521,-17.71875,7.72036,20.35552,29.868,3,3.293966,0.9841363,0.02673326,6.678543,2.050429,3.257145,cd,X010521_097_3
104,X010521,-16.0625,14.61085,17.44025,31.638,3,2.803439,0.9791422,0.01586369,8.389417,2.220135,3.778787,45,X010521_104_3
104,X010521,-16.0625,14.61085,17.44025,31.638,5,1.007274,0.9947121,0.002056404,16.04104,1.901513,8.435937,45,X010521_104_5
105,X010521,-30.15625,13.40162,4.35976,26.988,2,3.030014,0.9715041,0.01703878,6.804171,2.308475,2.947474,AMG,X010521_105_2
109,X010521,-15.53125,7.34892,22.37124,27.189,1,28.70037,0.9256757,0.05346651,5.781139,1.340727,4.311944,cd,X010521_109_1
109,X010521,-15.53125,7.34892,22.37124,27.189,6,6.022635,0.9647474,0.04054054,8.252743,1.420488,5.809793,cd,X010521_109_6
117,X010521,-30.9375,13.69915,3.64235,25.582,4,2.074741,0.9955934,0.003231492,10.40914,1.336342,7.789277,AMG,X010521_117_4
119,X010521,-32.84375,11.1,3.05068,25.234,3,1.134902,0.9929495,0.002350176,10.16793,1.742448,5.835425,AMG,X010521_119_3
135,X010521,-18.40625,4.30046,20.76644,24.913,3,1.076754,0.9421269,0.01175088,6.959961,1.862772,3.736347,cd,X010521_135_3
138,X010521,-28.96875,14.6584,5.12719,22.111,2,0.2888778,0.9896832,0.0005875441,10.42748,1.58797,6.566547,AMG,X010521_138_2
139,X010521,-33.21875,13.45,3.024,21.981,1,13.53058,0.9709166,0.05405406,4.53689,1.080338,4.199508,AMG,X010521_139_1
142,X010521,-34.375,10.59194,1.913,21.83,6,0.7945576,0.9864007,0.002056404,9.287493,1.763514,5.26647,AMG,X010521_142_6
142,X010521,-34.375,10.59194,1.913,21.83,7,0.1222469,0.8304417,0.007931845,14.00145,1.808623,7.741501,AMG,X010521_142_7
145,X010521,-17.96875,6.60468,20.7026,20.743,3,1.521216,0.9835488,0.02350176,13.6705,1.831477,7.464192,cd,X010521_145_3
152,X010521,-30.75,11.51025,5.53275,19.947,2,8.790821,0.9579906,0.02967098,5.699483,1.317425,4.32623,AMG,X010521_152_2
153,X010521,-21.53125,10.26556,15.5752,19.626,3,0.1602494,0.9988249,0.007344301,11.25278,2.066641,5.444961,pu,X010521_153_3
003,X010620,-6.96875,12.30576,24.97303,43.765,3,9.898017,0.9644536,0.05229142,7.196423,1.885166,3.817396,12r,X010620_003_3
005,X010620,-8.03125,10.45302,25.41006,43.4,1,3.528795,0.9838426,0.02056404,9.859981,2.188733,4.50488,46v,X010620_005_1
005,X010620,-8.03125,10.45302,25.41006,43.4,4,0.1826908,0.9920682,0.007344301,23.74492,2.462498,9.642616,46v,X010620_005_4
006,X010620,-9.75,9.08478,24.55747,43.21,3,1.11136,0.9668038,0.004112808,12.49767,1.587968,7.870229,46v,X010620_006_3
006,X010620,-9.75,9.08478,24.55747,43.21,4,0.5323889,0.940658,0.004406581,17.04863,1.812773,9.404726,46v,X010620_006_4
007,X010620,-8.78125,7.63732,26.39624,42.57,2,0.2029413,0.9997062,0.001762632,19.83313,4.673926,4.243356,46d,X010620_007_2
012,X010620,-8.71875,12.56,24.52942,42.005,2,0.4740769,0.9924663,0.01145711,12.97462,1.722733,7.531419,46v,X010620_012_2
013,X010620,-7.78125,10.714,26.25256,41.84,2,9.606475,0.9715041,0.03701528,7.65571,1.819088,4.208543,46d,X010620_013_2
018,X010620,-6.9375,15.34953,23.97246,41.385,4,8.779185,0.9955934,0.01057579,11.30903,1.454964,7.772724,12l,X010620_018_4
019,X010620,-7.96875,14.60053,24.33725,41.06,4,4.580916,0.9929495,0.08666275,8.937274,2.050743,4.358066,12l,X010620_019_4
019,X010620,-7.96875,14.60053,24.33725,41.06,5,1.220031,0.9691539,0.002350176,5.893781,1.066818,5.524637,12l,X010620_019_5
019,X010620,-7.96875,14.60053,24.33725,41.06,7,0.0687907,0.9967685,0.0008813161,19.98982,2.426616,8.237737,12l,X010620_019_7
023,X010620,-9.46875,8.59016,26.47356,39.7,4,0.4714906,0.9861927,0.01850764,7.328768,3.880846,1.888446,46df,X010620_023_4
026,X010620,-7.125,16.93641,21.78274,40.77,3,0.2373798,0.9964747,0.000293772,10.0871,2.580162,3.909484,12l,X010620_026_3
038,X010620,-9.09375,14.31842,23.98362,38.238,3,1.975455,0.9814923,0.03055229,8.826813,1.465585,6.022723,46v,X010620_038_3
045,X010620,-8.5,19.0099,19.74215,38.188,3,2.076243,0.9970623,0,20.84018,2.096537,9.940288,12o,X010620_045_3
045,X010620,-8.5,19.0099,19.74215,38.188,4,2.187001,0.9823737,0.001762632,10.27526,1.401702,7.330564,12o,X010620_045_4
047,X010620,-8.71875,16.18119,23.18926,37.213,2,5.108861,0.9820799,0.04112808,7.148851,2.252457,3.173801,12l,X010620_047_2
051,X010620,-14.03125,10.06557,22.3278,35.658,3,10.38414,0.9579906,0.07784959,7.781647,1.393098,5.585859,46df,X010620_051_3
052,X010620,-12.21875,8.46396,25.3588,34.948,2,4.438189,0.9418331,0.04171563,6.1405,1.471285,4.173563,8B,X010620_052_2
052,X010620,-12.21875,8.46396,25.3588,34.948,4,0.2484716,1,0,36.58676,4.210048,8.690343,8B,X010620_052_4
053,X010620,-11.46875,6.91697,26.82434,34.393,3,7.90539,1,0.0005875441,16.17969,1.628876,9.933041,8B,X010620_053_3
059,X010620,-10.71875,13.31955,23.60195,35.463,2,0.4693644,0.9994125,0.004406581,15.22828,1.835513,8.296472,46v,X010620_059_2
061,X010620,-14.09375,10.98588,22.74928,34.558,4,0.4891942,0.9867212,0.01145711,8.383892,1.3991,5.992348,46v,X010620_061_4
066,X010620,-8.6875,19.46961,19.57155,35.858,3,7.771658,0.9550529,0.02702703,5.664745,1.11473,5.081717,45,X010620_066_3
066,X010620,-8.6875,19.46961,19.57155,35.858,4,6.954371,0.9838426,0.04964747,8.598111,1.559345,5.513923,45,X010620_066_4
066,X010620,-8.6875,19.46961,19.57155,35.858,5,0.2235543,0.9920682,0.004700352,11.98572,1.519026,7.890399,45,X010620_066_5
070,X010620,-12.53125,13.68296,21.79768,34.208,3,6.859434,0.9101058,0.03613396,7.232137,1.585012,4.562828,46v,X010620_070_3
077,X010620,-8.9375,19.71168,19.17756,34.708,1,5.084114,0.9644536,0.0840188,9.561445,2.12592,4.497557,45,X010620_077_1
078,X010620,-10.3125,18.56192,19.27064,34.568,1,6.701594,0.9427145,0.007931845,5.108757,0.9012554,5.66849,45,X010620_078_1
078,X010620,-10.3125,18.56192,19.27064,34.568,10,12.43262,0.9976498,0.003525264,14.13779,1.561328,9.054976,45,X010620_078_10
079,X010620,-12.4375,16.88219,18.92796,33.743,3,4.253282,0.9861927,0.008225617,9.510186,1.748343,5.439543,45,X010620_079_3
079,X010620,-12.4375,16.88219,18.92796,33.743,4,1.365771,0.987074,0.003231492,16.47416,2.156139,7.640583,45,X010620_079_4
080,X010620,-13.75,15.33876,19.3734,33.383,3,10.03115,0.9920682,0.003231492,9.062023,1.342486,6.750181,44,X010620_080_3
080,X010620,-13.75,15.33876,19.3734,33.383,4,0.1560576,0.9970623,0.01057579,13.76904,1.721514,7.998216,44,X010620_080_4
089,X010620,-10.4375,20.06129,17.46675,33.218,4,0.6032555,0.9635723,0.007050529,13.65531,1.341447,10.17954,6VaVb,X010620_089_4
089,X010620,-10.4375,20.06129,17.46675,33.218,6,0.5631526,0.9988249,0.001175088,19.43135,2.115971,9.183184,6VaVb,X010620_089_6
096,X010620,-12.125,8.763,25.4866,29.488,1,11.86262,0.9879553,0.02761457,6.520877,1.480562,4.404325,8B,X010620_096_1
096,X010620,-12.125,8.763,25.4866,29.488,3,10.64552,0.9994125,0.00293772,19.69576,1.676816,11.74593,8B,X010620_096_3
101,X010620,-9.6875,20.30076,18.43062,31.778,1,5.034208,0.9726792,0.03789659,9.54137,1.27936,7.457923,6VaVb,X010620_101_1
103,X010620,-11.125,16.14794,20.45029,31.593,3,8.831985,0.9574031,0.03584019,7.524856,1.45059,5.187447,45,X010620_103_3
103,X010620,-11.125,16.14794,20.45029,31.593,4,11.10976,0.9427145,0.01850764,6.685175,1.279706,5.223992,45,X010620_103_4
106,X010620,-10.25,12.51692,25.29844,25.929,4,1.263165,0.997065,0.00293772,14.76086,2.027304,7.281026,6DC,X010620_106_4
107,X010620,-11.625,11.08985,24.76556,25.64,2,1.768065,0.9844301,0.03613396,7.420552,1.559912,4.757033,6DC,X010620_107_2
107,X010620,-11.625,11.08985,24.76556,25.64,4,5.32272,0.9838426,0.01380729,11.62074,1.632578,7.118032,6DC,X010620_107_4
107,X010620,-11.625,11.08985,24.76556,25.64,5,0.5965797,0.9950058,0.009988249,16.57748,1.78781,9.272502,6DC,X010620_107_5
112,X010620,-9.625,3.9484,29.6357,26.411,3,0.2094446,0.9894242,0.007931845,9.285184,2.412293,3.849112,6DR,X010620_112_3
113,X010620,-10.78125,2.57012,28.7428,26.651,2,0.9532516,0.9841363,0.05346651,7.583222,2.023713,3.747183,24c,X010620_113_2
118,X010620,-13,12.5555,22.0657,25.037,2,19.29642,0.9691539,0.07256169,7.806382,1.197128,6.520926,6DC,X010620_118_2
118,X010620,-13,12.5555,22.0657,25.037,3,9.133385,0.9576969,0.02027027,7.751988,1.072852,7.225589,6DC,X010620_118_3
119,X010620,-12,11.1,23.89804,24.514,2,0.7131577,0.9908931,0.03936545,8.564734,1.328464,6.447093,6DC,X010620_119_2
119,X010620,-12,11.1,23.89804,24.514,4,0.5069635,0.9908931,0,11.86888,1.646078,7.210401,6DC,X010620_119_4
129,X010620,-13.0625,12.65066,22.52986,23.153,2,18.44669,0.9973561,0.003819037,7.407891,1.277141,5.80037,6VaVb,X010620_129_2
129,X010620,-13.0625,12.65066,22.52986,23.153,4,2.219213,0.9867803,0.02173913,4.68383,1.780393,2.630784,6VaVb,X010620_129_4
131,X010620,-14.1875,10.21358,22.15754,22.907,2,19.75549,0.9923619,0.02115159,7.663282,1.308173,5.858003,6DC,X010620_131_2
004,X010621,-11.03125,11.4314,21.8534,43.505,2,4.181229,0.9712104,0.009988249,5.864286,1.293095,4.535076,12m,X010621_004_2
011,X010621,-8.25,13.475,23.95752,42.26,3,1.517133,0.9988249,0.0005875441,17.76169,1.619269,10.96895,12r,X010621_011_3
012,X010621,-11.25,12.56,21.95462,42.305,3,1.140706,0.9195065,0.006169213,10.40506,1.489777,6.984306,12m,X010621_012_3
014,X010621,-13.6875,9.144,21.05175,42.24,2,1.560874,0.9958872,0.005875441,11.18524,1.605733,6.965814,11ml,X010621_014_2
015,X010621,-15.125,7.82534,20.63175,41.98,3,0.2280087,0.9874055,0.02996475,10.68928,1.535362,6.962056,11ml,X010621_015_3
020,X010621,-12,13.641,21.0801,41.38,2,5.569755,0.9697415,0.1180964,7.631334,1.301145,5.86509,12m,X010621_020_2
020,X010621,-12,13.641,21.0801,41.38,3,0.6160884,0.980611,0.02849589,11.49282,1.682035,6.832685,12m,X010621_020_3
024,X010621,-16.75,7.131,20.02601,40.175,3,1.701968,0.9994125,0,20.87989,3.251571,6.421478,11ml,X010621_024_3
029,X010621,-12.125,13.99126,20.86898,40.06,3,0.04923379,0.9967685,0.003525264,14.7857,4.160517,3.553813,12m,X010621_029_3
030,X010621,-14,11.95263,20.27125,39.78,2,21.68023,0.9245006,0.05111633,6.477023,1.691893,3.828269,13l,X010621_030_2
031,X010621,-15.90625,10.41528,19.34404,39.6,1,13.21776,0.9712104,0.1227967,7.639637,1.332776,5.732121,13l,X010621_031_1
031,X010621,-15.90625,10.41528,19.34404,39.6,7,0.2820532,0.9939394,0.005287896,8.623032,1.886295,4.571412,13l,X010621_031_7
033,X010621,-18.09375,7.523,19.00765,38.99,2,6.799258,0.9885429,0.009106933,9.526889,2.609454,3.650913,13m,X010621_033_2
037,X010621,-10.78125,15.9916,20.969,38.988,2,1.778658,0.9861927,0.004406581,8.104558,2.07126,3.912864,12o,X010621_037_2
037,X010621,-10.78125,15.9916,20.969,38.988,3,0.8096343,0.983255,0.001175088,14.31407,1.831622,7.814967,12o,X010621_037_3
037,X010621,-10.78125,15.9916,20.969,38.988,5,1.73421,0.983255,0.05346651,10.03247,1.758775,5.70424,12o,X010621_037_5
039,X010621,-14.15625,12.92876,20.0558,38.088,3,0.8989139,0.972973,0.001175088,14.62234,1.659948,8.808913,13l,X010621_039_3
039,X010621,-14.15625,12.92876,20.0558,38.088,4,1.093301,0.972973,0.00293772,15.46798,1.682024,9.196048,13l,X010621_039_4
039,X010621,-14.15625,12.92876,20.0558,38.088,5,1.212753,0.9365453,0.04230317,7.368545,1.363593,5.403771,13l,X010621_039_5
040,X010621,-16.0625,11.49779,19.26975,37.863,3,1.692104,0.9850176,0.04083431,9.092218,1.356929,6.700585,13l,X010621_040_3
041,X010621,-18.6875,10.11047,17.83094,37.713,3,1.608609,0.996181,0.04759107,11.97802,1.915944,6.251758,13l,X010621_041_3
043,X010621,-20.71875,7.04987,17.37108,37.163,2,5.317294,0.9668038,0.05493537,6.03045,1.700098,3.54712,13m,X010621_043_2
044,X010621,-21.0625,5.5567,17.57892,36.848,3,1.820957,0.9712104,0.0005875441,10.55192,1.936432,5.449158,13m,X010621_044_3
044,X010621,-21.0625,5.5567,17.57892,36.848,4,0.8117157,0.9712104,0.004406581,15.09375,1.722491,8.762743,13m,X010621_044_4
046,X010621,-12.25,17.76234,17.63266,38.468,1,16.0487,0.9955934,0.4653349,3.627949,1.308961,2.771625,12o,X010621_046_1
047,X010621,-12.5625,16.32448,19.42692,37.788,1,16.42712,0.9994125,0.003525264,8.21711,1.421405,5.780979,12o,X010621_047_1
049,X010621,-15.78125,14.35488,18.37508,37.563,3,6.498251,0.9641598,0.03231492,8.311898,1.439059,5.775928,13l,X010621_049_3
050,X010621,-17.0625,11.5578,18.339,36.488,3,3.70037,0.9938308,0.02497062,11.16255,1.204415,9.268026,13l,X010621_050_3
051,X010621,-19.40625,10.20263,17.1182,36.318,2,6.853431,0.9485899,0.07520564,7.709674,1.446766,5.328903,13l,X010621_051_2
051,X010621,-19.40625,10.20263,17.1182,36.318,4,2.146969,0.9964747,0.008225617,14.33911,2.499371,5.737087,13l,X010621_051_4
054,X010621,-23.5,5.8336,15.0488,35.688,2,0.6260993,0.913631,0.006756757,9.613563,1.564917,6.143178,13m,X010621_054_2
055,X010621,-10.28125,19.12612,18.41692,37.588,3,6.127509,0.9529965,0.02967098,7.088227,1.459376,4.857025,12l,X010621_055_3
055,X010621,-10.28125,19.12612,18.41692,37.588,4,3.851734,0.9935743,0.07814336,16.92736,1.886036,8.975101,12l,X010621_055_4
056,X010621,-12.78125,17.6235,17.38975,37.263,2,4.007693,0.9964747,0.0126322,11.2062,1.404835,7.976878,12l,X010621_056_2
057,X010621,-14.6875,16.47195,17.13461,37.018,3,5.16828,0.9882491,0.02585194,9.547653,1.8219,5.240492,12o,X010621_057_3
060,X010621,-17.40625,12.6574,18.1648,35.788,3,5.013037,0.9785547,0.02878966,7.487999,1.675757,4.468429,AI,X010621_060_3
062,X010621,-21.3125,9.9282,16.32012,35.328,4,2.172889,0.9979436,0.002056404,13.28155,1.755335,7.566392,13l,X010621_062_4
069,X010621,-17.34375,15.32188,15.94308,35.408,3,0.4527172,0.9973561,0.003525264,11.97793,1.482615,8.078919,12o,X010621_069_3
078,X010621,-16.28125,18.78004,13.38168,35.548,2,0.497223,0.9994125,0.001175088,12.7289,2.155219,5.906084,12o,X010621_078_2
080,X010621,-18.375,15.43236,14.6374,34.083,5,2.803138,0.9697415,0.01145711,7.628778,2.828374,2.697231,AI,X010621_080_5
083,X010621,-23.5,10.165,13.50168,32.668,1,9.223664,0.9994125,0.004112808,17.29395,2.292582,7.543437,AI,X010621_083_1
083,X010621,-23.5,10.165,13.50168,32.668,6,1.03809,0.9835488,0.007638073,5.806481,1.903856,3.049853,AI,X010621_083_6
098,X010621,-20.25,6.2934,18.42945,29.813,3,2.907341,0.9970623,0.02673326,8.542706,1.553361,5.499499,cd,X010621_098_3
099,X010621,-19.96875,4.78844,19.12708,29.358,3,0.5777127,0.9970623,0.005287896,7.679507,1.801591,4.262625,cd,X010621_099_3
105,X010621,-30.28125,13.40162,4.35976,26.988,3,0.2071857,0.9967685,0.001762632,14.67983,1.685413,8.709931,AMG,X010621_105_3
105,X010621,-30.28125,13.40162,4.35976,26.988,5,4.349176,0.9691539,0.04700353,7.264933,2.68488,2.705869,AMG,X010621_105_5
109,X010621,-15.53125,7.34892,22.37124,27.189,1,28.09745,0.9130435,0.05992949,5.357041,1.246014,4.299343,cd,X010621_109_1
111,X010621,-20.0625,5.89174,19.19696,27.862,3,0.6115837,1,0.03613396,7.092595,1.895245,3.74231,cd,X010621_111_3
111,X010621,-20.0625,5.89174,19.19696,27.862,7,2.35716,0.9456522,0.003819037,9.788722,1.884591,5.194083,cd,X010621_111_7
112,X010621,-20.6875,4.2312,18.52635,27.811,3,0.4631189,0.9982374,0.0005875441,19.30774,1.847723,10.44948,cd,X010621_112_3
122,X010621,-20.3125,7.493,17.724,23.886,3,0.2034159,0.9965368,0.0005875441,14.30612,4.313565,3.316542,cd,X010621_122_3
130,X010621,-32.875,11.127,3.37362,23.438,3,0.2462231,0.9973561,0.002643948,13.82263,9.803834,1.40992,AMG,X010621_130_3
141,X010621,-32.0625,11.711,4.1746,21.94,3,12.68844,0.9770858,0.1457109,6.662303,1.645239,4.049445,AMG,X010621_141_3
142,X010621,-34.4375,10.59194,1.913,21.83,4,9.113981,0.9864865,0.03113984,8.371675,1.485444,5.635808,AMG,X010621_142_4
144,X010621,-19.5625,8.08861,18.57095,21.09697,1,0.4670768,0.9988249,0.000293772,10.12031,1.855332,5.45472,cd,X010621_144_1
145,X010621,-18.09375,6.6194,20.2985,20.763,3,1.471201,0.9970623,0.005875441,10.29696,2.061874,4.993979,cd,X010621_145_3
146,X010621,-17.1875,5.60669,21.55485,21.093,2,3.05973,0.9905993,0.03055229,7.953807,1.176718,6.759312,cd,X010621_146_2
157,X010621,-15.6875,6.04414,23.80403,19.14,1,21.48596,0.9480023,0.07138661,7.305096,1.349178,5.414479,24c,X010621_157_1
003,X010720,-7.03125,12.298,24.8325,43.78,2,6.278612,0.9579906,0.004112808,6.699443,1.486655,4.506386,12r,X010720_003_2
005,X010720,-8.15625,10.44871,25.27213,43.415,3,3.760772,0.9717979,0.00293772,15.58187,1.639918,9.501616,46v,X010720_005_3
006,X010720,-9.8125,9.08478,24.55747,43.21,3,1.798571,0.9994125,0.0005875441,14.90159,2.182745,6.826994,46v,X010720_006_3
007,X010720,-8.84375,7.63473,26.22986,42.59,1,17.97505,0.9653349,0.02262045,6.491999,1.371496,4.733515,46d,X010720_007_1
008,X010720,-9.40625,6.09568,26.64468,42.23,4,4.282151,0.999,0.004112808,15.38746,1.506137,10.2165,46d,X010720_008_4
013,X010720,-7.96875,10.712,26.11382,41.855,2,1.779295,0.983255,0.001762632,15.47046,1.575531,9.819207,46d,X010720_013_2
013,X010720,-7.96875,10.712,26.11382,41.855,4,1.240446,0.9952996,0.002350176,23.71424,2.534528,9.356474,46d,X010720_013_4
046,X010720,-8.59375,17.6313,21.3157,37.988,3,0.2451691,0.9967685,0.06022327,11.03175,1.378577,8.002277,12l,X010720_046_3
052,X010720,-12.71875,8.48265,24.66475,35.038,2,3.240376,0.9982374,0.002643948,13.01103,1.717505,7.575538,8B,X010720_052_2
053,X010720,-11.46875,6.91697,26.82434,34.393,2,22.7166,0.9527027,0.02996475,7.754074,1.600896,4.843583,8B,X010720_053_2
059,X010720,-10.84375,13.32734,23.36826,35.498,3,0.4399211,0.9982374,0.002056404,12.94513,1.607689,8.052012,46v,X010720_059_3
060,X010720,-10.09375,12.26028,25.47446,34.768,2,13.10887,0.9720917,0.01674501,8.390387,1.358559,6.175944,46d,X010720_060_2
063,X010720,-11.59375,7.85926,26.52095,33.533,1,0.5009517,0.9397767,0.004112808,13.30659,1.460093,9.113524,8B,X010720_063_1
063,X010720,-11.59375,7.85926,26.52095,33.533,4,0.04288453,0.9994125,0,30.32463,2.930557,10.34774,8B,X010720_063_4
066,X010720,-8.8125,19.46961,19.57155,35.858,3,2.358339,0.9994125,0.005287896,14.1089,1.522794,9.265139,45,X010720_066_3
074,X010720,-13.03125,8.17079,25.23973,32.268,3,0.4436401,0.9970623,0.003231492,10.0899,1.654018,6.10024,8B,X010720_074_3
078,X010720,-10.3125,18.56192,19.27064,34.568,2,5.551731,0.9262632,0.06521739,7.499138,1.494407,5.018136,45,X010720_078_2
079,X010720,-12.5625,16.88219,18.92796,33.743,3,1.27142,0.9717979,0.00146886,16.94927,2.142719,7.910167,45,X010720_079_3
079,X010720,-12.5625,16.88219,18.92796,33.743,4,2.924802,0.9717979,0.008519389,10.4442,1.599798,6.52845,45,X010720_079_4
089,X010720,-10.4375,20.06129,17.46675,33.218,1,0.8983375,0.9882491,0.007931845,11.61699,1.888511,6.151404,6VaVb,X010720_089_1
089,X010720,-10.4375,20.06129,17.46675,33.218,5,7.281402,0.9762045,0.04905993,5.244336,1.151291,4.55518,6VaVb,X010720_089_5
089,X010720,-10.4375,20.06129,17.46675,33.218,6,0.4983186,0.9850176,0.001175088,9.614299,1.406118,6.837479,6VaVb,X010720_089_6
096,X010720,-12.125,8.763,25.4866,29.488,2,11.65845,0.9480023,0.1025264,6.935424,1.272297,5.451104,8B,X010720_096_2
096,X010720,-12.125,8.763,25.4866,29.488,6,9.959802,0.9480023,0.005581669,7.813837,1.300475,6.00845,8B,X010720_096_6
096,X010720,-12.125,8.763,25.4866,29.488,7,0.07067392,0.9994125,0.001175088,13.62382,1.791692,7.603886,8B,X010720_096_7
101,X010720,-9.8125,20.30076,18.43062,31.778,4,2.619052,0.9955934,0.006756757,11.60939,1.518406,7.645774,6VaVb,X010720_101_4
101,X010720,-9.8125,20.30076,18.43062,31.778,5,0.06822118,0.9762045,0.001175088,12.03912,2.184176,5.511973,6VaVb,X010720_101_5
101,X010720,-9.8125,20.30076,18.43062,31.778,6,0.4436723,0.9762045,0.007638073,12.52792,1.886756,6.639928,6VaVb,X010720_101_6
103,X010720,-11.25,16.14794,20.45029,31.593,2,12.82621,0.974148,0.06551117,7.893375,1.569662,5.028709,45,X010720_103_2
106,X010720,-10.3125,12.51692,25.29844,25.929,3,0.07844714,0.9988249,0.004112808,13.01492,2.835355,4.590228,6DC,X010720_106_3
107,X010720,-11.625,11.08985,24.76556,25.64,3,0.8377113,0.9905993,0.007050529,12.89515,1.970997,6.54245,6DC,X010720_107_3
107,X010720,-11.625,11.08985,24.76556,25.64,4,0.05382387,0.9905993,0.01498237,12.81158,1.457867,8.787896,6DC,X010720_107_4
119,X010720,-12.25,11.1,23.89804,24.514,2,0.8623924,0.9988249,0.00146886,9.39342,1.375439,6.829398,6DC,X010720_119_2
131,X010720,-14.3125,10.21358,22.15754,22.907,3,11.28839,0.9885429,0.01821387,5.616716,1.151971,4.875744,6DC,X010720_131_3
156,X010720,-15.5,7.50668,23.57912,19.17,3,4.192043,0.9803173,0.04171563,5.151716,1.159495,4.443069,24c,X010720_156_3
156,X010720,-15.5,7.50668,23.57912,19.17,4,1.996627,0.9994125,0.00146886,10.67679,1.950656,5.473438,24c,X010720_156_4
157,X010720,-13.6875,5.80326,25.46327,19.02,3,0.3840553,0.9962963,0.007344301,14.34437,1.905963,7.526051,24c,X010720_157_3
004,X010721,-11.0625,11.4314,21.8534,43.505,3,1.263059,0.9952996,0.04142186,8.277288,1.821411,4.544437,12m,X010721_004_3
011,X010721,-8.25,13.475,23.95752,42.26,3,1.049708,0.9955934,0.01645123,10.98191,1.9259,5.702225,12r,X010721_011_3
012,X010721,-11.28125,12.56,21.95462,42.305,6,1.318989,0.9885429,0.03877791,10.65199,1.626122,6.550546,12m,X010721_012_6
013,X010721,-12.71875,10.644,21.39666,42.365,1,4.404675,0.9503525,0.08960047,8.203123,1.669079,4.914761,11ml,X010721_013_1
015,X010721,-15.15625,7.824,20.481,42,6,0.1504767,0.9994125,0.008519389,15.17693,1.632926,9.294317,11ml,X010721_015_6
032,X010721,-16.875,9.003,19.54084,39.225,6,1.341286,0.9529965,0.004406581,14.36546,1.587851,9.047109,13m,X010721_032_6
033,X010721,-18.09375,7.523,19.00765,38.99,2,6.453385,0.9861927,0.01850764,8.317218,1.532297,5.427942,13m,X010721_033_2
034,X010721,-18.59375,5.95892,18.92028,38.78,1,26.33473,0.9250881,0.03172738,5.752793,1.321288,4.353929,13m,X010721_034_1
043,X010721,-20.75,7.05844,17.14596,37.188,6,5.886708,0.9632785,0.08078731,6.671908,1.501988,4.442051,13m,X010721_043_6
044,X010721,-21.0625,5.5567,17.57892,36.848,7,0.8623194,0.9891304,0.001762632,14.64724,1.791385,8.176489,13m,X010721_044_7
044,X010721,-21.0625,5.5567,17.57892,36.848,8,1.422006,0.9891304,0.02350176,10.89468,1.666508,6.537432,13m,X010721_044_8
047,X010721,-12.5625,16.32448,19.42692,37.788,3,15.23058,0.9662162,0.07168037,5.997512,1.191964,5.03162,12o,X010721_047_3
048,X010721,-14.46875,15.30237,18.88898,37.578,5,0.2733523,0.9606345,0.006462985,11.87768,1.693554,7.01346,12o,X010721_048_5
049,X010721,-15.8125,14.35488,18.37508,37.563,6,0.8991864,0.9682726,0.01615746,9.893367,1.233654,8.019566,13l,X010721_049_6
049,X010721,-15.8125,14.35488,18.37508,37.563,7,0.9992976,0.9682726,0.03231492,11.2712,1.615834,6.975471,13l,X010721_049_7
050,X010721,-17.0625,11.5578,18.339,36.488,2,5.084812,0.9694477,0.05581669,8.098962,1.65213,4.902133,13l,X010721_050_2
051,X010721,-19.40625,10.20263,17.1182,36.318,3,1.667142,0.93302,0.05552291,9.438002,1.811534,5.209951,13l,X010721_051_3
053,X010721,-23.71875,7.26752,14.87144,35.968,6,1.13851,0.989718,0.03202115,9.101558,1.31227,6.935733,13m,X010721_053_6
055,X010721,-10.28125,19.12612,18.41692,37.588,6,4.35736,0.9938308,0.05552291,15.86104,1.9623,8.082883,12l,X010721_055_6
057,X010721,-14.6875,16.47195,17.13461,37.018,3,5.518328,0.9309636,0.002056404,9.794767,1.359994,7.202065,12o,X010721_057_3
061,X010721,-18.15625,11.2242,18.7252,35.188,2,2.905009,0.9747356,0.06051704,7.494141,1.324893,5.656412,AI,X010721_061_2
062,X010721,-21.34375,9.9282,16.32012,35.328,2,20.26757,0.9920682,0.01615746,7.909941,1.794972,4.406721,13l,X010721_062_2
063,X010721,-23.8125,8.62268,14.4596,35.248,2,11.19895,0.9838426,0.04670975,7.523768,1.200009,6.269763,13l,X010721_063_2
065,X010721,-24.46875,5.59412,14.78984,34.568,7,2.004765,0.9888366,0.01792009,9.793393,2.247071,4.358293,13m,X010721_065_7
068,X010721,-17.625,16.8657,13.89628,35.968,1,9.032166,0.9638661,0.03025852,7.834589,1.923739,4.072584,12o,X010721_068_1
073,X010721,-22.71875,9.96784,14.92539,34.073,3,0.1410005,0.9976498,0.00146886,12.95302,1.95949,6.610404,AI,X010721_073_3
080,X010721,-18.40625,15.43236,14.6374,34.083,4,2.708073,0.9841363,0.004700352,5.705235,1.304546,4.373348,AI,X010721_080_4
083,X010721,-23.5,10.165,13.50168,32.668,1,8.979669,1,0.007638073,14.8559,1.897425,7.829505,AI,X010721_083_1
085,X010721,-21.1875,7.72297,17.08655,31.808,2,0.5728796,0.987074,0.04759107,8.005056,1.285466,6.227358,pu,X010721_085_2
091,X010721,-17.46875,16.77352,14.16863,33.583,6,9.745872,0.9574031,0.03907168,6.945541,2.079348,3.34025,AI,X010721_091_6
096,X010721,-22.53125,8.6265,15.072,30.888,7,0.4075074,0.99591,0,22.07664,2.58708,8.533418,pu,X010721_096_7
096,X010721,-22.53125,8.6265,15.072,30.888,8,0.6743426,0.9723854,0.01674501,7.744734,2.640638,2.932903,pu,X010721_096_8
096,X010721,-22.53125,8.6265,15.072,30.888,9,1.164984,0.9723854,0.09283196,9.767504,1.379084,7.082605,pu,X010721_096_9
097,X010721,-17.84375,7.72036,20.35552,29.868,1,25.11509,0.9894242,0.01703878,8.690932,1.145376,7.587841,cd,X010721_097_1
103,X010721,-18.8125,16.01792,13.03222,33.078,7,8.229195,0.9556404,0.09988249,6.482363,2.401658,2.69912,AI,X010721_103_7
105,X010721,-30.28125,13.40162,4.35976,26.988,7,2.459001,0.9629847,0.0126322,7.98154,1.750121,4.560565,AMG,X010721_105_7
105,X010721,-30.28125,13.40162,4.35976,26.988,9,0.3423455,0.9629847,0.002056404,11.83708,1.548572,7.643868,AMG,X010721_105_9
108,X010721,-16.5625,8.34568,20.72748,28.329,3,1.766945,0.993537,0.0199765,8.282961,1.452865,5.70112,cd,X010721_108_3
109,X010721,-15.59375,7.34892,22.37124,27.189,2,7.712605,0.960047,0.08078731,6.760476,1.392705,4.854206,cd,X010721_109_2
109,X010721,-15.59375,7.34892,22.37124,27.189,3,0.3178094,0.9856052,0.009694478,11.65204,1.799416,6.475454,cd,X010721_109_3
109,X010721,-15.59375,7.34892,22.37124,27.189,4,27.71828,0.9532902,0.09518214,5.857267,1.175449,4.983006,cd,X010721_109_4
112,X010721,-20.6875,4.2312,18.52635,27.811,7,0.2910271,0.9894242,0.001762632,12.90391,1.696872,7.604527,cd,X010721_112_7
118,X010721,-30.90625,12.4925,4.3291,25.667,2,0.1661334,0.9985312,0,11.5113,1.73101,6.650048,AMG,X010721_118_2
122,X010721,-20.4375,7.493,17.724,23.886,6,6.63413,0.9788484,0.05287896,6.400016,1.758099,3.640305,cd,X010721_122_6
124,X010721,-22.5,4.4117,16.807,26.553,1,2.16582,0.9720917,0.0126322,4.324954,1.587996,2.723529,cd,X010721_124_1
127,X010721,-32.5625,13.83792,1.88867,23.194,7,0.459081,0.9935212,0.005875441,9.506979,1.426018,6.666802,AMG,X010721_127_7
130,X010721,-32.875,11.127,3.37362,23.438,2,0.3452042,0.9925164,0.0008813161,12.73948,1.873078,6.80136,AMG,X010721_130_2
140,X010721,-33.6875,12.46697,2.16323000000001,22.065,7,7.625849,0.9297885,0.05141011,4.031229,1.05208,3.831673,AMG,X010721_140_7
157,X010721,-15.6875,6.04414,23.80403,19.14,2,4.580053,0.9676851,0.04465335,6.775264,1.256631,5.391612,24c,X010721_157_2
157,X010721,-15.6875,6.04414,23.80403,19.14,4,15.50537,0.9670975,0.02878966,6.673543,1.53466,4.348548,24c,X010721_157_4
003,X010820,-7.03125,12.298,24.8325,43.78,3,0.3366592,0.9967685,0.04259694,12.10412,1.305477,9.271795,12r,X010820_003_3
004,X010820,-9.15625,11.49784,23.72164,43.34,4,2.207796,0.9756169,0.01321974,7.287901,1.806777,4.033647,12r,X010820_004_4
005,X010820,-8.28125,10.4444,25.1342,43.43,5,1.109586,0.9952996,0,16.1365,1.794466,8.99237,46v,X010820_005_5
005,X010820,-8.28125,10.4444,25.1342,43.43,6,1.376984,0.9952996,0.005875441,15.49376,1.983689,7.810577,46v,X010820_005_6
006,X010820,-9.875,9.0822,24.3928,43.23,4,1.886334,0.9230317,0.01674501,10.59611,1.396174,7.589392,46v,X010820_006_4
008,X010820,-9.65625,6.09309,26.44984,42.255,2,2.385808,0.9932432,0.01880141,9.690972,1.709126,5.670135,46d,X010820_008_2
008,X010820,-9.65625,6.09309,26.44984,42.255,6,1.264952,0.9941245,0,14.84728,1.633097,9.091491,46d,X010820_008_6
013,X010820,-8.21875,10.708,25.83634,41.885,4,0.4843842,0.9873678,0.0008813161,19.2025,2.033597,9.442625,46d,X010820_013_4
014,X010820,-9.28125,9.256,25.44075,41.68,2,0.9516103,0.9991187,0.0005875441,25.17299,2.803495,8.979145,46d,X010820_014_2
014,X010820,-9.28125,9.256,25.44075,41.68,3,2.297019,0.9856052,0.008519389,11.55039,1.921721,6.010439,46d,X010820_014_3
019,X010820,-8.09375,14.60254,24.1885,41.08,3,1.880806,0.9644536,0.003819037,8.669931,1.519976,5.70399,12m,X010820_019_3
019,X010820,-8.09375,14.60254,24.1885,41.08,8,3.668519,0.9644536,0.01086957,14.47884,2.575313,5.622168,12m,X010820_019_8
023,X010820,-10.34375,8.59351,25.49966,39.825,2,8.284259,0.9967685,0.006756757,13.14328,1.628842,8.069091,46df,X010820_023_2
029,X010820,-8.96875,13.89786,23.95078,39.66,2,3.066399,0.9856052,0.02996475,9.866575,1.530143,6.448141,46v,X010820_029_2
053,X010820,-11.84375,6.92476,26.55872,34.428,4,2.637702,0.9753231,0.01145711,10.72447,1.605466,6.679974,8B,X010820_053_4
055,X010820,-9.65625,19.11676,19.01516,37.488,1,19.84741,0.9377204,0.02820211,6.516885,1.619747,4.023397,12l,X010820_055_1
063,X010820,-12.09375,7.89042,26.02865,33.603,2,0.1397606,0.9095182,0.009988249,13.27386,1.438716,9.226184,8B,X010820_063_2
066,X010820,-8.9375,19.4735,19.3955,35.888,3,0.4563634,0.9638661,0.004112808,10.43615,1.483471,7.034956,45,X010820_066_3
078,X010820,-10.5,18.56971,19.06032,34.603,3,11.26426,0.9585782,0.1304348,7.4267,1.647747,4.507185,45,X010820_078_3
079,X010820,-12.75,16.88842,18.69428,33.778,5,3.134432,0.9565217,0.009694478,7.449531,1.391763,5.352586,6VaVb,X010820_079_5
079,X010820,-12.75,16.88842,18.69428,33.778,6,0.3878514,0.9785547,0.02232667,14.66837,1.924652,7.621312,6VaVb,X010820_079_6
079,X010820,-12.75,16.88842,18.69428,33.778,7,1.513862,0.9685664,0,13.72112,1.879781,7.29932,6VaVb,X010820_079_7
089,X010820,-10.5625,20.06518,17.2985,33.248,3,2.438118,0.974148,0.02056404,6.609325,1.497918,4.412341,6VaVb,X010820_089_3
089,X010820,-10.5625,20.06518,17.2985,33.248,4,5.938151,0.974148,0.009106933,9.822934,1.764329,5.567519,6VaVb,X010820_089_4
091,X010820,-10.4375,16.68304,21.17126,32.278,2,2.347123,0.9905993,0.03319624,8.528259,1.351009,6.31251,45,X010820_091_2
096,X010820,-12.3125,8.7591,25.18904,29.528,2,12.22052,0.9964747,0.002056404,9.399046,1.411471,6.659045,8B,X010820_096_2
097,X010820,-12.25,7.70554,25.74278,29.108,5,2.036566,0.9829612,0.02878966,7.869078,1.845585,4.263731,6DR,X010820_097_5
098,X010820,-14.9375,6.26688,23.67344,29.048,3,6.153821,0.9923619,0.01498237,9.29472,1.192447,7.794662,8B,X010820_098_3
101,X010820,-9.9375,20.3047,18.25315,31.813,3,4.6903,0.9809048,0.005287896,7.213436,1.163838,6.197973,6VaVb,X010820_101_3
104,X010820,-11.625,14.73523,21.78815,30.738,2,6.512483,0.9462397,0.132785,6.221172,1.015108,6.128582,45,X010820_104_2
106,X010820,-10.5,12.52075,24.877,25.939,4,0.1714832,0.9735605,0.004700352,15.25677,1.399862,10.89877,6DC,X010820_106_4
106,X010820,-10.5,12.52075,24.877,25.939,5,2.205503,0.9735605,0.05816686,9.200229,1.713924,5.367933,6DC,X010820_106_5
119,X010820,-12.5625,11.1,23.46372,24.529,4,1.052914,0.9941245,0.009400705,9.746699,2.487966,3.917538,6DC,X010820_119_4
157,X010820,-14.1875,5.86348,25.04846,19.05,3,0.5081758,0.9941245,0.03202115,12.12499,1.511927,8.019555,24c,X010820_157_3
006,X010821,-12.75,9.03834,21.59341,43.57,3,11.01922,0.9744418,0.01380729,7.028718,2.431826,2.890305,11ml,X010821_006_3
011,X010821,-8.28125,13.475,23.95752,42.26,3,1.350423,0.9762045,0.0146886,9.289817,1.837144,5.056664,12r,X010821_011_3
011,X010821,-8.28125,13.475,23.95752,42.26,4,0.9590976,0.9762045,0.0005875441,14.21906,2.099593,6.772291,12r,X010821_011_4
012,X010821,-11.3125,12.56,21.95462,42.305,2,22.98615,0.974148,0.04817861,6.222804,1.115433,5.578822,12m,X010821_012_2
014,X010821,-13.71875,9.144,21.05175,42.24,3,1.434937,0.9941245,0.01233843,9.251492,2.407157,3.843328,11ml,X010821_014_3
015,X010821,-15.1875,7.824,20.481,42,2,4.544039,0.9932432,0.05287896,8.983434,1.988392,4.51794,11ml,X010821_015_2
016,X010821,-16.5625,6.30729,19.9913,41.675,2,0.3409022,0.9515276,0.01292597,11.29026,2.465629,4.57906,11ml,X010821_016_2
024,X010821,-16.78125,7.131,20.02601,40.175,3,1.520025,0.9894242,0.01645123,9.44109,1.600096,5.900328,11ml,X010821_024_3
024,X010821,-16.78125,7.131,20.02601,40.175,5,1.209705,0.996181,0.002643948,16.8653,1.644987,10.25254,11ml,X010821_024_5
028,X010821,-8.3125,15.029,23.66409,40.005,3,0.7495764,0.9932432,0.01321974,7.81837,2.668206,2.930197,12l,X010821_028_3
029,X010821,-12.1875,13.99126,20.86898,40.06,3,1.154418,0.993537,0.007931845,11.1385,1.666478,6.683856,12m,X010821_029_3
032,X010821,-16.875,9.003,19.54084,39.225,3,25.13973,0.9947121,0.007050529,5.62244,1.086505,5.174796,13m,X010821_032_3
033,X010821,-18.125,7.523,19.00765,38.99,2,6.140997,0.9991187,0.01028202,8.304963,1.666698,4.982883,13m,X010821_033_2
039,X010821,-14.21875,12.93733,19.85015,38.113,3,0.4214433,0.9957983,0.008519389,12.53317,1.657319,7.562316,13l,X010821_039_3
039,X010821,-14.21875,12.93733,19.85015,38.113,6,0.8443856,0.9810379,0.00293772,21.53726,3.317959,6.491116,13l,X010821_039_6
040,X010821,-16.125,11.49779,19.26975,37.863,3,1.469507,0.9985312,0.02585194,12.32433,1.852292,6.653556,13l,X010821_040_3
043,X010821,-20.78125,7.05844,17.14596,37.188,1,4.551476,0.9459459,0.06462985,6.222269,1.726823,3.603305,13m,X010821_043_1
047,X010821,-12.59375,16.32448,19.42692,37.788,3,18.86041,0.9984985,0.0005875441,10.10613,1.533639,6.589637,12o,X010821_047_3
050,X010821,-17.09375,11.5578,18.339,36.488,2,5.062088,0.9791422,0.04289072,7.598205,1.185515,6.4092,13l,X010821_050_2
051,X010821,-19.4375,10.20263,17.1182,36.318,3,4.84543,0.9788484,0.03437133,9.356391,2.820615,3.317145,13l,X010821_051_3
052,X010821,-23.0625,8.75677,14.48535,36.358,3,3.059021,0.9762045,0.01792009,6.384216,2.428889,2.628452,13m,X010821_052_3
054,X010821,-23.53125,5.8336,15.0488,35.688,3,3.273116,0.970329,0.005581669,6.091041,2.376812,2.562694,13m,X010821_054_3
055,X010821,-10.34375,19.12612,18.41692,37.588,3,5.834134,0.9377204,0.03378378,5.765403,1.096911,5.256035,12l,X010821_055_3
055,X010821,-10.34375,19.12612,18.41692,37.588,4,0.9703896,0.979436,0.02262045,9.251515,1.465379,6.313394,12l,X010821_055_4
055,X010821,-10.34375,19.12612,18.41692,37.588,5,3.060779,0.979436,0.0893067,10.59253,1.522746,6.9562,12l,X010821_055_5
057,X010821,-14.6875,16.47195,17.13461,37.018,2,6.1447,0.9856052,0.01850764,7.127858,1.874226,3.803093,12o,X010821_057_2
058,X010821,-16.34375,15.01917,16.76506,36.758,3,0.664791,0.9950058,0.01028202,10.92586,1.547625,7.05976,12o,X010821_058_3
060,X010821,-17.4375,12.6574,18.1648,35.788,3,5.227301,0.960047,0.07784959,6.571117,1.355436,4.847973,AI,X010821_060_3
060,X010821,-17.4375,12.6574,18.1648,35.788,4,3.90027,0.9688601,0.07168037,8.898034,1.574683,5.650681,AI,X010821_060_4
061,X010821,-18.15625,11.2242,18.7252,35.188,3,4.25929,0.9773796,0.02585194,6.128831,1.260251,4.863185,AI,X010821_061_3
061,X010821,-18.15625,11.2242,18.7252,35.188,4,2.803636,0.9726792,0.02144536,6.866529,2.4501,2.802551,AI,X010821_061_4
066,X010821,-13.71875,19.57853,14.64215,36.698,3,0.8264334,0.9976498,0.002056404,13.05575,1.860272,7.018197,12o,X010821_066_3
068,X010821,-17.65625,16.8657,13.89628,35.968,3,10.51755,0.9723854,0.02467685,7.508482,2.151894,3.489244,12o,X010821_068_3
083,X010821,-23.53125,10.165,13.50168,32.668,3,2.07723,0.9297885,0.0005875441,24.92751,1.741004,14.31789,AI,X010821_083_3
087,X010821,-21.4375,5.04694,17.65885,31.173,2,1.967973,0.9803173,0.05052879,6.220319,2.349247,2.647793,cd,X010821_087_2
087,X010821,-21.4375,5.04694,17.65885,31.173,4,0.1290577,0.9952996,0.001762632,13.97928,1.898283,7.364169,cd,X010821_087_4
091,X010821,-17.59375,16.77664,13.92716,33.628,5,5.556922,0.9477086,0.0326087,9.122841,1.757993,5.18935,AI,X010821_091_5
096,X010821,-22.65625,8.6265,15.072,30.888,3,0.5874473,0.987074,0.01204465,8.074184,1.525833,5.291657,pu,X010821_096_3
097,X010821,-17.84375,7.72036,20.35552,29.868,2,25.65111,0.9914806,0.01909518,6.844756,1.114135,6.143563,cd,X010821_097_2
097,X010821,-17.84375,7.72036,20.35552,29.868,5,1.164671,0.9914806,0.007344301,9.777323,1.391565,7.026132,cd,X010821_097_5
098,X010821,-20.4375,6.29496,18.12098,29.858,3,0.2799805,0.9632785,0.000293772,10.96657,1.517625,7.226138,cd,X010821_098_3
098,X010821,-20.4375,6.29496,18.12098,29.858,4,0.2806446,0.9632785,0.008519389,8.884274,1.375611,6.458421,cd,X010821_098_4
105,X010821,-30.34375,13.40162,4.35976,26.988,3,0.2453626,0.9940909,0.001762632,14.60932,1.535078,9.516991,AMG,X010821_105_3
111,X010821,-20.1875,5.90213,18.89802,27.907,3,1.448225,0.9867803,0.002350176,8.737888,1.746213,5.003907,cd,X010821_111_3
122,X010821,-20.5,7.493,17.724,23.886,3,4.439781,0.9873678,0.02467685,6.546053,1.082945,6.044675,cd,X010821_122_3
122,X010821,-20.5,7.493,17.724,23.886,5,0.3457331,0.9773796,0.009106933,8.957003,2.93739,3.049307,cd,X010821_122_5
130,X010821,-32.9375,11.124,3.01443999999999,23.448,2,0.5963998,0.9474148,0.03584019,13.99023,1.843446,7.589171,AMG,X010821_130_2
140,X010821,-33.75,12.46697,2.16323000000001,22.065,3,10.37566,0.980611,0.01703878,6.037766,1.495608,4.036997,AMG,X010821_140_3
142,X010821,-34.5,10.59194,1.913,21.83,3,0.4970632,0.9823737,0.005581669,14.3337,2.053647,6.979633,AMG,X010821_142_3
142,X010821,-34.5,10.59194,1.913,21.83,5,3.189431,0.9823737,0.004406581,7.964637,1.955191,4.073584,AMG,X010821_142_5
146,X010821,-17.3125,5.60669,21.55485,21.093,1,0.2168051,1,0,19.48121,2.942487,6.620661,cd,X010821_146_1
151,X010821,-31.5625,12.10225,4.27675,20.20825,1,11.07539,0.980611,0.03642773,6.962253,2.057964,3.383078,AMG,X010821_151_1
153,X010821,-21.84375,10.27894,15.2273,19.636,3,3.429094,0.9673913,0.01498237,7.683088,2.472874,3.106947,pu,X010821_153_3
156,X010821,-18.90625,7.94556,20.35704,19.41,3,9.254085,0.9823737,0.03936545,8.225291,2.442988,3.366898,cd,X010821_156_3
157,X010821,-15.75,6.04414,23.80403,19.14,2,19.27445,0.9764982,0.05581669,7.202674,1.205399,5.975345,24c,X010821_157_2
157,X010821,-15.75,6.04414,23.80403,19.14,3,2.331485,0.983255,0.007931845,9.960604,1.238089,8.045141,24c,X010821_157_3
005,X010920,-8.40625,10.44009,24.99627,43.445,3,11.15858,0.9344888,0.02790834,8.232038,1.803639,4.564126,46v,X010920_005_3
006,X010920,-9.9375,9.0822,24.3928,43.23,2,10.27606,0.9709166,0.02320799,7.745872,1.66652,4.647931,46v,X010920_006_2
006,X010920,-9.9375,9.0822,24.3928,43.23,5,0.7476295,0.9973561,0.001175088,25.56743,2.476719,10.32311,46v,X010920_006_5
011,X010920,-8.375,13.473,23.84879,42.27,3,3.137598,0.9524089,0.01204465,11.06596,1.919187,5.765963,12r,X010920_011_3
013,X010920,-8.21875,10.708,25.83634,41.885,3,1.067143,0.9979436,0,15.1795,2.062401,7.360112,46d,X010920_013_3
014,X010920,-9.53125,9.252,25.284,41.7,2,6.298443,0.9853114,0.03554641,5.282141,1.092862,4.833309,46d,X010920_014_2
014,X010920,-9.53125,9.252,25.284,41.7,4,0.2337499,0.9762045,0.01145711,13.21145,2.825587,4.675647,46d,X010920_014_4
015,X010920,-11.4375,7.8575,24.24975,41.5,4,0.9744006,0.9985312,0.00146886,22.74207,2.410958,9.432796,46v,X010920_015_4
023,X010920,-10.34375,8.59351,25.49966,39.825,4,2.884392,0.9850176,0.04670975,10.08095,1.805103,5.584698,46df,X010920_023_4
027,X010920,-7.59375,15.90082,22.70156,40.43,4,2.795943,0.9679788,0.02761457,8.457404,1.579072,5.355932,12l,X010920_027_4
028,X010920,-9.28125,15.045,22.68225,40.125,3,21.65531,0.9817861,0.04435958,5.867951,1.034326,5.673213,12l,X010920_028_3
028,X010920,-9.28125,15.045,22.68225,40.125,4,1.666046,0.9083431,0.05287896,7.077736,1.605265,4.409077,12l,X010920_028_4
029,X010920,-9.15625,13.90253,23.79669,39.68,3,15.68235,0.9823737,0.0220329,6.189866,1.184306,5.226577,46v,X010920_029_3
029,X010920,-9.15625,13.90253,23.79669,39.68,4,3.001877,0.9905993,0.02497062,13.07672,1.589819,8.225287,46v,X010920_029_4
031,X010920,-10.90625,10.39786,24.21748,38.95,4,0.7893861,0.9947121,0.001175088,16.84173,1.86207,9.04463,46df,X010920_031_4
031,X010920,-10.90625,10.39786,24.21748,38.95,5,1.590653,0.9891304,0.009988249,11.74377,1.631771,7.196951,46df,X010920_031_5
040,X010920,-11.03125,11.32254,24.3135,37.238,2,3.16298,0.9776734,0.00293772,13.21531,1.322109,9.995624,46df,X010920_040_2
040,X010920,-11.03125,11.32254,24.3135,37.238,8,0.9436218,0.9944183,0.01498237,16.56104,1.881917,8.800092,46df,X010920_040_8
052,X010920,-13.34375,8.49511,24.20205,35.098,1,0.9757301,1,0.002056404,14.6078,1.898084,7.696074,8B,X010920_052_1
055,X010920,-9.84375,19.1191,18.8656,37.513,3,12.53829,0.9571093,0.06521739,7.643262,1.606822,4.756756,12l,X010920_055_3
059,X010920,-11.03125,13.33513,23.13457,35.533,4,0.4274071,0.9967685,0.01204465,15.00293,1.686509,8.895851,46v,X010920_059_4
063,X010920,-12.71875,7.92158,25.53635,33.673,2,0.5165893,0.9421269,0.00146886,11.63915,1.518633,7.664226,8B,X010920_063_2
066,X010920,-9.125,19.47739,19.21945,35.918,4,3.057825,0.9964747,0.01498237,11.1117,2.202604,5.044801,45,X010920_066_4
070,X010920,-13.53125,13.70788,20.83804,34.348,1,19.68445,0.9900118,0.0293772,7.026297,1.2448,5.644519,46v,X010920_070_1
077,X010920,-9.375,19.7187,18.67515,34.813,3,4.347814,0.996181,0,18.20178,2.057051,8.848483,45,X010920_077_3
079,X010920,-12.75,16.88842,18.69428,33.778,4,4.14346,0.9829612,0.02967098,9.019584,1.532505,5.885519,6VaVb,X010920_079_4
080,X010920,-14.4375,15.3528,18.663,33.488,3,1.239814,0.993537,0.02467685,9.321011,1.374614,6.78082,44,X010920_080_3
080,X010920,-14.4375,15.3528,18.663,33.488,4,1.241788,0.9958872,0.005581669,14.67164,1.6624,8.82558,44,X010920_080_4
089,X010920,-10.6875,20.06907,17.13025,33.278,4,0.2680195,0.9982374,0.0008813161,15.98928,1.70979,9.351605,6VaVb,X010920_089_4
091,X010920,-10.625,16.68616,20.92979,32.323,3,0.1221791,0.9994125,0.008225617,18.27689,2.219427,8.234961,45,X010920_091_3
096,X010920,-12.5,8.7552,24.89148,29.568,4,3.704993,0.9647474,0.02673326,5.065988,1.052863,4.811633,8B,X010920_096_4
096,X010920,-12.5,8.7552,24.89148,29.568,5,9.056162,0.9753231,0.003819037,7.884027,1.347906,5.849091,8B,X010920_096_5
097,X010920,-12.625,7.70632,25.45924,29.148,3,3.112383,0.985899,0.02438308,8.498141,1.652779,5.141729,6DR,X010920_097_3
101,X010920,-10.0625,20.30864,18.07568,31.848,5,0.7679788,0.9885429,0.03525265,7.815084,1.291075,6.053161,6VaVb,X010920_101_5
101,X010920,-10.0625,20.30864,18.07568,31.848,7,0.5209193,0.9988249,0.0005875441,16.33222,1.609191,10.14933,6VaVb,X010920_101_7
104,X010920,-11.8125,14.72832,21.5466,30.788,3,21.00098,0.9817861,0.06844889,6.244199,1.106113,5.645173,45,X010920_104_3
106,X010920,-10.625,12.52075,24.877,25.939,3,3.062152,0.9958872,0.07021151,7.276127,1.728133,4.210398,6DC,X010920_106_3
106,X010920,-10.625,12.52075,24.877,25.939,4,0.1005647,0.8284371,0.005875441,13.65823,1.271307,10.74345,6DC,X010920_106_4
111,X010920,-14.625,5.70472,24.57788,27.052,5,1.654337,0.9856052,0.0440658,8.113628,1.47927,5.484886,6DR,X010920_111_5
116,X010920,-15.25,14.67028,18.90256,26.09,2,7.816975,0.9976498,0.003819037,13.14435,1.286825,10.21456,pu,X010920_116_2
131,X010920,-15.4375,10.21481,21.02453,22.952,3,0.9489213,0.8422444,0.01556992,7.91524,1.356646,5.834419,6DC,X010920_131_3
131,X010920,-15.4375,10.21481,21.02453,22.952,6,0.3895176,0.9336075,0.0005875441,18.97797,1.465533,12.94953,6DC,X010920_131_6
144,X010920,-15.125,7.95529,23.19755,20.85133,3,7.968103,1,0.1054642,11.77259,1.549141,7.599431,cd,X010920_144_3
156,X010920,-15.8125,7.56154,23.17636,19.2,2,4.313484,0.9876616,0.07696828,6.92816,1.676687,4.132052,24c,X010920_156_2
157,X010920,-14.5625,5.9237,24.63365,19.08,4,1.295884,0.993537,0.003525264,9.624858,1.919542,5.014143,24c,X010920_157_4
004,X011121,-11.09375,11.4314,21.8534,43.505,3,0.4268776,0.9964747,0.002350176,11.57099,3.03529,3.812152,12m,X011121_004_3
007,X011121,-14.6875,7.54408,20.40656,43.29,2,1.978195,0.9952996,0.01086957,9.756479,2.931795,3.327818,11ml,X011121_007_2
007,X011121,-14.6875,7.54408,20.40656,43.29,3,1.770883,0.9632785,0,18.45943,1.950815,9.462419,11ml,X011121_007_3
011,X011121,-8.28125,13.475,23.95752,42.26,2,6.230912,0.9911869,0.07461809,8.678619,1.681651,5.160775,12r,X011121_011_2
012,X011121,-11.3125,12.56,21.95462,42.305,3,3.839592,0.9947121,0.01439483,9.220864,1.200179,7.682907,12m,X011121_012_3
014,X011121,-13.71875,9.144,21.05175,42.24,2,1.786692,0.9985312,0.0005875441,14.16506,1.731948,8.178684,11ml,X011121_014_2
024,X011121,-16.78125,7.131,20.02601,40.175,3,0.2629233,1,0,23.19523,2.411564,9.618336,11ml,X011121_024_3
028,X011121,-8.34375,15.029,23.66409,40.005,3,0.7030938,0.9900118,0.03025852,7.843498,2.316389,3.386088,12l,X011121_028_3
029,X011121,-12.1875,13.99126,20.86898,40.06,3,0.09916689,0.9929495,0.001175088,16.63509,2.790808,5.96067,12m,X011121_029_3
029,X011121,-12.1875,13.99126,20.86898,40.06,4,0.9456527,0.989718,0.01439483,9.512466,2.510298,3.789378,12m,X011121_029_4
032,X011121,-16.875,9.003,19.54084,39.225,2,17.10975,0.9521152,0.04641598,3.753719,0.9654441,3.888075,13m,X011121_032_2
032,X011121,-16.875,9.003,19.54084,39.225,4,1.04348,0.9926557,0.005581669,11.35224,1.993657,5.694178,13m,X011121_032_4
033,X011121,-18.125,7.523,19.00765,38.99,1,5.206377,0.9903055,0.007931845,7.451849,1.690389,4.408363,13m,X011121_033_1
039,X011121,-14.21875,12.93733,19.85015,38.113,4,0.4998105,1,0,28.43407,3.149836,9.027161,13l,X011121_039_4
039,X011121,-14.21875,12.93733,19.85015,38.113,6,1.618686,0.9864865,0.01204465,8.80105,1.698572,5.181441,13l,X011121_039_6
039,X011121,-14.21875,12.93733,19.85015,38.113,7,0.11085,0.9955934,0.00293772,16.07103,1.789274,8.981875,13l,X011121_039_7
040,X011121,-16.125,11.49779,19.26975,37.863,3,2.422824,0.9985312,0.007344301,15.02731,1.940786,7.742897,13l,X011121_040_3
047,X011121,-12.59375,16.32448,19.42692,37.788,4,15.79772,0.9988249,0.004994125,9.039449,1.427589,6.331968,12o,X011121_047_4
052,X011121,-23.0625,8.75677,14.48535,36.358,3,3.587054,0.8631023,0.08960047,6.184859,2.092313,2.955991,13m,X011121_052_3
054,X011121,-23.53125,5.8336,15.0488,35.688,3,2.655035,0.9694477,0.01498237,5.7732,3.169379,1.821555,13m,X011121_054_3
055,X011121,-10.34375,19.12612,18.41692,37.588,1,6.254246,0.9841363,0.005581669,15.99115,2.087272,7.661265,12l,X011121_055_1
055,X011121,-10.34375,19.12612,18.41692,37.588,4,2.002385,0.9700353,0.005581669,7.461101,0.9944829,7.502493,12l,X011121_055_4
057,X011121,-14.6875,16.47195,17.13461,37.018,4,4.595012,0.9735605,0.05376028,6.596219,1.978332,3.334232,12o,X011121_057_4
058,X011121,-16.34375,15.01917,16.76506,36.758,3,2.077343,0.9914806,0.01086957,10.11137,2.63504,3.837274,12o,X011121_058_3
060,X011121,-17.4375,12.6574,18.1648,35.788,3,3.581917,0.9947121,0.01938896,13.35355,1.764218,7.569106,AI,X011121_060_3
061,X011121,-18.1875,11.2242,18.7252,35.188,3,4.394278,0.9967685,0.007344301,11.88692,1.444085,8.231455,AI,X011121_061_3
061,X011121,-18.1875,11.2242,18.7252,35.188,4,3.63546,0.9944183,0.005875441,9.492433,1.598633,5.937845,AI,X011121_061_4
065,X011121,-24.53125,5.59412,14.78984,34.568,3,1.005584,0.8290247,0.05757932,8.119976,1.936271,4.193616,13m,X011121_065_3
067,X011121,-16.40625,18.02594,13.62334,36.348,3,18.18686,0.9350764,0.1116334,5.848271,1.84239,3.174284,12o,X011121_067_3
068,X011121,-17.65625,16.8657,13.89628,35.968,3,9.286154,0.9638661,0.02467685,7.915013,1.830459,4.32406,12o,X011121_068_3
069,X011121,-17.40625,15.32188,15.94308,35.408,2,7.09597,0.972973,0.05787309,8.210322,1.377805,5.958987,12o,X011121_069_2
071,X011121,-19.34375,12.03031,16.33622,34.153,4,5.567504,0.9997062,0.0005875441,10.61124,1.429164,7.424787,AI,X011121_071_4
072,X011121,-20.53125,10.84283,16.49344,33.968,2,1.046868,0.9891304,0.01498237,9.390902,2.357575,3.983289,AI,X011121_072_2
073,X011121,-22.8125,9.96784,14.92539,34.073,5,1.024616,0.9983832,0.001762632,17.66408,1.654778,10.67459,AI,X011121_073_5
080,X011121,-18.4375,15.43236,14.6374,34.083,4,3.521948,0.9985312,0.006462985,9.394302,1.593973,5.893641,AI,X011121_080_4
091,X011121,-17.65625,16.77664,13.92716,33.628,2,6.630052,0.9477086,0.05552291,7.352736,2.000065,3.676248,AI,X011121_091_2
091,X011121,-17.65625,16.77664,13.92716,33.628,4,2.126493,0.9477086,0.01498237,11.2102,1.969313,5.692441,AI,X011121_091_4
096,X011121,-22.65625,8.6265,15.072,30.888,2,0.7591694,0.9914806,0.02761457,7.526648,2.059459,3.654672,pu,X011121_096_2
097,X011121,-17.84375,7.72036,20.35552,29.868,2,15.99062,0.9576969,0.03055229,5.094502,1.213171,4.199326,cd,X011121_097_2
098,X011121,-20.5,6.29496,18.12098,29.858,3,0.06504205,0.9812239,0.007638073,12.10515,1.803297,6.712789,cd,X011121_098_3
099,X011121,-20.21875,4.79078,18.82796,29.403,6,0.7174656,0.9900118,0.03907168,7.51879,2.438671,3.083151,cd,X011121_099_6
109,X011121,-15.71875,7.34546,22.05037,27.224,3,12.38884,0.9841363,0.01615746,8.948603,1.463945,6.112661,cd,X011121_109_3
112,X011121,-20.8125,4.2312,18.52635,27.811,3,0.2945463,0.9726792,0.002056404,14.38848,1.627643,8.840068,cd,X011121_112_3
117,X011121,-31.375,13.69614,3.27866,25.592,1,1.296713,0.9709166,0.02144536,7.434402,2.377531,3.126942,AMG,X011121_117_1
118,X011121,-30.90625,12.4925,4.3291,25.667,3,0.6537504,0.8061104,0.01703878,10.29462,1.941994,5.301059,AMG,X011121_118_3
130,X011121,-33,11.124,3.01443999999999,23.448,3,2.585102,0.987074,0.01821387,9.184752,1.617088,5.679811,AMG,X011121_130_3
142,X011121,-34.5,10.59194,1.913,21.83,3,2.079711,0.9797297,0.01028202,9.900965,2.192438,4.515961,AMG,X011121_142_3
156,X011121,-18.90625,7.94556,20.35704,19.41,5,0.7586237,0.9910314,0.05405406,9.807147,1.716241,5.714318,cd,X011121_156_5
003,X011221,-8.6875,12.21264,23.28667,43.945,3,8.668279,0.9371328,0.140423,4.997916,1.65341,3.022793,11ml,X011221_003_3
007,X011221,-14.6875,7.54408,20.40656,43.29,2,3.025777,0.9814923,0.005287896,24.9831,3.148907,7.933893,11ml,X011221_007_2
014,X011221,-13.71875,9.144,21.05175,42.24,3,0.8818373,0.9991187,0.0008813161,13.73165,1.767728,7.767966,11ml,X011221_014_3
029,X011221,-12.1875,13.99126,20.86898,40.06,3,0.9386072,0.9788484,0.02144536,8.267801,2.362068,3.500238,12m,X011221_029_3
029,X011221,-12.1875,13.99126,20.86898,40.06,4,0.1773831,0.9788484,0.003231492,13.30449,2.580219,5.156341,12m,X011221_029_4
032,X011221,-16.875,9.003,19.54084,39.225,4,7.058022,0.9926557,0.0252644,10.09364,1.774761,5.687327,13m,X011221_032_4
033,X011221,-18.125,7.523,19.00765,38.99,4,5.030011,0.9958478,0.005287896,13.09998,1.456228,8.995831,13m,X011221_033_4
034,X011221,-18.71875,5.95892,18.92028,38.78,3,6.783698,0.9629847,0.04612221,8.471899,2.265201,3.740021,13m,X011221_034_3
040,X011221,-16.125,11.49779,19.26975,37.863,3,2.097761,0.9876616,0.02144536,12.69843,3.064141,4.144206,13l,X011221_040_3
047,X011221,-12.625,16.32448,19.42692,37.788,1,13.3349,0.996181,0.003525264,8.360748,1.457205,5.737523,12o,X011221_047_1
047,X011221,-12.625,16.32448,19.42692,37.788,7,4.737722,0.985899,0.06227967,7.687059,1.51857,5.062037,12o,X011221_047_7
050,X011221,-17.125,11.5578,18.339,36.488,3,0.6851093,0.9964184,0.005875441,11.55221,1.41132,8.185392,13l,X011221_050_3
051,X011221,-19.46875,10.20886,16.8814,36.348,3,1.421977,0.9985312,0.005581669,17.33887,1.805638,9.602626,13l,X011221_051_3
052,X011221,-23.09375,8.75677,14.48535,36.358,3,0.2279937,0.9944183,0.01439483,9.938394,4.709599,2.110242,13m,X011221_052_3
055,X011221,-10.34375,19.12612,18.41692,37.588,2,5.827263,0.9750293,0.01175088,5.637684,0.9180446,6.140969,12l,X011221_055_2
055,X011221,-10.34375,19.12612,18.41692,37.588,3,7.980595,0.9982374,0.007344301,13.45529,1.490154,9.029466,12l,X011221_055_3
057,X011221,-14.71875,16.47195,17.13461,37.018,3,4.828392,0.9929495,0.006169213,11.729,1.634662,7.175185,12o,X011221_057_3
059,X011221,-17.03125,13.52988,17.29232,36.408,3,2.953048,0.9726792,0.01850764,9.410281,2.447782,3.844411,12o,X011221_059_3
060,X011221,-17.4375,12.6574,18.1648,35.788,4,3.263248,0.983255,0.07226792,10.03186,1.560132,6.430138,AI,X011221_060_4
061,X011221,-18.1875,11.2242,18.7252,35.188,2,5.948485,0.9938308,0.005581669,10.95088,1.468449,7.457443,AI,X011221_061_2
068,X011221,-17.65625,16.8657,13.89628,35.968,3,9.604012,0.9656287,0.05111633,7.52167,2.150046,3.498377,12o,X011221_068_3
069,X011221,-17.4375,15.32188,15.94308,35.408,3,7.420237,0.9888366,0.03290247,8.897559,1.497657,5.940988,12o,X011221_069_3
071,X011221,-19.34375,12.03031,16.33622,34.153,3,3.376023,0.9955934,0.002350176,11.78926,1.584656,7.439634,AI,X011221_071_3
073,X011221,-22.8125,9.96784,14.92539,34.073,1,1.30957,0.9980412,0.01645123,15.933,1.646352,9.677759,AI,X011221_073_1
078,X011221,-16.4375,18.78783,13.17136,35.583,4,4.101559,0.976792,0.01909518,7.140954,2.203933,3.240096,12o,X011221_078_4
080,X011221,-18.46875,15.43236,14.6374,34.083,1,2.688291,0.9964747,0.005581669,7.273469,1.465734,4.962341,AI,X011221_080_1
091,X011221,-17.71875,16.77664,13.92716,33.628,3,7.726152,0.9673913,0.05581669,7.636343,2.163741,3.529232,AI,X011221_091_3
096,X011221,-22.78125,8.6226,14.77444,30.928,4,2.715268,0.9841363,0.02173913,4.637039,1.80277,2.572175,pu,X011221_096_4
098,X011221,-20.625,6.29496,18.12098,29.858,6,0.2053178,0.9903315,0.02115159,11.85676,1.899831,6.240954,cd,X011221_098_6
099,X011221,-20.34375,4.79078,18.82796,29.403,4,6.592227,0.9685664,0.03789659,6.767661,1.797621,3.764788,cd,X011221_099_4
100,X011221,-21.5625,3.30064,17.99068,29.268,2,1.715999,0.9873678,0.02173913,10.48088,1.727069,6.068596,cd,X011221_100_2
100,X011221,-21.5625,3.30064,17.99068,29.268,3,0.4980603,0.9914806,0.001175088,14.60807,2.100671,6.954003,cd,X011221_100_3
108,X011221,-16.8125,8.33414,20.44354,28.369,2,11.70216,0.9362515,0.06874266,6.737772,1.455295,4.629832,cd,X011221_108_2
108,X011221,-16.8125,8.33414,20.44354,28.369,4,0.7190784,0.9929495,0.002643948,12.99791,1.592029,8.164368,cd,X011221_108_4
109,X011221,-15.71875,7.34546,22.05037,27.224,3,0.3149204,0.9982374,0.001762632,19.92067,4.338477,4.591629,cd,X011221_109_3
111,X011221,-20.3125,5.90213,18.89802,27.907,3,1.379982,0.9947121,0.009400705,10.79532,2.134997,5.056366,cd,X011221_111_3
112,X011221,-20.9375,4.2312,18.52635,27.811,3,0.7547305,0.9932432,0.1110458,10.14437,3.208731,3.161491,cd,X011221_112_3
117,X011221,-31.4375,13.69614,3.27866,25.592,3,2.077107,0.9732667,0.01086957,7.719094,2.587449,2.983284,AMG,X011221_117_3
119,X011221,-33.34375,11.1,2.61636,25.249,6,2.81532,0.9926557,0.01233843,8.4261,2.126305,3.96279,AMG,X011221_119_6
147,X011221,-15.53125,3.96338,24.13109,23.014,3,0.2974226,0.9944183,0.002056404,10.66162,3.505704,3.041221,24c,X011221_147_3
005,X011320,-8.53125,10.44009,24.99627,43.445,3,0.7369403,0.9900118,0.01821387,10.33345,1.929223,5.356274,46v,X011320_005_3
005,X011320,-8.53125,10.44009,24.99627,43.445,4,0.3858257,0.9923619,0.005875441,19.85456,2.155386,9.211604,46v,X011320_005_4
006,X011320,-10.0625,9.07962,24.22813,43.25,3,1.372112,0.9976498,0.007050529,13.09693,1.654565,7.91563,46v,X011320_006_3
007,X011320,-9.53125,7.62437,25.56434,42.67,1,4.141617,0.983255,0.007931845,9.845805,1.882024,5.231499,46d,X011320_007_1
008,X011320,-9.90625,6.0905,26.255,42.28,3,0.08180001,0.9817861,0.06022327,10.62323,1.9473,5.455363,46d,X011320_008_3
011,X011320,-8.5625,13.471,23.74006,42.28,1,6.77187,0.9544653,0.03730905,9.65439,2.784182,3.467586,12r,X011320_011_1
019,X011320,-8.15625,14.60254,24.1885,41.08,3,0.07280675,0.9994125,0.0005875441,41.3732,4.667224,8.864628,12m,X011320_019_3
019,X011320,-8.15625,14.60254,24.1885,41.08,7,0.1332719,0.9994125,0.000293772,19.40936,6.104891,3.179313,12m,X011320_019_7
022,X011320,-9.96875,10.0388,25.1638,40.2,2,13.69757,0.9662162,0.02408931,8.1682,1.859558,4.39255,46df,X011320_022_2
026,X011320,-7.28125,16.92707,21.59998,40.79,3,0.4610576,0.9900118,0.004700352,10.89019,4.307298,2.528312,12l,X011320_026_3
027,X011320,-7.59375,15.90082,22.70156,40.43,1,1.453324,0.9991187,0.07990599,12.78626,1.666268,7.673591,12l,X011320_027_1
028,X011320,-9.3125,15.045,22.68225,40.125,3,21.25962,0.9867803,0.05141011,6.394179,1.025409,6.235733,12l,X011320_028_3
037,X011320,-9.84375,15.95891,21.9014,38.848,3,0.836297,0.9970623,0.004700352,13.34152,1.954658,6.8255,12o,X011320_037_3
040,X011320,-11.03125,11.32254,24.3135,37.238,2,0.2880044,0.9973561,0.007638073,13.99692,1.725381,8.112368,46df,X011320_040_2
040,X011320,-11.03125,11.32254,24.3135,37.238,5,2.520943,1,0.001175088,12.42283,2.038694,6.093521,46df,X011320_040_5
040,X011320,-11.03125,11.32254,24.3135,37.238,6,3.759982,0.9556404,0.07520564,7.380642,2.140878,3.447483,46df,X011320_040_6
047,X011320,-9.90625,16.2248,22.0442,37.388,3,0.7075773,0.9882491,0.003231492,8.842838,1.476809,5.9878,12o,X011320_047_3
053,X011320,-12.71875,6.94813,25.76186,34.533,3,0.1815571,0.9982374,0,13.86855,1.804227,7.686697,8B,X011320_053_3
055,X011320,-9.96875,19.12144,18.71604,37.538,2,8.705816,0.9779671,0.01938896,8.660885,1.562036,5.544611,12l,X011320_055_2
059,X011320,-11.28125,13.34292,22.90088,35.568,3,3.323296,0.9861927,0.03319624,10.13358,1.912603,5.298319,46v,X011320_059_3
060,X011320,-10.40625,12.28364,25.04448,34.828,2,11.89618,0.9976498,0.008519389,12.71096,1.289098,9.860353,46d,X011320_060_2
060,X011320,-10.40625,12.28364,25.04448,34.828,3,7.338266,0.9726792,0.0346651,6.033889,1.498663,4.026182,46d,X011320_060_3
066,X011320,-9.5,19.48517,18.86735,35.978,1,6.947221,0.9697415,0.01498237,6.725025,1.141599,5.89088,45,X011320_066_1
077,X011320,-9.375,19.7187,18.67515,34.813,4,3.444944,1,0,31.83482,2.475559,12.85965,45,X011320_077_4
078,X011320,-11.0625,18.59308,18.42936,34.708,3,9.823957,1,0.003525264,11.87603,1.446267,8.211506,45,X011320_078_3
079,X011320,-13,16.89465,18.4606,33.813,3,4.509144,0.9873678,0.02262045,9.694623,1.921118,5.046344,6VaVb,X011320_079_3
089,X011320,-10.8125,20.06907,17.13025,33.278,3,2.002048,0.913631,0.004406581,14.1565,1.497191,9.455376,6VaVb,X011320_089_3
089,X011320,-10.8125,20.06907,17.13025,33.278,5,1.237727,0.9797297,0.003525264,10.73731,1.607181,6.680832,6VaVb,X011320_089_5
091,X011320,-10.875,16.68928,20.68832,32.368,7,1.159481,0.9938308,0.01351351,14.0089,1.780906,7.866166,45,X011320_091_7
091,X011320,-10.875,16.68928,20.68832,32.368,8,0.03848424,0.9964747,0.001762632,21.97,1.868924,11.75543,45,X011320_091_8
093,X011320,-12.6875,13.90088,21.87021,31.593,2,5.628031,0.9574031,0.01733255,6.515299,1.620708,4.020032,45,X011320_093_2
096,X011320,-12.75,8.7552,24.89148,29.568,1,12.30303,1,0.00146886,22.02287,1.809675,12.16952,8B,X011320_096_1
101,X011320,-10.1875,20.30864,18.07568,31.848,3,0.6589211,0.9914806,0.008813161,10.59812,1.729944,6.126284,6VaVb,X011320_101_3
104,X011320,-12.125,14.72141,21.30505,30.838,2,5.684128,0.9697415,0.03789659,6.100827,1.263582,4.8282,45,X011320_104_2
106,X011320,-10.75,12.52075,24.877,25.939,1,2.650801,0.9941245,0.0346651,9.242538,1.68101,5.498207,6DC,X011320_106_1
107,X011320,-11.875,11.0924,24.34284,25.65,3,9.833979,0.9764982,0.06492362,8.181332,1.219327,6.709709,6DC,X011320_107_3
109,X011320,-13.4375,7.36968,24.29646,26.979,3,1.17407,0.9867803,0.04876616,6.863745,2.465802,2.783575,6DR,X011320_109_3
157,X011320,-15.0625,5.98392,24.21884,19.11,3,11.07153,0.9427145,0.0126322,8.825154,1.220767,7.229188,24c,X011320_157_3
157,X011320,-15.0625,5.98392,24.21884,19.11,5,1.71679,0.9967685,0.003231492,16.27596,1.710757,9.513893,24c,X011320_157_5
007,X011321,-14.6875,7.54408,20.40656,43.29,3,6.330512,1,0,19.92016,2.549637,7.812939,11ml,X011321_007_3
011,X011321,-8.375,13.473,23.84879,42.27,5,1.518056,0.9911869,0.007638073,10.47682,1.966756,5.326955,12r,X011321_011_5
015,X011321,-15.25,7.824,20.481,42,4,4.439434,0.9623972,0.09547591,7.413183,2.191436,3.382797,11ml,X011321_015_4
016,X011321,-16.65625,6.30596,19.8032,41.7,2,0.4688619,0.9994125,0.001175088,10.98203,1.866208,5.884677,11ml,X011321_016_2
023,X011321,-15.5625,8.61093,20.43538,40.475,5,1.475818,0.9891304,0.004994125,9.464136,1.715474,5.516921,11ml,X011321_023_5
024,X011321,-16.8125,7.131,20.02601,40.175,2,1.62298,0.9738543,0.01556992,10.42437,1.738482,5.99625,11ml,X011321_024_2
029,X011321,-12.21875,13.99593,20.71489,40.08,3,0.6638523,0.9911869,0.001175088,11.74538,2.544155,4.616614,12m,X011321_029_3
029,X011321,-12.21875,13.99593,20.71489,40.08,6,0.09406564,0.9911869,0.001175088,18.48764,2.010682,9.194708,12m,X011321_029_6
032,X011321,-16.90625,9.003,19.54084,39.225,5,0.8354924,0.9917012,0.005581669,14.71642,1.903267,7.732191,13m,X011321_032_5
033,X011321,-18.15625,7.523,19.00765,38.99,1,1.416163,0.9662162,0.007931845,6.391198,4.45595,1.434307,13m,X011321_033_1
039,X011321,-14.25,12.93733,19.85015,38.113,3,1.24323,0.9835488,0.01527615,10.14431,2.070354,4.899798,13l,X011321_039_3
040,X011321,-16.15625,11.49779,19.26975,37.863,2,2.165972,0.9856052,0.04494712,10.61711,1.560629,6.803095,13l,X011321_040_2
043,X011321,-20.8125,7.05844,17.14596,37.188,2,1.544088,0.9488837,0.01145711,8.830306,1.377953,6.408276,13m,X011321_043_2
043,X011321,-20.8125,7.05844,17.14596,37.188,3,4.47247,0.9488837,0.01821387,11.89719,1.490265,7.983274,13m,X011321_043_3
044,X011321,-21.28125,5.56605,17.32498,36.878,5,1.851124,0.9847239,0,11.42039,2.394655,4.76912,13m,X011321_044_5
044,X011321,-21.28125,5.56605,17.32498,36.878,6,0.1521163,0.9847239,0.001175088,15.89038,1.894082,8.389488,13m,X011321_044_6
047,X011321,-12.625,16.32448,19.42692,37.788,1,16.06033,0.9791422,0.008813161,6.292623,1.210223,5.199556,12o,X011321_047_1
047,X011321,-12.625,16.32448,19.42692,37.788,4,4.782837,0.9773796,0.07843713,6.590303,1.856709,3.549454,12o,X011321_047_4
050,X011321,-17.15625,11.5578,18.339,36.488,2,0.4730093,0.9950058,0.002056404,11.11528,1.718331,6.468647,13l,X011321_050_2
055,X011321,-10.40625,19.12846,18.26736,37.613,4,2.573855,0.9750293,0.006462985,7.894707,3.571607,2.210407,12l,X011321_055_4
057,X011321,-14.71875,16.47195,17.13461,37.018,5,3.963969,0.9955934,0.007931845,11.40132,1.42521,7.999746,12o,X011321_057_5
060,X011321,-17.46875,12.6574,18.1648,35.788,3,2.877407,0.9867803,0.02555817,10.00881,1.604143,6.239347,AI,X011321_060_3
061,X011321,-18.1875,11.2242,18.7252,35.188,1,3.321167,0.9920682,0.008225617,5.818727,1.154077,5.041889,AI,X011321_061_1
061,X011321,-18.1875,11.2242,18.7252,35.188,5,4.211317,0.9964747,0.004700352,7.633626,2.317649,3.293694,AI,X011321_061_5
065,X011321,-24.625,5.61048,14.52811,34.608,3,3.52587,0.9142185,0.1034078,6.574244,1.639118,4.010842,13m,X011321_065_3
066,X011321,-13.84375,19.57853,14.64215,36.698,4,2.218426,0.970329,0.03172738,9.558584,2.025006,4.720274,12o,X011321_066_4
066,X011321,-13.84375,19.57853,14.64215,36.698,5,0.9114206,0.970329,0.009400705,14.12147,1.90167,7.425826,12o,X011321_066_5
068,X011321,-17.71875,16.87115,13.69376,35.998,3,5.146183,0.9409518,0.05082256,6.896296,1.534578,4.493937,12o,X011321_068_3
069,X011321,-17.5,15.32967,15.70472,35.443,3,5.580831,0.9900118,0.004700352,11.56961,1.45002,7.97893,12o,X011321_069_3
073,X011321,-22.875,9.96784,14.92539,34.073,3,1.830871,0.9879553,0.1363102,7.946944,1.226086,6.481557,AI,X011321_073_3
077,X011321,-14.40625,19.78656,13.81852,35.828,2,21.71712,0.9973561,0.02173913,8.563296,1.406597,6.087953,12o,X011321_077_2
078,X011321,-16.4375,18.78783,13.17136,35.583,4,3.875438,0.9712104,0.04230317,7.478117,2.367508,3.158644,12o,X011321_078_4
081,X011321,-19.96875,13.96328,14.60932,33.768,7,1.077972,0.9982374,0.007638073,10.35229,1.988968,5.204856,AI,X011321_081_7
086,X011321,-20.15625,6.48026,18.51696,31.403,3,0.807776,0.9905993,0.02115159,8.469342,2.267702,3.734769,cd,X011321_086_3
086,X011321,-20.15625,6.48026,18.51696,31.403,5,0.365891,0.9905993,0.002643948,14.77512,1.911702,7.728778,cd,X011321_086_5
095,X011321,-25.0625,9.57847,11.89147,31.533,2,7.839542,0.9647474,0.1509988,6.522704,1.702339,3.831613,AI,X011321_095_2
096,X011321,-22.8125,8.6226,14.77444,30.928,6,2.766422,0.970329,0.0199765,4.58215,1.780471,2.57356,pu,X011321_096_6
097,X011321,-17.875,7.72036,20.35552,29.868,3,3.601612,0.9908814,0.008519389,9.771926,1.414079,6.910454,cd,X011321_097_3
098,X011321,-20.65625,6.29496,18.12098,29.858,6,0.08400863,0.9947043,0.0472973,11.39874,1.810252,6.296767,cd,X011321_098_6
099,X011321,-20.375,4.79078,18.82796,29.403,1,4.557048,0.9776734,0.01498237,7.171774,2.088541,3.433868,cd,X011321_099_1
108,X011321,-16.8125,8.33414,20.44354,28.369,4,0.4237468,0.9988249,0.004700352,14.65632,1.491224,9.828387,cd,X011321_108_4
109,X011321,-15.78125,7.34546,22.05037,27.224,2,11.50244,0.9435958,0.02320799,8.434455,1.336219,6.312182,cd,X011321_109_2
109,X011321,-15.78125,7.34546,22.05037,27.224,5,0.3656269,1,0,20.87403,1.984972,10.51603,cd,X011321_109_5
111,X011321,-20.375,5.90213,18.89802,27.907,4,0.5309125,0.9926557,0.03525265,14.43638,1.902701,7.587306,cd,X011321_111_4
111,X011321,-20.375,5.90213,18.89802,27.907,5,4.563203,0.9788484,0.06139835,7.073615,1.650629,4.285406,cd,X011321_111_5
119,X011321,-33.40625,11.1,2.61636,25.249,1,2.99468,0.9900118,0.007931845,8.651879,1.96409,4.405033,AMG,X011321_119_1
122,X011321,-20.875,7.50502,17.31824,23.901,6,3.794417,0.9841363,0.01821387,7.322698,2.703188,2.708912,pu,X011321_122_6
124,X011321,-22.8125,4.41921,16.4869,26.593,2,3.09324,0.9668038,0.0005875441,5.556051,1.429585,3.886479,cd,X011321_124_2
130,X011321,-33.1875,11.124,3.01443999999999,23.448,3,0.9547114,0.9159812,0.01204465,8.49795,2.384669,3.563576,AMG,X011321_130_3
138,X011321,-29.46875,14.6236,4.29221,22.121,5,0.421508,0.9591657,0.02555817,9.853319,2.428269,4.057754,AMG,X011321_138_5
142,X011321,-34.625,10.59194,1.913,21.83,3,0.1708088,0.9988249,0,15.97477,3.159909,5.055453,AMG,X011321_142_3
143,X011321,-27.96875,9.56627,8.94631,22.02,2,60.50103,0.9403643,0.09606346,5.752778,0.9660797,5.954765,AMG,X011321_143_2
157,X011321,-15.9375,6.10436,23.38922,19.17,6,2.096941,0.9856052,0.01615746,9.830326,1.256808,7.82166,24c,X011321_157_6
157,X011321,-15.9375,6.10436,23.38922,19.17,7,0.0730263,0.9856052,0.08578143,9.424177,2.699188,3.491485,24c,X011321_157_7
004,X011420,-9.3125,11.4918,23.5518,43.355,3,0.3491165,0.9403643,0.001175088,13.29332,1.603772,8.288788,12r,X011420_004_3
004,X011420,-9.3125,11.4918,23.5518,43.355,6,0.4925969,0.9494712,0.01909518,7.974928,1.394864,5.71735,12r,X011420_004_6
007,X011420,-9.84375,7.61919,25.23158,42.71,2,1.407071,0.9838426,0.00293772,12.76975,1.809259,7.057999,46d,X011420_007_2
008,X011420,-10.21875,6.08532,25.86532,42.33,3,2.073512,0.9882491,0.006169213,10.18011,2.25419,4.516084,46d,X011420_008_3
011,X011420,-8.6875,13.467,23.5226,42.3,3,4.169083,0.9559342,0.04024677,8.390447,1.958025,4.285157,12r,X011420_011_3
013,X011420,-9.09375,10.696,25.0039,41.975,3,0.4464661,0.9908931,0.01028202,9.017966,2.220481,4.061267,46v,X011420_013_3
015,X011420,-11.5,7.85616,24.099,41.52,3,2.882259,0.9932432,0.008813161,11.58567,1.425963,8.1248,46v,X011420_015_3
018,X011420,-7.1875,15.34687,23.74034,41.415,3,2.681141,0.9911869,0.01292597,10.185,1.636915,6.222072,12l,X011420_018_3
019,X011420,-8.21875,14.60455,24.03975,41.1,2,3.577323,0.9400705,0.01850764,10.33171,1.773856,5.824439,12m,X011420_019_2
027,X011420,-7.625,15.90082,22.70156,40.43,3,0.6103697,0.9914806,0.07050529,9.67376,1.445383,6.692872,12l,X011420_027_3
028,X011420,-9.34375,15.047,22.55952,40.14,3,1.515875,0.9976498,0.1034078,13.30702,1.631601,8.155802,12l,X011420_028_3
031,X011420,-12.28125,10.40255,22.9054,39.125,3,1.045479,1,0,15.12136,1.788063,8.456839,46v,X011420_031_3
048,X011420,-12.28125,15.17378,21.03112,37.248,2,3.709563,0.9932432,0.01498237,6.005732,1.243539,4.829549,13l,X011420_048_2
048,X011420,-12.28125,15.17378,21.03112,37.248,7,7.671481,0.985899,0.009106933,6.610755,1.627139,4.062809,13l,X011420_048_7
053,X011420,-13.21875,6.96371,25.23062,34.603,3,1.076175,0.9938308,0.01321974,11.39329,1.742921,6.536896,8B,X011420_053_3
055,X011420,-10.03125,19.12144,18.71604,37.538,2,7.629142,0.9811986,0.02849589,8.526028,1.481966,5.753187,12l,X011420_055_2
059,X011420,-11.53125,13.35071,22.66719,35.603,3,0.1285435,0.9979436,0.00146886,17.98046,1.947361,9.233244,46v,X011420_059_3
069,X011420,-15.65625,15.26735,17.6116,35.163,3,12.41562,0.9985312,0.009988249,9.92533,1.194322,8.310432,AI,X011420_069_3
077,X011420,-9.375,19.7187,18.67515,34.813,3,3.410934,0.9997062,0.003819037,16.13733,2.204483,7.320234,45,X011420_077_3
078,X011420,-11.0625,18.59308,18.42936,34.708,3,2.825318,0.9750293,0.07314923,7.775094,1.771281,4.389531,45,X011420_078_3
078,X011420,-11.0625,18.59308,18.42936,34.708,4,1.201603,0.9926557,0.005875441,14.04028,1.725833,8.135365,45,X011420_078_4
079,X011420,-13.1875,16.90088,18.22692,33.848,3,1.366873,0.9979436,0.004700352,15.77652,1.881132,8.386717,6VaVb,X011420_079_3
089,X011420,-10.9375,20.07296,16.962,33.308,2,0.7465848,0.9482961,0.009400705,15.05742,1.406368,10.7066,6VaVb,X011420_089_2
089,X011420,-10.9375,20.07296,16.962,33.308,3,1.587012,0.9459459,0.00146886,11.2579,1.419842,7.928986,6VaVb,X011420_089_3
091,X011420,-11.25,16.69552,20.20538,32.458,4,2.122037,0.9867803,0.007931845,10.92258,2.033282,5.371898,45,X011420_091_4
097,X011420,-13.5,7.70866,24.60862,29.268,3,1.755158,0.9994125,0.008519389,12.69446,1.524783,8.325418,8B,X011420_097_3
101,X011420,-10.3125,20.31258,17.89821,31.883,3,2.067683,0.9994125,0,14.97876,1.829542,8.187164,6VaVb,X011420_101_3
101,X011420,-10.3125,20.31258,17.89821,31.883,4,3.243606,0.9917744,0.04524089,9.388557,2.057365,4.56339,6VaVb,X011420_101_4
103,X011420,-12.25,16.13218,19.55113,31.773,2,4.434265,0.9430082,0.01498237,7.334836,1.536422,4.773973,45,X011420_103_2
106,X011420,-10.9375,12.52458,24.45556,25.949,3,0.2591845,0.9920225,0.008225617,13.2165,1.347556,9.80775,6DC,X011420_106_3
107,X011420,-12.0625,11.09495,23.92012,25.66,4,8.919662,0.9979436,0.04377203,10.87888,1.401902,7.760084,6DC,X011420_107_4
116,X011420,-15.75,14.65676,18.48027,26.11,3,0.7860507,0.9835488,0.02702703,9.371477,1.405171,6.669279,pu,X011420_116_3
117,X011420,-14.5,13.8346,20.0084,25.132,3,1.104301,0.9920682,0.03495887,9.595043,2.110157,4.547075,pu,X011420_117_3
121,X011420,-14.8125,8.55185,22.72835,24.155,2,2.298435,0.9955934,0.003819037,11.20981,1.601915,6.997754,cd,X011420_121_2
121,X011420,-14.8125,8.55185,22.72835,24.155,6,3.339263,0.974148,0.03848414,6.912571,1.978206,3.494363,cd,X011420_121_6
122,X011420,-18.3125,7.4329,19.7528,23.811,3,0.6686458,0.9932432,0.0005875441,10.45023,2.358474,4.430927,cd,X011420_122_3
129,X011420,-16.6875,12.62056,18.72776,23.253,3,14.84456,0.9994125,0,7.87776,1.31876,5.973611,pu,X011420_129_3
156,X011420,-16.4375,7.6164,22.7736,19.23,2,3.961142,0.9938308,0.002056404,9.772639,1.73776,5.623698,24c,X011420_156_2
007,X011421,-14.71875,7.54408,20.40656,43.29,1,5.886412,0.9923619,0.002643948,6.295324,2.990931,2.104805,11ml,X011421_007_1
011,X011421,-8.4375,13.473,23.84879,42.27,3,0.6137427,0.9782609,0.005581669,13.77278,1.818766,7.572597,12r,X011421_011_3
021,X011421,-14.0625,11.60206,20.14062,41.14,3,1.417818,0.9817861,0.01204465,8.015457,2.589728,3.095096,11ml,X011421_021_3
032,X011421,-16.90625,9.003,19.54084,39.225,4,2.148736,0.9976498,0.03290247,9.806457,2.010623,4.877322,13m,X011421_032_4
043,X011421,-20.84375,7.05844,17.14596,37.188,3,0.9433132,0.9938308,0.00293772,10.01583,2.789512,3.590533,13m,X011421_043_3
044,X011421,-21.3125,5.56605,17.32498,36.878,3,2.145267,0.9803173,0.006756757,9.383664,3.108038,3.01916,13m,X011421_044_3
047,X011421,-12.65625,16.32448,19.42692,37.788,1,5.272313,0.9971637,0.0640423,10.20004,1.226865,8.313906,12o,X011421_047_1
048,X011421,-14.5625,15.31406,18.69424,37.608,2,0.2992969,1,0.008813161,10.99159,1.318898,8.333924,12o,X011421_048_2
052,X011421,-23.15625,8.75677,14.48535,36.358,5,0.1200821,0.9950249,0.0008813161,16.0952,1.667612,9.651643,13m,X011421_052_5
055,X011421,-10.46875,19.12846,18.26736,37.613,4,0.2437203,0.9979436,0.008225617,16.238,1.436794,11.30155,12l,X011421_055_4
056,X011421,-13.0625,17.6274,17.22072,37.288,5,1.602349,0.9976462,0.008813161,16.64924,1.742347,9.555642,12l,X011421_056_5
057,X011421,-14.71875,16.47195,17.13461,37.018,2,4.871643,0.9963009,0.007638073,12.33391,1.290995,9.553799,12o,X011421_057_2
060,X011421,-17.46875,12.6574,18.1648,35.788,3,6.891085,0.9503525,0.1183901,6.802193,1.833895,3.709151,AI,X011421_060_3
063,X011421,-23.9375,8.62268,14.4596,35.248,3,1.055083,0.9876616,0.01850764,10.23364,1.85187,5.526112,13l,X011421_063_3
066,X011421,-13.90625,19.58242,14.4661,36.728,3,0.6486434,0.9970623,0.00146886,14.54434,1.8045,8.060043,12o,X011421_066_3
069,X011421,-17.5,15.32967,15.70472,35.443,2,6.330255,0.993537,0.005287896,10.69718,1.328169,8.054079,12o,X011421_069_2
073,X011421,-22.875,9.96784,14.92539,34.073,3,2.472869,0.9932432,0.09576968,8.871209,1.096642,8.089427,AI,X011421_073_3
078,X011421,-16.46875,18.78783,13.17136,35.583,3,0.08613041,0.9994125,0.003231492,11.82088,2.066694,5.719707,12o,X011421_078_3
079,X011421,-18.9375,17.0504,12.6186,34.688,5,9.076582,0.9723854,0.09371328,8.104027,1.593165,5.086746,12o,X011421_079_5
081,X011421,-19.96875,13.96328,14.60932,33.768,1,1.053116,0.9894242,0.0126322,8.983069,1.523793,5.895203,AI,X011421_081_1
082,X011421,-21.59375,11.5904,14.3007,32.863,3,0.8096005,0.9982374,0.008813161,11.26947,1.560411,7.222119,AI,X011421_082_3
083,X011421,-23.625,10.165,13.21892,32.708,3,1.211797,0.9994125,0.002350176,14.41503,2.431609,5.928185,AI,X011421_083_3
088,X011421,-24.53125,3.53877,15.08716,31.353,5,1.472855,0.9950058,0.01909518,6.351043,1.071967,5.924665,cd,X011421_088_5
096,X011421,-22.875,8.6226,14.77444,30.928,3,3.114396,0.9676851,0.02173913,4.181856,1.739587,2.403936,pu,X011421_096_3
098,X011421,-20.71875,6.29496,18.12098,29.858,3,0.7439216,0.993537,0.11604,9.855431,1.227273,8.030352,cd,X011421_098_3
106,X011421,-30.875,12.70459,4.64788,26.419,2,0.2818771,0.9887268,0.02878966,11.26312,2.056139,5.4778,AMG,X011421_106_2
108,X011421,-16.8125,8.33414,20.44354,28.369,3,3.843765,0.9811986,0.01968273,7.425488,1.560054,4.759763,cd,X011421_108_3
108,X011421,-16.8125,8.33414,20.44354,28.369,4,0.316442,0.9997062,0.001175088,17.95937,1.702808,10.54692,cd,X011421_108_4
111,X011421,-20.375,5.90213,18.89802,27.907,3,0.2188837,1,0.000293772,14.88719,1.854441,8.027855,cd,X011421_111_3
112,X011421,-21.0625,4.23928,18.20894,27.851,3,2.435412,0.9770858,0.01556992,5.459956,1.994794,2.737103,cd,X011421_112_3
120,X011421,-34.375,9.49115,2.5754,25.634,2,7.006272,0.922738,0.1013514,5.093727,1.895036,2.687932,AMG,X011421_120_2
122,X011421,-21,7.51704,16.91248,23.916,3,1.003117,0.9900118,0.00146886,11.50588,1.848187,6.225494,pu,X011421_122_3
124,X011421,-22.875,4.41921,16.4869,26.593,2,6.102244,0.9723854,0.05904818,6.365084,2.107595,3.020069,cd,X011421_124_2
130,X011421,-33.25,11.121,2.65526,23.458,3,0.3042901,0.9841613,0.003231492,16.47919,1.450341,11.36229,AMG,X011421_130_3
131,X011421,-34.125,10.2349,2.5187,23.687,2,0.1277952,0.9976498,0.0005875441,11.27283,5.466074,2.062327,AMG,X011421_131_2
132,X011421,-34.875,8.94405,2.51694,23.617,2,2.247537,0.9679788,0.03701528,6.822192,2.154021,3.167189,AMG,X011421_132_2
132,X011421,-34.875,8.94405,2.51694,23.617,4,0.5628271,0.9679788,0.05023502,11.00915,2.83716,3.880342,AMG,X011421_132_4
142,X011421,-34.6875,10.59194,1.913,21.83,3,0.488153,0.994429,0.002643948,13.50492,1.78914,7.548273,AMG,X011421_142_3
146,X011421,-17.625,5.63078,21.1387,21.123,3,0.8834818,0.9952996,0.05199765,8.130012,1.959154,4.149756,cd,X011421_146_3
147,X011421,-15.78125,3.97676,23.82868,23.059,2,0.2058093,0.9988249,0.0005875441,14.00811,1.866969,7.503131,24c,X011421_147_2
156,X011421,-19.09375,8.00042,19.95428,19.44,3,3.183411,0.9853114,0.08137485,7.289407,1.903396,3.829684,cd,X011421_156_3
004,X011520,-9.3125,11.4918,23.5518,43.355,6,0.6580641,0.8783784,0.0008813161,11.79372,1.768602,6.668383,12r,X011520_004_6
011,X011520,-8.6875,13.467,23.5226,42.3,5,2.678259,0.9947121,0.008519389,10.54949,2.040506,5.170035,12r,X011520_011_5
013,X011520,-9.28125,10.692,24.72642,42.005,4,0.2529829,0.9706228,0.01233843,13.36229,2.178605,6.133414,46v,X011520_013_4
013,X011520,-9.28125,10.692,24.72642,42.005,5,1.100354,0.9142185,0.01057579,11.55161,2.209043,5.229239,46v,X011520_013_5
014,X011520,-10.53125,9.224,24.18675,41.84,2,3.56297,0.9803173,0.02908343,9.346431,1.954593,4.781779,46v,X011520_014_2
022,X011520,-10.28125,10.04146,24.83296,40.24,3,0.04884738,0.9735605,0.006756757,11.30953,2.647512,4.271759,46df,X011520_022_3
023,X011520,-11.34375,8.59686,24.52576,39.95,3,0.5231969,0.9976498,0.003819037,14.769,2.404191,6.143023,46v,X011520_023_3
028,X011520,-9.375,15.047,22.55952,40.14,3,11.56268,0.9474148,0.009106933,7.791501,1.174874,6.631776,12l,X011520_028_3
031,X011520,-12.28125,10.40255,22.9054,39.125,3,0.9491594,0.9979436,0.002350176,11.43218,1.93263,5.915348,46v,X011520_031_3
040,X011520,-11.53125,11.34357,23.70825,37.313,3,9.976688,0.9908931,0.01086957,10.33817,1.446193,7.148542,46df,X011520_040_3
053,X011520,-13.96875,6.98708,24.43376,34.708,3,0.07932527,0.9982374,0.001175088,18.77061,2.194676,8.55279,8B,X011520_053_3
066,X011520,-9.6875,19.48906,18.6913,36.008,3,3.911966,0.976792,0.04994125,10.11665,2.175916,4.649376,45,X011520_066_3
069,X011520,-15.71875,15.26735,17.6116,35.163,2,0.06947722,0.789651,0.01792009,12.04553,2.459132,4.898286,AI,X011520_069_2
079,X011520,-13.1875,16.90088,18.22692,33.848,3,1.891821,0.9738543,0.01850764,10.32524,1.742414,5.925821,6VaVb,X011520_079_3
079,X011520,-13.1875,16.90088,18.22692,33.848,4,0.1682748,0.9788484,0.005581669,17.48376,3.050302,5.731811,6VaVb,X011520_079_4
089,X011520,-11.0625,20.07685,16.79375,33.338,3,1.14157,0.9462397,0.03672151,9.767041,2.194771,4.450141,6VaVb,X011520_089_3
091,X011520,-11.25,16.69552,20.20538,32.458,2,1.304153,0.9156874,0.007344301,12.66341,1.445423,8.761042,45,X011520_091_2
096,X011520,-13.125,8.7474,24.29636,29.648,4,10.38787,1,0.0005875441,18.44817,1.794397,10.28099,8B,X011520_096_4
101,X011520,-10.3125,20.31258,17.89821,31.883,3,0.3485162,0.9985312,0.002056404,15.67754,1.759164,8.911926,6VaVb,X011520_101_3
103,X011520,-12.25,16.13218,19.55113,31.773,6,2.182106,0.993537,0.002643948,15.38443,1.79152,8.58736,45,X011520_103_6
104,X011520,-12.8125,14.70068,20.5804,30.988,3,1.785364,0.9309636,0.02967098,11.44743,1.857432,6.163043,45,X011520_104_3
109,X011520,-13.6875,7.36968,24.29646,26.979,2,3.678148,0.9750293,0.02585194,6.699462,1.870915,3.580848,6DR,X011520_109_2
109,X011520,-13.6875,7.36968,24.29646,26.979,5,0.03746542,0.9956663,0,24.05013,2.342026,10.26894,6DR,X011520_109_5
113,X011520,-12.71875,2.61164,26.9491,26.891,1,2.009196,0.9847239,0.03877791,9.6802,1.481216,6.535306,24c,X011520_113_1
121,X011520,-15.3125,8.55636,22.30456,24.175,3,1.127403,0.9914806,0.02702703,8.072917,2.128968,3.791939,cd,X011520_121_3
129,X011520,-17.6875,12.61153,17.58713,23.283,2,1.887029,0.9074618,0.004112808,7.657385,2.629969,2.911587,pu,X011520_129_2
129,X011520,-17.6875,12.61153,17.58713,23.283,3,0.3683266,0.9932432,0.0146886,10.49129,1.479625,7.090507,pu,X011520_129_3
007,X011521,-14.71875,7.54408,20.40656,43.29,3,7.932935,0.9979436,0.004994125,6.917912,1.333042,5.189567,11ml,X011521_007_3
011,X011521,-8.4375,13.473,23.84879,42.27,3,0.6383591,0.9917744,0.06345476,13.22274,2.08759,6.333973,12r,X011521_011_3
012,X011521,-11.4375,12.56,21.82588,42.32,3,0.8754331,0.9847239,0.01615746,8.091887,1.828126,4.426328,12m,X011521_012_3
020,X011521,-12.1875,13.647,20.908,41.4,2,0.7515562,0.9941245,0.001762632,13.25701,3.610492,3.671803,12m,X011521_020_2
021,X011521,-14.09375,11.60206,20.14062,41.14,2,1.75145,0.9797297,0.02967098,4.217879,2.722382,1.549334,11ml,X011521_021_2
028,X011521,-8.53125,15.033,23.41863,40.035,3,8.613712,0.9441833,0.02467685,5.890082,2.000207,2.944736,12l,X011521_028_3
028,X011521,-8.53125,15.033,23.41863,40.035,4,0.7995465,0.9929495,0.00293772,12.29218,1.811029,6.787399,12l,X011521_028_4
032,X011521,-16.9375,9.005,19.3534,39.25,3,1.676238,1,0.006169213,18.45555,2.317447,7.963742,13m,X011521_032_3
037,X011521,-11.03125,16.00094,20.7026,39.028,2,11.64168,0.9292009,0.1219154,4.86559,1.092639,4.453064,12o,X011521_037_2
037,X011521,-11.03125,16.00094,20.7026,39.028,3,8.070062,0.9374266,0.02555817,10.43553,2.096095,4.978559,12o,X011521_037_3
037,X011521,-11.03125,16.00094,20.7026,39.028,5,2.84764,0.9344888,0.01850764,8.685557,1.478457,5.874743,12o,X011521_037_5
047,X011521,-12.65625,16.32448,19.42692,37.788,4,4.989739,0.9982374,0.04612221,9.777992,1.181348,8.27698,12o,X011521_047_4
054,X011521,-23.65625,5.8336,15.0488,35.688,1,0.2940859,0.9947121,0.001762632,13.90516,7.874377,1.765875,13m,X011521_054_1
057,X011521,-14.75,16.47195,17.13461,37.018,3,4.39799,0.9985097,0.003819037,12.63381,1.36108,9.282196,12o,X011521_057_3
059,X011521,-17.125,13.52988,17.29232,36.408,3,2.583291,0.9964648,0.04494712,12.68603,1.404581,9.031895,12o,X011521_059_3
059,X011521,-17.125,13.52988,17.29232,36.408,4,1.399781,0.9835488,0.007931845,8.302644,1.1726,7.080542,12o,X011521_059_4
062,X011521,-21.5,9.943,16.0693,35.363,2,4.731838,0.9735605,0.02144536,8.987888,1.936743,4.640724,13l,X011521_062_2
063,X011521,-23.96875,8.62268,14.4596,35.248,3,1.333828,0.996181,0.007050529,10.60605,1.625542,6.524626,13l,X011521_063_3
065,X011521,-24.75,5.61048,14.52811,34.608,2,1.109128,0.9861927,0.04083431,9.416179,2.737119,3.440178,13m,X011521_065_2
066,X011521,-13.90625,19.58242,14.4661,36.728,2,1.254138,0.9920682,0.0005875441,10.5187,1.653259,6.362402,12o,X011521_066_2
066,X011521,-13.90625,19.58242,14.4661,36.728,4,0.6405778,0.9920682,0.000293772,15.40947,1.913671,8.052308,12o,X011521_066_4
069,X011521,-17.53125,15.32967,15.70472,35.443,4,7.443965,0.9867803,0.005581669,9.990661,1.300996,7.679243,12o,X011521_069_4
071,X011521,-19.40625,12.03031,16.33622,34.153,3,4.123275,0.9908931,0.01674501,5.926677,1.346055,4.402997,AI,X011521_071_3
072,X011521,-20.65625,10.85062,16.23016,34.008,3,0.1687008,0.9942923,0,14.93678,1.661112,8.992033,AI,X011521_072_3
077,X011521,-14.46875,19.7889,13.65105,35.863,3,0.5007313,0.9929495,0.006169213,13.3086,1.537964,8.653385,12o,X011521_077_3
078,X011521,-16.53125,18.78783,13.17136,35.583,2,2.463922,0.9891304,0.01439483,11.06114,2.20723,5.011321,12o,X011521_078_2
079,X011521,-19,17.0504,12.6186,34.688,3,1.445874,0.9891304,0.02438308,10.47509,2.600771,4.027685,12o,X011521_079_3
080,X011521,-18.59375,15.43704,14.4006,34.118,3,0.429279,0.9982374,0.01351351,8.555892,1.344689,6.362728,AI,X011521_080_3
081,X011521,-20.03125,13.96328,14.60932,33.768,4,1.414162,0.9891304,0.02173913,12.30717,1.290411,9.537404,AI,X011521_081_4
083,X011521,-23.6875,10.165,13.21892,32.708,3,0.1309613,0.9873678,0.01968273,10.50762,1.666435,6.305448,AI,X011521_083_3
087,X011521,-21.875,5.05472,17.3683,31.218,3,5.072047,0.9753231,0.04171563,8.902105,2.477439,3.593269,cd,X011521_087_3
097,X011521,-18,7.72114,20.07198,29.908,2,9.002953,0.9482961,0.04465335,4.298758,1.16355,3.694521,cd,X011521_097_2
108,X011521,-16.875,8.33414,20.44354,28.369,3,2.708114,0.9591657,0.02408931,8.24466,1.283818,6.421985,cd,X011521_108_3
108,X011521,-16.875,8.33414,20.44354,28.369,4,1.583636,0.9591657,0.01204465,10.55197,1.825402,5.780626,cd,X011521_108_4
111,X011521,-20.4375,5.91252,18.59908,27.952,3,0.1344812,0.9976498,0.006169213,14.22592,1.587632,8.960465,cd,X011521_111_3
119,X011521,-33.46875,11.1,2.61636,25.249,4,1.376439,0.9844301,0.02262045,8.252313,3.013186,2.738733,AMG,X011521_119_4
120,X011521,-34.4375,9.49115,2.5754,25.634,4,1.126035,0.9994125,0.03495887,11.97079,1.270831,9.419648,AMG,X011521_120_4
122,X011521,-21.125,7.51704,16.91248,23.916,3,0.07647168,0.9994125,0.00146886,19.72246,2.251198,8.760871,pu,X011521_122_3
130,X011521,-33.3125,11.121,2.65526,23.458,3,0.5821096,0.994041,0.02350176,13.78657,1.366386,10.0898,AMG,X011521_130_3
142,X011521,-34.75,10.59194,1.913,21.83,2,2.534738,0.9850176,0.01086957,10.17424,1.227081,8.291422,AMG,X011521_142_2
146,X011521,-17.75,5.63078,21.1387,21.123,1,3.713783,1,0,10.8628,3.604626,3.013573,cd,X011521_146_1
146,X011521,-17.75,5.63078,21.1387,21.123,7,3.650174,0.9958872,0.002643948,8.432201,1.428071,5.90461,cd,X011521_146_7
152,X011521,-31.5,11.52631,4.71117,19.967,3,7.369595,0.9653349,0.1139835,8.739805,2.007095,4.354456,AMG,X011521_152_3
003,X011620,-7.25,12.29024,24.69197,43.795,2,6.857457,0.9920682,0.01938896,15.13258,2.689982,5.625534,12r,X011620_003_2
003,X011620,-7.25,12.29024,24.69197,43.795,3,3.390801,0.9456522,0.01439483,7.392144,1.076647,6.865897,12r,X011620_003_3
015,X011620,-11.5625,7.85616,24.099,41.52,3,1.42117,0.9997062,0.01145711,12.07459,1.90782,6.328999,46v,X011620_015_3
019,X011620,-8.25,14.60455,24.03975,41.1,2,2.989313,0.9738543,0.01175088,7.854301,1.632475,4.811284,12m,X011620_019_2
028,X011620,-9.40625,15.047,22.55952,40.14,2,9.430191,0.9970623,0.05141011,9.48208,1.314395,7.214025,12l,X011620_028_2
045,X011620,-8.75,19.01536,19.61206,38.208,1,1.713923,0.9518214,0.009106933,10.30226,1.736239,5.933666,12o,X011620_045_1
055,X011620,-10.15625,19.12378,18.56648,37.563,3,2.296955,0.9988249,0.003525264,11.00146,2.003774,5.490369,12l,X011620_055_3
060,X011620,-11.15625,12.31868,24.39951,34.918,3,1.49256,0.9955934,0.01086957,9.243306,1.464333,6.312297,46d,X011620_060_3
060,X011620,-11.15625,12.31868,24.39951,34.918,4,0.07160929,0.9982374,0.001762632,15.743,1.726876,9.116463,46d,X011620_060_4
066,X011620,-9.75,19.49295,18.51525,36.038,4,0.1696999,0.9861927,0.003525264,10.05687,2.126459,4.729396,45,X011620_066_4
069,X011620,-15.78125,15.26735,17.6116,35.163,3,0.4185172,0.9985359,0.004406581,10.74662,1.745324,6.15738,AI,X011620_069_3
074,X011620,-15.59375,8.31092,22.77904,32.628,3,0.1246407,0.9524089,0.001762632,16.73793,1.851912,9.038187,cd,X011620_074_3
077,X011620,-9.875,19.72572,18.17274,34.918,3,7.59138,0.9621034,0.009694478,7.997354,2.054381,3.892828,45,X011620_077_3
078,X011620,-11.3125,18.60087,18.21904,34.743,1,5.191594,0.9762045,0.008225617,7.336646,1.442556,5.085865,12l,X011620_078_1
078,X011620,-11.3125,18.60087,18.21904,34.743,3,6.83461,0.9958872,0.005287896,9.68428,1.410588,6.865423,12l,X011620_078_3
079,X011620,-13.4375,16.90711,17.99324,33.883,3,2.275907,0.9867803,0.01321974,8.263428,2.017449,4.095978,6VaVb,X011620_079_3
079,X011620,-13.4375,16.90711,17.99324,33.883,4,0.7102901,0.9958872,0.004994125,15.2901,1.828451,8.362328,6VaVb,X011620_079_4
091,X011620,-11.25,16.69552,20.20538,32.458,3,4.999497,0.9606345,0.09400705,6.76745,1.779224,3.803596,45,X011620_091_3
094,X011620,-16.75,11.02468,19.26436,30.628,2,8.113699,1,0.00146886,14.04684,3.255335,4.315023,pu,X011620_094_2
096,X011620,-13.125,8.7474,24.29636,29.648,3,3.490731,0.934195,0.0008813161,7.573759,1.211942,6.249277,8B,X011620_096_3
096,X011620,-13.125,8.7474,24.29636,29.648,4,4.270307,0.934195,0.0146886,5.60355,1.105481,5.068878,8B,X011620_096_4
097,X011620,-14.125,7.71022,24.04154,29.348,2,0.2361448,0.9770858,0.009106933,9.45587,1.70095,5.559168,8B,X011620_097_2
097,X011620,-14.125,7.71022,24.04154,29.348,4,0.1846716,0.9820799,0.004112808,16.48641,2.004759,8.223637,8B,X011620_097_4
101,X011620,-10.4375,20.31652,17.72074,31.918,4,2.204601,0.9923619,0.006462985,8.425968,1.312014,6.422164,6VaVb,X011620_101_4
101,X011620,-10.4375,20.31652,17.72074,31.918,5,0.9111956,0.9670975,0.02115159,12.3443,1.99121,6.199395,6VaVb,X011620_101_5
109,X011620,-13.9375,7.36622,23.97559,27.014,4,0.9680332,0.9879553,0.0660987,7.648644,1.507699,5.073057,6DR,X011620_109_4
121,X011620,-15.6875,8.56087,21.88077,24.195,2,9.589243,0.9988249,0.03789659,10.22315,1.657209,6.168895,cd,X011620_121_2
134,X011620,-16.8125,6.6704,21.99396,21.906,3,2.619647,1,0.01204465,14.9169,1.938868,7.693612,cd,X011620_134_3
153,X011620,-19.5,10.18528,17.6626,19.566,12,16.7949,0.9976498,0.01086957,9.404859,1.22158,7.698928,pu,X011620_153_12
005,X011720,-9.34375,10.41423,24.16869,43.535,2,3.18212,0.9835488,0.01233843,10.74518,1.801445,5.964756,46v,X011720_005_2
005,X011720,-9.34375,10.41423,24.16869,43.535,4,0.4766716,0.9835488,0.003525264,15.43804,1.952166,7.90816,46v,X011720_005_4
006,X011720,-10.3125,9.07704,24.06346,43.27,3,5.361305,0.9817861,0.04024677,8.603899,1.879298,4.578252,46v,X011720_006_3
007,X011720,-10.84375,7.60365,24.2333,42.83,3,1.588807,0.9738543,0.002643948,12.68361,3.369944,3.763746,46v,X011720_007_3
007,X011720,-10.84375,7.60365,24.2333,42.83,4,0.3240418,0.9738543,0.003231492,19.76636,2.469877,8.002971,46v,X011720_007_4
008,X011720,-11.59375,6.06719,24.50144,42.505,3,1.680669,0.996181,0.00146886,19.28935,2.118999,9.103046,46d,X011720_008_3
024,X011720,-13.40625,7.097,23.2691,39.75,3,0.8979698,0.9424207,0.004406581,13.85617,1.880981,7.366458,46v,X011720_024_3
031,X011720,-12.40625,10.40322,22.71796,39.15,3,0.1600203,0.996596,0.0005875441,11.82608,1.906955,6.201554,46v,X011720_031_3
037,X011720,-10.15625,15.96825,21.635,38.888,3,1.168832,0.9647474,0.01968273,8.99592,1.507518,5.967372,12o,X011720_037_3
045,X011720,-8.75,19.01536,19.61206,38.208,3,1.56375,0.9950058,0.003525264,8.955255,1.746039,5.128898,12o,X011720_045_3
060,X011720,-11.53125,12.34204,23.96953,34.978,3,0.7504545,1,0.003819037,20.05185,1.725249,11.62258,46d,X011720_060_3
069,X011720,-15.84375,15.27514,17.37324,35.198,3,0.6775527,0.996181,0.008519389,7.923487,1.653674,4.791443,AI,X011720_069_3
079,X011720,-13.6875,16.91334,17.75956,33.918,3,6.657208,0.9706228,0.07373678,8.070888,1.840684,4.384722,6VaVb,X011720_079_3
088,X011720,-12.8125,3.2794,26.7022,29.688,3,4.313632,0.9764982,0.01086957,7.529549,2.098816,3.587523,24c,X011720_088_3
089,X011720,-11.1875,20.07685,16.79375,33.338,3,4.433859,0.9814923,0.04465335,8.402496,1.882129,4.464357,6VaVb,X011720_089_3
091,X011720,-11.4375,16.69864,19.96391,32.503,2,5.071159,0.9905993,0.04083431,8.448952,1.990577,4.244473,45,X011720_091_2
091,X011720,-11.4375,16.69864,19.96391,32.503,6,3.247705,0.9989166,0.004994125,12.13628,2.150519,5.643417,45,X011720_091_6
091,X011720,-11.4375,16.69864,19.96391,32.503,7,0.3549331,0.9944183,0.001762632,27.8798,3.280725,8.498059,45,X011720_091_7
094,X011720,-16.8125,11.01221,18.96992,30.668,2,7.41397,1,0.02056404,9.234158,1.279014,7.219748,pu,X011720_094_2
097,X011720,-14.5,7.71178,23.47446,29.428,3,3.596869,0.9797297,0.02849589,5.982612,1.300975,4.598559,8B,X011720_097_3
099,X011720,-17.6875,4.76972,21.52004,28.998,1,2.398167,0.9976498,0.05640423,6.812698,2.097536,3.247952,cd,X011720_099_1
101,X011720,-10.5625,20.31652,17.72074,31.918,3,1.757704,0.9879553,0.0005875441,8.603756,1.62229,5.303462,6VaVb,X011720_101_3
103,X011720,-12.75,16.12036,18.87676,31.908,3,2.176037,0.9286134,0.01674501,10.26765,1.556458,6.596804,45,X011720_103_3
104,X011720,-13.0625,14.69377,20.33885,31.038,3,1.247671,0.9950058,0.005875441,13.49155,1.543494,8.740912,45,X011720_104_3
113,X011720,-14.34375,2.65316,25.1554,27.131,3,0.5366112,0.9568155,0.001175088,16.70892,1.915096,8.724847,24c,X011720_113_3
118,X011720,-16.1875,12.545,19.1096,25.142,2,0.7316672,0.9976498,0.003819037,6.502114,1.227369,5.297602,pu,X011720_118_2
129,X011720,-18.3125,12.60852,17.20692,23.293,3,0.9765201,0.996181,0.02761457,11.38661,1.325876,8.587993,pu,X011720_129_3
153,X011720,-19.5,10.18528,17.6626,19.566,1,33.8889,0.9474148,0.1086956,5.446669,0.9288285,5.86402,pu,X011720_153_1
011,X012021,-8.4375,13.473,23.84879,42.27,3,0.2645094,0.9982374,0.0005875441,15.71247,1.98073,7.932665,12r,X012021_011_3
011,X012021,-8.4375,13.473,23.84879,42.27,4,0.8496234,0.9967685,0.003819037,11.26376,1.80451,6.242007,12r,X012021_011_4
028,X012021,-8.53125,15.033,23.41863,40.035,3,1.241755,0.9914806,0.00293772,15.91331,2.522253,6.309165,12l,X012021_028_3
037,X012021,-11.03125,16.00094,20.7026,39.028,2,1.239939,0.9905993,0.02438308,10.35627,1.62167,6.386174,12o,X012021_037_2
037,X012021,-11.03125,16.00094,20.7026,39.028,4,2.609358,0.9811986,0.03525265,11.8926,1.345905,8.83614,12o,X012021_037_4
037,X012021,-11.03125,16.00094,20.7026,39.028,5,1.509397,0.9776734,0.001762632,14.07007,2.037508,6.905528,12o,X012021_037_5
037,X012021,-11.03125,16.00094,20.7026,39.028,6,1.228332,0.9776734,0.003525264,16.94944,1.69449,10.00268,12o,X012021_037_6
039,X012021,-14.28125,12.93733,19.85015,38.113,3,0.2553554,0.9900118,0.007638073,9.59826,4.226862,2.270777,13l,X012021_039_3
039,X012021,-14.28125,12.93733,19.85015,38.113,4,2.721776,0.980611,0.04435958,5.366667,1.071967,5.006375,13l,X012021_039_4
047,X012021,-12.65625,16.32448,19.42692,37.788,4,4.012886,0.9950058,0.0326087,11.68456,1.298828,8.996231,12o,X012021_047_4
054,X012021,-23.65625,5.8336,15.0488,35.688,3,0.5609245,0.9841363,0.007638073,11.39584,2.832609,4.023089,13m,X012021_054_3
057,X012021,-14.75,16.47195,17.13461,37.018,4,2.200231,0.987074,0.08578143,8.235249,1.261909,6.526025,12o,X012021_057_4
057,X012021,-14.75,16.47195,17.13461,37.018,6,3.011822,0.9952996,0.01116334,12.85004,1.489079,8.629523,12o,X012021_057_6
061,X012021,-18.25,11.23744,18.50164,35.223,2,7.843993,0.9735605,0.01321974,10.00362,1.610489,6.211542,AI,X012021_061_2
061,X012021,-18.25,11.23744,18.50164,35.223,4,5.220363,0.940658,0.02908343,6.985484,1.029022,6.788472,AI,X012021_061_4
063,X012021,-23.96875,8.62268,14.4596,35.248,3,0.8732063,0.9947121,0.005875441,9.353374,1.673404,5.58943,13l,X012021_063_3
065,X012021,-24.78125,5.61048,14.52811,34.608,2,3.335504,0.9726792,0.01909518,7.930286,1.784814,4.443199,13m,X012021_065_2
066,X012021,-13.90625,19.58242,14.4661,36.728,3,0.9180128,0.985899,0.00293772,9.327217,1.576595,5.916052,12o,X012021_066_3
066,X012021,-13.90625,19.58242,14.4661,36.728,4,0.3433064,1,0.0005875441,24.04585,2.498018,9.625969,12o,X012021_066_4
069,X012021,-17.53125,15.32967,15.70472,35.443,3,5.5237,0.9844301,0.01145711,7.893752,1.69289,4.662886,12o,X012021_069_3
096,X012021,-22.90625,8.6226,14.77444,30.928,2,0.264183,0.9976498,0.002350176,12.90138,1.572525,8.204244,pu,X012021_096_2
097,X012021,-18,7.72114,20.07198,29.908,3,14.39253,0.9891304,0.02878966,7.78734,1.253039,6.214765,cd,X012021_097_3
100,X012021,-21.71875,3.30064,17.99068,29.268,3,0.172897,0.9958872,0.01792009,12.82627,1.547994,8.285741,cd,X012021_100_3
100,X012021,-21.71875,3.30064,17.99068,29.268,5,0.2457251,0.9958872,0.000293772,8.426333,1.783128,4.725591,cd,X012021_100_5
109,X012021,-15.84375,7.34546,22.05037,27.224,3,0.08948223,0.9973561,0,23.7132,3.072973,7.716694,cd,X012021_109_3
110,X012021,-20.09375,6.5174,18.49264,28.909,4,8.048137,0.9914806,0.005287896,6.343455,2.336858,2.714524,pu,X012021_110_4
111,X012021,-20.4375,5.91252,18.59908,27.952,3,0.1554419,0.9955934,0.002643948,9.701482,2.604123,3.725431,cd,X012021_111_3
122,X012021,-21.125,7.51704,16.91248,23.916,2,2.570365,0.9932432,0.009400705,4.727951,1.502635,3.146441,pu,X012021_122_2
122,X012021,-21.125,7.51704,16.91248,23.916,3,8.360738,0.9576969,0.04465335,6.267563,2.117735,2.95956,pu,X012021_122_3
130,X012021,-33.4375,11.121,2.65526,23.458,3,3.860587,0.9979436,0.007050529,14.05055,1.827286,7.689299,AMG,X012021_130_3
138,X012021,-29.71875,14.6236,4.29221,22.121,2,1.754337,0.996181,0.0005875441,9.411273,1.862727,5.052417,AMG,X012021_138_2
140,X012021,-34.125,12.46028,1.77652,22.075,3,0.3505957,0.9979436,0.004406581,10.75601,2.864152,3.755389,AMG,X012021_140_3
142,X012021,-34.8125,10.59461,1.4915,21.845,3,11.15586,0.9550529,0.03084606,6.137898,2.065569,2.971529,AMG,X012021_142_3
143,X012021,-28.28125,9.57564,8.55292,22.04,2,8.745591,0.9879553,0.06521739,9.108697,1.723517,5.284947,AMG,X012021_143_2
144,X012021,-20,8.09972,18.1854,21.11744,3,4.135433,0.9911869,0.004112808,9.279495,3.516975,2.638488,cd,X012021_144_3
146,X012021,-17.75,5.63078,21.1387,21.123,5,9.386841,0.9717979,0.04759107,6.907366,1.249458,5.528289,cd,X012021_146_5
156,X012021,-19.21875,8.00042,19.95428,19.44,3,0.5669562,0.9973561,0.002056404,17.57722,1.71059,10.27553,cd,X012021_156_3
005,X012120,-9.46875,10.40992,24.03076,43.55,3,0.4538966,0.9723854,0.01380729,13.8795,1.522236,9.117842,46v,X012120_005_3
007,X012120,-10.90625,7.60365,24.2333,42.83,2,0.5542447,0.9388954,0.001175088,16.24642,1.873132,8.673397,46v,X012120_007_2
014,X012120,-10.71875,9.22,24.03,41.86,3,1.268462,0.9950058,0.01028202,10.97123,2.202388,4.981516,46v,X012120_014_3
027,X012120,-7.75,15.89893,22.57994,40.445,4,2.507834,0.9917744,0.01439483,7.79164,2.609946,2.985365,12l,X012120_027_4
028,X012120,-9.4375,15.047,22.55952,40.14,3,12.96012,0.9759107,0.01175088,7.054523,1.552613,4.543643,12l,X012120_028_3
040,X012120,-12.09375,11.35759,23.30475,37.363,2,1.798915,0.9864865,0.02320799,9.808524,1.92011,5.108313,46df,X012120_040_2
055,X012120,-10.28125,19.12612,18.41692,37.588,2,8.833495,0.9970623,0.003525264,10.02459,1.267475,7.909103,12l,X012120_055_2
057,X012120,-13.21875,16.4338,18.56324,36.808,2,2.616548,0.9732667,0.109577,6.166119,1.083661,5.690082,12o,X012120_057_2
059,X012120,-13.40625,13.41303,20.79767,35.883,3,8.494269,0.9823737,0.02497062,7.708813,1.779534,4.331928,46v,X012120_059_3
074,X012120,-16.15625,8.34206,22.23222,32.708,2,8.048675,0.9955934,0.01556992,10.19338,1.339442,7.610163,cd,X012120_074_2
079,X012120,-13.9375,16.91957,17.52588,33.953,2,1.47126,0.9864865,0.01586369,11.34965,1.580723,7.180035,6VaVb,X012120_079_2
079,X012120,-13.9375,16.91957,17.52588,33.953,4,0.3079758,0.9864865,0.007050529,10.99014,1.938159,5.670404,6VaVb,X012120_079_4
086,X012120,-14.25,6.32466,24.49936,30.503,3,0.2940387,0.9929495,0.04142186,10.48179,1.856202,5.646904,8B,X012120_086_3
089,X012120,-11.3125,20.08074,16.6255,33.368,3,0.7204797,0.9923619,0.004406581,11.99482,1.67559,7.158563,6VaVb,X012120_089_3
089,X012120,-11.3125,20.08074,16.6255,33.368,4,3.651828,0.9891304,0.009106933,12.08927,1.824313,6.62675,6VaVb,X012120_089_4
090,X012120,-13.125,18.23558,16.65816,33.023,3,0.4134528,1,0,13.9088,1.726822,8.054564,6VaVb,X012120_090_3
091,X012120,-11.6875,16.70176,19.72244,32.548,3,4.777142,0.9976498,0,23.23624,2.549875,9.112696,44,X012120_091_3
091,X012120,-11.6875,16.70176,19.72244,32.548,5,3.64565,0.993537,0.006756757,9.612616,1.504261,6.390257,44,X012120_091_5
097,X012120,-14.625,7.71178,23.47446,29.428,3,0.2926706,0.9994125,0.002056404,16.02555,1.783605,8.984922,8B,X012120_097_3
101,X012120,-10.6875,20.32046,17.54327,31.953,4,0.750666,0.9991187,0,8.643794,1.647963,5.245139,6VaVb,X012120_101_4
104,X012120,-13.3125,14.68686,20.0973,31.088,3,7.784507,0.836369,0.06492362,6.249496,1.54254,4.051434,45,X012120_104_3
106,X012120,-11.875,12.53224,23.61268,25.969,2,19.18792,0.9148061,0.08490012,5.365235,1.207765,4.442284,6DC,X012120_106_2
117,X012120,-16.375,13.81955,18.18995,25.182,3,1.17263,0.9970082,0.03113984,13.6192,1.23583,11.02029,pu,X012120_117_3
118,X012120,-16.6875,12.5435,18.6873,25.157,4,1.879335,0.9738543,0.01292597,8.0773,1.559391,5.179779,pu,X012120_118_4
153,X012120,-19.625,10.18528,17.6626,19.566,2,2.988476,0.9982374,0.1104583,11.10224,1.358365,8.173239,pu,X012120_153_2
020,X012121,-12.21875,13.647,20.908,41.4,3,0.2682183,0.9963866,0.001762632,14.30573,2.737913,5.225048,12m,X012121_020_3
028,X012121,-8.5625,15.033,23.41863,40.035,3,2.826514,0.9574031,0.1166275,6.34076,1.934621,3.277521,12l,X012121_028_3
028,X012121,-8.5625,15.033,23.41863,40.035,4,2.073726,0.985899,0.03202115,10.25407,2.044899,5.014463,12l,X012121_028_4
031,X012121,-16.09375,10.41595,19.1566,39.625,3,1.879038,0.9970623,0.01057579,8.057873,2.500647,3.222315,13l,X012121_031_3
042,X012121,-20.46875,8.56345,16.98084,37.498,2,28.92466,0.8792597,0.08636898,4.074327,1.128955,3.608938,13l,X012121_042_2
043,X012121,-20.875,7.05844,17.14596,37.188,3,1.316876,0.9950058,0.01498237,13.57454,2.535472,5.353853,13m,X012121_043_3
047,X012121,-12.6875,16.33071,19.26334,37.813,3,4.44741,0.9709166,0.03701528,8.421796,1.178626,7.145437,12o,X012121_047_3
052,X012121,-23.21875,8.75677,14.48535,36.358,2,0.2994408,0.9850176,0.005581669,8.017669,2.519285,3.182517,13m,X012121_052_2
054,X012121,-23.6875,5.8336,15.0488,35.688,5,2.020795,0.9644536,0.001175088,5.255296,1.24374,4.225396,13m,X012121_054_5
057,X012121,-14.75,16.47195,17.13461,37.018,2,2.428435,0.9944183,0.003231492,12.12951,1.413198,8.583018,12o,X012121_057_2
059,X012121,-17.125,13.52988,17.29232,36.408,2,1.47121,0.9814923,0.01733255,7.158936,2.50063,2.862853,12o,X012121_059_2
066,X012121,-13.9375,19.58242,14.4661,36.728,3,0.5339584,0.9861927,0.005875441,8.834029,1.755076,5.033416,12o,X012121_066_3
066,X012121,-13.9375,19.58242,14.4661,36.728,5,0.2514042,0.9861927,0.00146886,12.28465,1.574427,7.802615,12o,X012121_066_5
069,X012121,-17.5625,15.32967,15.70472,35.443,3,4.110563,0.9876616,0.0252644,7.936123,1.407487,5.638505,12o,X012121_069_3
070,X012121,-18.78125,13.83871,15.79993,35.083,3,10.21258,0.9485899,0.1289659,7.256072,2.071629,3.502593,AI,X012121_070_3
085,X012121,-21.875,7.73464,16.2266,31.928,3,2.21282,0.9438896,0.04524089,6.048081,2.136875,2.830339,pu,X012121_085_3
085,X012121,-21.875,7.73464,16.2266,31.928,4,2.685004,0.9823737,0.01380729,11.40691,1.405475,8.116052,pu,X012121_085_4
086,X012121,-20.40625,6.48026,18.51696,31.403,3,7.891668,0.9738543,0.07461809,6.130262,2.497447,2.454611,cd,X012121_086_3
087,X012121,-22,5.0625,17.07775,31.263,2,3.409328,0.9948354,0.03349001,4.733584,2.004904,2.361003,cd,X012121_087_2
087,X012121,-22,5.0625,17.07775,31.263,3,0.1526233,0.9952996,0.005287896,9.581877,1.593085,6.014667,cd,X012121_087_3
096,X012121,-22.9375,8.6226,14.77444,30.928,3,0.4341694,0.9955934,0.0220329,9.490533,3.824244,2.481676,pu,X012121_096_3
097,X012121,-18.03125,7.72114,20.07198,29.908,3,14.10296,0.9418331,0.1659812,5.838064,1.438092,4.059589,cd,X012121_097_3
110,X012121,-20.15625,6.5174,18.49264,28.909,5,7.598451,0.9917744,0.01204465,7.763414,2.048966,3.788942,pu,X012121_110_5
111,X012121,-20.4375,5.91252,18.59908,27.952,2,1.532415,0.985899,0.01527615,9.165145,2.127372,4.3082,cd,X012121_111_2
112,X012121,-21.1875,4.23928,18.20894,27.851,3,5.663748,0.9688601,0.0440658,5.711969,2.396342,2.38362,cd,X012121_112_3
122,X012121,-21.1875,7.51704,16.91248,23.916,1,7.900406,0.9500588,0.02643948,5.955397,2.793202,2.132104,pu,X012121_122_1
122,X012121,-21.1875,7.51704,16.91248,23.916,3,2.720916,0.989718,0.006169213,5.168743,1.768652,2.922419,pu,X012121_122_3
130,X012121,-33.4375,11.121,2.65526,23.458,3,3.564079,0.9968392,0.001175088,15.29715,1.913907,7.992631,AMG,X012121_130_3
138,X012121,-29.71875,14.6236,4.29221,22.121,4,0.1435619,0.9850176,0.00146886,13.25639,1.64291,8.068847,AMG,X012121_138_4
138,X012121,-29.71875,14.6236,4.29221,22.121,5,1.756365,0.9850176,0.006462985,8.770577,1.428663,6.139012,AMG,X012121_138_5
143,X012121,-28.28125,9.57564,8.55292,22.04,2,9.893731,0.985899,0.1022327,8.037461,1.466074,5.482302,AMG,X012121_143_2
146,X012121,-17.8125,5.65487,20.72255,21.153,2,4.58094,0.9056992,0.00146886,17.37223,1.79327,9.687457,cd,X012121_146_2
146,X012121,-17.8125,5.65487,20.72255,21.153,7,3.177927,0.9438896,0.05111633,3.918251,0.8075191,4.852209,cd,X012121_146_7
147,X012121,-15.96875,3.97676,23.82868,23.059,2,0.8802811,0.9914806,0.006169213,9.403663,2.509494,3.747235,24c,X012121_147_2
150,X012121,-31.8125,12.94156,3.54276,20.528,6,0.0506996,0.9947121,0,14.41127,3.81818,3.774382,AMG,X012121_150_6
156,X012121,-19.21875,8.00042,19.95428,19.44,3,0.2507018,0.9982374,0.002350176,10.64141,1.984123,5.363282,cd,X012121_156_3
157,X012121,-16.125,6.10436,23.38922,19.17,4,3.454146,0.9847239,0.2027027,8.616326,1.257253,6.853294,24c,X012121_157_4
006,X012220,-10.4375,9.07446,23.89879,43.29,3,1.480524,0.9641598,0.02320799,13.99005,1.559516,8.970769,46v,X012220_006_3
007,X012220,-10.96875,7.60365,24.2333,42.83,6,0.6596927,0.9979436,0.003231492,18.40501,2.392981,7.691248,46v,X012220_007_6
008,X012220,-11.71875,6.0646,24.3066,42.53,3,1.000501,0.9878405,0.01703878,14.66483,1.944385,7.542144,46v,X012220_008_3
011,X012220,-9.0625,13.461,23.19641,42.33,2,1.233139,0.9929495,0.004406581,13.69359,2.176249,6.29229,12r,X012220_011_2
013,X012220,-9.59375,10.688,24.44894,42.035,1,1.013211,0.9876616,0.004994125,10.52736,1.973125,5.335374,46v,X012220_013_1
022,X012220,-11.40625,10.04944,23.84044,40.36,5,2.998631,0.9988249,0.004994125,16.72991,3.446473,4.854211,46v,X012220_022_5
023,X012220,-12.46875,8.60021,23.55186,40.075,3,0.8963559,0.9903055,0.008519389,10.68776,2.37388,4.502231,46v,X012220_023_3
037,X012220,-10.21875,15.97292,21.5018,38.908,2,30.88679,0.970329,0.0660987,5.662762,1.077243,5.256715,12o,X012220_037_2
040,X012220,-12.15625,11.3646,23.103,37.388,4,5.125154,0.9697415,0.039953,7.193936,1.836166,3.917913,46df,X012220_040_4
040,X012220,-12.15625,11.3646,23.103,37.388,6,1.954489,0.9964747,0.0005875441,13.54664,1.958001,6.918606,46df,X012220_040_6
059,X012220,-13.46875,13.41303,20.79767,35.883,2,7.993511,0.9618096,0.09488837,6.242092,1.674869,3.726913,46v,X012220_059_2
059,X012220,-13.46875,13.41303,20.79767,35.883,4,0.2516986,0.9911869,0.009400705,14.38877,1.657731,8.679795,46v,X012220_059_4
066,X012220,-10.125,19.50073,18.16315,36.098,3,0.1826695,0.9973561,0.004994125,14.22192,2.008642,7.080367,45,X012220_066_3
066,X012220,-10.125,19.50073,18.16315,36.098,4,10.21376,0.9764982,0.02849589,6.994052,1.596136,4.381864,45,X012220_066_4
074,X012220,-16.15625,8.34206,22.23222,32.708,1,8.389452,0.9941245,0.01292597,12.86732,1.224383,10.50923,cd,X012220_074_1
074,X012220,-16.15625,8.34206,22.23222,32.708,4,10.7992,0.9920682,0.0787309,7.237957,1.294854,5.589788,cd,X012220_074_4
077,X012220,-10.1875,19.7304,17.8378,34.988,3,1.203817,0.9650411,0,16.94401,1.794113,9.444226,45,X012220_077_3
079,X012220,-14.1875,16.9258,17.2922,33.988,3,8.253498,0.956228,0.01674501,8.318766,2.096488,3.967953,6VaVb,X012220_079_3
080,X012220,-15.9375,15.38556,17.0054,33.733,3,3.070099,1,0,19.4754,1.849744,10.5287,AI,X012220_080_3
080,X012220,-15.9375,15.38556,17.0054,33.733,4,0.1364495,1,0.00293772,13.69246,1.568184,8.731415,AI,X012220_080_4
088,X012220,-13.9375,3.30744,25.44652,29.868,2,4.572841,0.9844301,0.003819037,10.38487,2.691231,3.85878,24c,X012220_088_2
088,X012220,-13.9375,3.30744,25.44652,29.868,4,2.656202,0.9873678,0.005875441,12.79495,2.436284,5.25183,24c,X012220_088_4
089,X012220,-11.3125,20.08074,16.6255,33.368,3,4.301276,0.9829612,0.04700353,9.916921,1.91152,5.187975,6VaVb,X012220_089_3
089,X012220,-11.3125,20.08074,16.6255,33.368,4,0.2827584,0.996181,0.004112808,15.94192,2.076086,7.678835,6VaVb,X012220_089_4
090,X012220,-13.25,18.23558,16.65816,33.023,3,0.3098101,0.9971202,0.001175088,12.677,1.687608,7.511815,6VaVb,X012220_090_3
093,X012220,-15.1875,13.93208,19.32311,32.043,4,3.161799,0.9797297,0.0987074,6.300683,1.858201,3.390744,44,X012220_093_4
094,X012220,-17,11.01221,18.96992,30.668,5,5.256249,0.9952996,0.002056404,6.718696,1.312621,5.118535,pu,X012220_094_5
096,X012220,-13.875,8.7396,23.70124,29.728,3,5.883909,0.9717979,0.06756756,8.586173,1.770857,4.848598,8B,X012220_096_3
096,X012220,-13.875,8.7396,23.70124,29.728,4,1.848292,0.9888366,0.002643948,16.383,2.145689,7.635309,8B,X012220_096_4
097,X012220,-14.6875,7.71178,23.47446,29.428,2,3.821045,0.9559342,0.04377203,7.474774,1.990214,3.755764,8B,X012220_097_2
097,X012220,-14.6875,7.71178,23.47446,29.428,5,1.076393,0.9973561,0.01292597,7.103943,1.219902,5.823371,8B,X012220_097_5
099,X012220,-17.875,4.77206,21.22092,29.043,1,2.587713,0.9944183,0.0440658,8.75085,1.35448,6.460673,cd,X012220_099_1
101,X012220,-10.6875,20.32046,17.54327,31.953,4,1.436827,0.9788484,0.0126322,7.457989,1.365687,5.460982,6VaVb,X012220_101_4
101,X012220,-10.6875,20.32046,17.54327,31.953,5,1.002884,0.9788484,0.0005875441,8.367363,1.627424,5.141478,6VaVb,X012220_101_5
103,X012220,-13,16.11642,18.65197,31.953,2,1.267695,0.993537,0.01057579,12.77982,1.870713,6.831523,45,X012220_103_2
104,X012220,-13.375,14.68686,20.0973,31.088,2,3.496456,0.979436,0.01439483,4.423439,1.093329,4.045844,45,X012220_104_2
104,X012220,-13.375,14.68686,20.0973,31.088,3,0.09643146,0.9571093,0.009988249,8.444649,1.294365,6.524163,45,X012220_104_3
107,X012220,-13.3125,11.10005,23.07468,25.68,3,0.8994478,0.9908931,0.004112808,13.50445,1.754672,7.696285,6DC,X012220_107_3
112,X012220,-13.875,4.05344,25.50937,26.931,5,0.9127325,0.9932432,0.0766745,7.4684,1.253228,5.959333,24c,X012220_112_5
117,X012220,-16.5,13.81955,18.18995,25.182,3,1.017519,0.9957511,0.00146886,13.82441,1.210179,11.42344,pu,X012220_117_3
118,X012220,-16.8125,12.542,18.265,25.172,6,1.756606,0.9952996,0.01175088,6.870574,1.095524,6.271493,pu,X012220_118_6
140,X012220,-18.25,12.73457,17.63163,21.665,4,0.9537506,0.9574031,0.005875441,10.29596,2.76802,3.719611,pu,X012220_140_4
152,X012220,-18.375,11.26935,17.85645,19.647,1,23.05309,0.9991187,0.01439483,10.44499,1.234673,8.459724,pu,X012220_152_1
153,X012220,-19.875,10.19866,17.3147,19.576,1,30.10556,0.9615158,0.006462985,8.752167,0.9538791,9.175342,pu,X012220_153_1
021,X012221,-14.1875,11.60339,19.97053,41.16,2,0.4587441,0.9911869,0.03407755,7.576588,2.290884,3.307277,11ml,X012221_021_2
023,X012221,-15.71875,8.6116,20.2406,40.5,3,1.330302,0.836369,0.02027027,9.32401,1.778926,5.241369,11ml,X012221_023_3
028,X012221,-8.625,15.035,23.2959,40.05,1,21.32766,0.9388954,0.1104583,5.964506,1.724076,3.459537,12l,X012221_028_1
028,X012221,-8.625,15.035,23.2959,40.05,5,0.9294559,0.985899,0.002643948,12.55055,1.988475,6.311648,12l,X012221_028_5
030,X012221,-14.25,11.9533,20.1145,39.8,2,2.946818,0.9588719,0.130141,6.057266,1.6282,3.720223,13l,X012221_030_2
030,X012221,-14.25,11.9533,20.1145,39.8,3,0.2811058,0.980611,0.0126322,10.15774,1.70635,5.952908,13l,X012221_030_3
031,X012221,-16.15625,10.41595,19.1566,39.625,2,1.012725,0.9615158,0.01321974,10.12741,1.677829,6.036021,13l,X012221_031_2
033,X012221,-18.34375,7.525,18.7922,39.02,3,1.792366,0.979436,0.02085781,12.72931,3.948404,3.223913,13m,X012221_033_3
037,X012221,-11.125,16.00561,20.5694,39.048,3,0.3629459,1,0,25.44327,2.441818,10.4198,12o,X012221_037_3
040,X012221,-16.28125,11.5048,19.068,37.888,4,2.246628,0.9941245,0.02497062,8.927964,1.944223,4.592047,13l,X012221_040_4
043,X012221,-20.9375,7.05844,17.14596,37.188,7,1.181303,0.9817861,0.007344301,9.536255,2.547876,3.742826,13m,X012221_043_7
044,X012221,-21.46875,5.5754,17.07104,36.908,2,1.182847,0.9867803,0.004112808,12.41943,1.787248,6.948911,13m,X012221_044_2
048,X012221,-14.6875,15.31406,18.69424,37.608,3,0.04524657,0.9964747,0.003231492,17.92408,3.104666,5.773273,12o,X012221_048_3
050,X012221,-17.3125,11.56325,18.13725,36.513,3,0.42385,0.9967685,0.001175088,15.40108,3.943752,3.905184,13l,X012221_050_3
051,X012221,-19.65625,10.20886,16.8814,36.348,3,3.589579,0.9920682,0.007344301,7.852639,1.963002,4.000322,13l,X012221_051_3
054,X012221,-23.75,5.8336,15.0488,35.688,3,0.5708343,0.9803173,0.00293772,9.546045,6.786207,1.406684,13m,X012221_054_3
057,X012221,-14.8125,16.4774,16.93052,37.048,6,3.503852,0.9900118,0.01733255,10.48492,1.442407,7.269039,12o,X012221_057_6
058,X012221,-16.59375,15.0254,16.5602,36.788,5,6.302803,0.9941245,0.00146886,6.942299,1.396726,4.970408,12o,X012221_058_5
060,X012221,-17.5625,12.66908,17.94981,35.818,4,7.288604,0.9494712,0.0766745,6.51663,1.86361,3.496778,AI,X012221_060_4
061,X012221,-18.3125,11.23744,18.50164,35.223,3,0.4518383,0.9991187,0.002350176,16.01448,3.323635,4.818363,AI,X012221_061_3
062,X012221,-21.5625,9.943,16.0693,35.363,3,11.40542,0.956228,0.07285547,7.113444,1.88494,3.773831,13l,X012221_062_3
070,X012221,-18.84375,13.84494,15.56002,35.118,3,8.276504,0.9618096,0.03554641,7.985572,2.07287,3.852424,AI,X012221_070_3
071,X012221,-19.5,12.03031,16.33622,34.153,4,9.529599,0.9829612,0.01703878,6.244966,1.281746,4.872233,AI,X012221_071_4
071,X012221,-19.5,12.03031,16.33622,34.153,5,0.1195818,0.9982374,0,29.8939,2.604317,11.4786,AI,X012221_071_5
072,X012221,-20.75,10.85062,16.23016,34.008,2,0.5964824,0.9967949,0.00293772,8.15387,1.685012,4.839056,AI,X012221_072_2
072,X012221,-20.75,10.85062,16.23016,34.008,8,0.08476993,0.953477,0.00059988,29.81438,3.263769,9.134955,AI,X012221_072_8
072,X012221,-20.75,10.85062,16.23016,34.008,12,0.2012784,0.9811038,0.004112808,16.71761,1.967862,8.495316,AI,X012221_072_12
073,X012221,-23,9.98108,14.67768,34.108,1,0.07854927,0.9500588,0,19.57683,2.041537,9.589259,AI,X012221_073_1
095,X012221,-25.25,9.56834,11.58534,31.578,6,4.323612,0.993537,0.01204465,11.51843,1.430528,8.051877,AI,X012221_095_6
098,X012221,-21.25,6.29808,17.50404,29.948,6,3.540793,0.9550529,0.1883079,7.316844,1.790667,4.0861,pu,X012221_098_6
098,X012221,-21.25,6.29808,17.50404,29.948,7,0.7930735,0.9550529,0.009694478,9.95472,1.714551,5.806023,pu,X012221_098_7
099,X012221,-20.59375,4.79312,18.52884,29.448,3,0.6234012,0.9823737,0.01615746,8.595326,2.788782,3.082107,cd,X012221_099_3
100,X012221,-21.8125,3.30376,17.69312,29.308,6,0.1560809,0.9994125,0.007638073,20.10235,2.366991,8.492788,cd,X012221_100_6
109,X012221,-15.90625,7.34546,22.05037,27.224,1,0.1296934,0.9850176,0.005581669,11.11167,9.140005,1.215718,cd,X012221_109_1
109,X012221,-15.90625,7.34546,22.05037,27.224,4,4.617118,0.9738543,0.007638073,4.015137,0.9603776,4.18079,cd,X012221_109_4
111,X012221,-20.5,5.91252,18.59908,27.952,7,0.5012785,0.985899,0.002643948,18.08808,1.836566,9.848859,cd,X012221_111_7
112,X012221,-21.25,4.23928,18.20894,27.851,3,2.990777,0.9900118,0.006169213,4.410136,1.659475,2.65755,cd,X012221_112_3
119,X012221,-33.59375,11.1,2.61636,25.249,3,0.6489161,0.9850176,0.03642773,9.178275,1.312114,6.995028,AMG,X012221_119_3
130,X012221,-33.5,11.121,2.65526,23.458,2,2.258118,0.976792,0,14.93341,2.488006,6.002162,AMG,X012221_130_2
130,X012221,-33.5,11.121,2.65526,23.458,3,0.4704626,0.976792,0.002643948,12.11112,2.299958,5.265801,AMG,X012221_130_3
135,X012221,-19.09375,4.30312,20.17768,24.993,1,2.928676,0.9785547,0.02144536,13.92005,1.509646,9.220739,cd,X012221_135_1
135,X012221,-19.09375,4.30312,20.17768,24.993,5,3.293611,0.9785547,0.003525264,11.14661,1.33259,8.364618,cd,X012221_135_5
136,X012221,-24.5,2.72322,15.34207,25.882,2,3.960509,0.9356639,0.08078731,6.038374,1.975072,3.057293,cd,X012221_136_2
138,X012221,-29.78125,14.6236,4.29221,22.121,6,1.486638,0.9873678,0.02497062,7.549491,1.54702,4.880023,AMG,X012221_138_6
140,X012221,-34.25,12.45359,1.38981,22.085,3,4.050023,0.9764982,0.0660987,6.702501,1.485838,4.510923,AMG,X012221_140_3
146,X012221,-17.875,5.65487,20.72255,21.153,3,17.77882,1,0.07403056,11.62527,1.41828,8.196736,cd,X012221_146_3
147,X012221,-16.03125,3.97676,23.82868,23.059,7,0.5527418,0.9932961,0,16.75851,1.887411,8.8791,24c,X012221_147_7
156,X012221,-19.28125,8.00042,19.95428,19.44,4,0.1892762,0.9984264,0.0005875441,14.5796,1.825116,7.988318,cd,X012221_156_4
007,X012320,-11.03125,7.60106,24.06692,42.85,4,0.518516,0.9985312,0.005287896,14.86931,2.243791,6.626868,46v,X012320_007_4
008,X012320,-11.71875,6.0646,24.3066,42.53,4,0.9747047,0.9950058,0.007344301,16.24633,1.841855,8.820635,46v,X012320_008_4
014,X012320,-10.84375,9.216,23.87325,41.88,4,1.327046,0.9970623,0.004700352,10.68956,1.807821,5.912952,46v,X012320_014_4
022,X012320,-11.40625,10.04944,23.84044,40.36,2,2.194621,0.9982374,0.004406581,17.77007,3.327209,5.340833,46v,X012320_022_2
023,X012320,-12.53125,8.60088,23.35708,40.1,2,1.191151,0.9653349,0.01880141,10.86967,2.050166,5.301847,46v,X012320_023_2
027,X012320,-7.78125,15.89893,22.57994,40.445,5,1.419755,0.9612221,0.04289072,9.098843,1.687182,5.392922,12l,X012320_027_5
027,X012320,-7.78125,15.89893,22.57994,40.445,6,4.371978,0.9612221,0.08695652,6.182791,1.305125,4.737318,12l,X012320_027_6
037,X012320,-10.28125,15.97292,21.5018,38.908,1,6.093659,0.9756169,0.06521739,8.63981,2.125811,4.064241,12o,X012320_037_1
040,X012320,-12.15625,11.3646,23.103,37.388,6,0.7526768,0.9964747,0.01028202,12.08388,1.712222,7.057425,46df,X012320_040_6
045,X012320,-8.875,19.02082,19.48197,38.228,3,1.041753,0.9738543,0.002643948,12.57454,1.597121,7.873255,12o,X012320_045_3
057,X012320,-13.34375,16.43925,18.35915,36.838,5,0.6974429,0.9900118,0.02761457,7.613865,2.951606,2.579567,12o,X012320_057_5
059,X012320,-13.53125,13.41303,20.79767,35.883,4,0.1255447,0.9988249,0.01821387,12.40981,3.440267,3.607223,46v,X012320_059_4
066,X012320,-10.25,19.50073,18.16315,36.098,3,1.315998,0.9926557,0.002350176,17.76985,2.991199,5.940711,45,X012320_066_3
074,X012320,-16.15625,8.34206,22.23222,32.708,2,13.87163,0.9591657,0.02379553,8.966173,1.281807,6.994948,cd,X012320_074_2
077,X012320,-10.1875,19.7304,17.8378,34.988,3,0.4255729,0.9882491,0.006462985,18.66626,4.841218,3.855695,45,X012320_077_3
079,X012320,-14.4375,16.93203,17.05852,34.023,3,3.008624,0.993537,0.005581669,12.0491,2.317667,5.198804,6VaVb,X012320_079_3
080,X012320,-15.9375,15.38556,17.0054,33.733,2,2.369895,0.9988249,0.00146886,14.49364,1.759971,8.235158,AI,X012320_080_2
086,X012320,-14.375,6.33244,24.20024,30.548,3,0.09415558,0.9709166,0.00293772,15.73965,2.453714,6.414624,8B,X012320_086_3
088,X012320,-13.9375,3.30744,25.44652,29.868,4,8.195153,0.9629847,0.02379553,5.184789,1.224976,4.232563,24c,X012320_088_4
088,X012320,-13.9375,3.30744,25.44652,29.868,7,2.635957,1,0.006462985,23.0805,3.169705,7.281592,24c,X012320_088_7
089,X012320,-11.375,20.08463,16.45725,33.398,4,1.004912,0.9650411,0.01086957,10.41841,2.28279,4.563894,6VaVb,X012320_089_4
089,X012320,-11.375,20.08463,16.45725,33.398,5,2.61174,0.9650411,0.006756757,13.44566,1.755515,7.659096,6VaVb,X012320_089_5
090,X012320,-13.3125,18.23636,16.44472,33.058,4,4.135013,0.9603408,0.05846063,6.354764,1.796245,3.537805,6VaVb,X012320_090_4
090,X012320,-13.3125,18.23636,16.44472,33.058,5,0.4196307,0.983255,0.003525264,11.22251,1.710876,6.559511,6VaVb,X012320_090_5
094,X012320,-17.0625,11.01221,18.96992,30.668,2,4.758929,0.9920682,0.01057579,6.044413,1.176736,5.136593,pu,X012320_094_2
096,X012320,-13.875,8.7396,23.70124,29.728,3,1.160045,0.9952996,0.002350176,16.03796,2.422121,6.621451,8B,X012320_096_3
097,X012320,-14.8125,7.71256,23.19092,29.468,3,0.5173192,0.996181,0.0126322,9.725581,1.721302,5.650129,8B,X012320_097_3
097,X012320,-14.8125,7.71256,23.19092,29.468,4,0.992252,0.9994125,0.000293772,22.66664,1.855354,12.21688,8B,X012320_097_4
101,X012320,-10.8125,20.3244,17.3658,31.988,5,1.875898,0.9638661,0.03672151,6.657334,1.415043,4.704688,6VaVb,X012320_101_5
101,X012320,-10.8125,20.3244,17.3658,31.988,6,3.21696,0.9847239,0.004700352,10.97259,2.313457,4.742942,6VaVb,X012320_101_6
101,X012320,-10.8125,20.3244,17.3658,31.988,7,0.9683138,1,0,29.82621,3.217391,9.270309,6VaVb,X012320_101_7
103,X012320,-13,16.11642,18.65197,31.953,3,3.009172,0.9932432,0.002643948,14.09851,1.894629,7.441305,45,X012320_103_3
104,X012320,-13.5,14.67995,19.85575,31.138,3,1.133084,0.9997062,0.007638073,13.31097,1.853596,7.181162,45,X012320_104_3
107,X012320,-13.3125,11.10005,23.07468,25.68,4,9.066365,0.9955934,0.03877791,7.702444,1.315615,5.854631,6DC,X012320_107_4
107,X012320,-13.3125,11.10005,23.07468,25.68,5,2.906459,0.9723854,0.02467685,10.81278,2.109723,5.125212,6DC,X012320_107_5
107,X012320,-13.3125,11.10005,23.07468,25.68,7,0.8348566,0.9723854,0.001175088,14.33779,1.731803,8.279114,6DC,X012320_107_7
116,X012320,-18.625,14.56212,15.52424,26.25,6,0.4653911,0.9982374,0.004406581,10.14795,2.499963,4.059239,pu,X012320_116_6
117,X012320,-16.625,13.81654,17.82626,25.192,6,0.393626,0.943302,0,21.05678,1.757269,11.98267,pu,X012320_117_6
127,X012320,-19.0625,14.5112,15.40195,23.194,3,0.8734729,0.9503525,0.008519389,7.364566,2.714256,2.713291,pu,X012320_127_3
129,X012320,-18.6875,12.60551,16.82671,23.303,2,0.7878645,0.9941245,0.02085781,13.02339,4.781244,2.72385,pu,X012320_129_2
133,X012320,-20.9375,7.87067,17.15227,22.371,1,23.54555,0.989718,0.0146886,9.320059,1.52143,6.125854,pu,X012320_133_1
152,X012320,-18.375,11.26935,17.85645,19.647,1,23.25802,0.9867803,0.05522914,9.607492,1.179704,8.143984,pu,X012320_152_1
004,X012420,-9.59375,11.48576,23.38196,43.37,1,0.6847826,0.9911869,0.0987074,8.984497,1.28503,6.991665,12r,X012420_004_1
004,X012420,-9.59375,11.48576,23.38196,43.37,8,0.8036581,0.9723854,0.001175088,27.86491,5.209099,5.349277,12r,X012420_004_8
006,X012420,-10.5625,9.07188,23.73412,43.31,3,0.599412,0.993537,0.00293772,14.69449,1.682021,8.736211,46v,X012420_006_3
006,X012420,-10.5625,9.07188,23.73412,43.31,4,1.265302,0.993537,0.02643948,11.07808,1.544044,7.174717,46v,X012420_006_4
007,X012420,-11.09375,7.60106,24.06692,42.85,4,3.443968,0.9776734,0.009400705,9.352467,1.631847,5.731215,46v,X012420_007_4
007,X012420,-11.09375,7.60106,24.06692,42.85,5,0.7484233,0.9979436,0.007638073,19.88059,1.811124,10.97694,46v,X012420_007_5
013,X012420,-9.71875,10.686,24.3102,42.05,4,1.006175,0.9835488,0.007344301,11.4992,1.809768,6.353963,46v,X012420_013_4
013,X012420,-9.71875,10.686,24.3102,42.05,5,0.5796306,0.9835488,0.00293772,12.47689,1.904202,6.552293,46v,X012420_013_5
014,X012420,-10.90625,9.216,23.87325,41.88,5,2.045233,0.9888366,0.02027027,8.950884,2.24362,3.989482,46v,X012420_014_5
022,X012420,-11.46875,10.05077,23.67502,40.38,5,4.395997,0.9635723,0.1377791,9.967983,1.809339,5.509184,46v,X012420_022_5
023,X012420,-12.5625,8.60088,23.35708,40.1,5,1.232388,0.9853114,0.009694478,9.666718,1.913413,5.052082,46v,X012420_023_5
027,X012420,-7.8125,15.89704,22.45832,40.46,1,1.628132,0.9938308,0.04347826,11.46437,1.998858,5.735461,12l,X012420_027_1
028,X012420,-9.53125,15.049,22.43679,40.155,5,4.864585,0.9662162,0.03789659,8.451697,1.525047,5.541925,12l,X012420_028_5
031,X012420,-12.65625,10.40389,22.53052,39.175,3,4.150234,0.9785547,0.04024677,8.852702,1.609856,5.499066,46v,X012420_031_3
038,X012420,-10.59375,14.37449,22.47639,38.463,4,4.854221,0.9656287,0.06051704,5.721316,2.211668,2.586878,13l,X012420_038_4
040,X012420,-12.21875,11.3646,23.103,37.388,5,1.120837,0.9994125,0.001175088,16.43999,2.274534,7.227851,46df,X012420_040_5
059,X012420,-13.59375,13.41303,20.79767,35.883,5,2.893419,0.9944183,0.05728555,8.220751,1.848642,4.446912,46v,X012420_059_5
060,X012420,-12.90625,12.41212,22.67959,35.158,3,1.196925,0.9917744,0.0199765,8.627849,1.552869,5.556069,46v,X012420_060_3
066,X012420,-10.3125,19.50462,17.9871,36.128,5,52.15405,0.9753231,0.08578143,5.894369,1.317805,4.47287,12l,X012420_066_5
069,X012420,-16,15.27514,17.37324,35.198,3,2.9116,0.9644536,0.09900118,5.690223,1.125617,5.055203,AI,X012420_069_3
074,X012420,-16.34375,8.35763,21.95881,32.748,1,21.31284,0.9885429,0.05023502,8.223577,1.6941,4.854246,cd,X012420_074_1
074,X012420,-16.34375,8.35763,21.95881,32.748,2,0.03324616,0.9973561,0.01057579,16.09682,2.446697,6.579,cd,X012420_074_2
077,X012420,-10.3125,19.7304,17.8378,34.988,4,0.4629714,0.9603408,0.03672151,10.06252,2.00784,5.011615,45,X012420_077_4
078,X012420,-12.4375,18.63982,17.16744,34.918,6,1.228575,0.9908931,0.06316099,10.54031,1.501193,7.021293,12l,X012420_078_6
079,X012420,-14.625,16.93826,16.82484,34.058,5,0.7513266,0.9985312,0.01645123,11.79345,1.736522,6.791421,6VaVb,X012420_079_5
086,X012420,-14.5,6.33244,24.20024,30.548,2,1.734075,0.9791422,0.01057579,5.667597,1.605917,3.529197,8B,X012420_086_2
088,X012420,-14.5625,3.32146,24.81868,29.958,2,4.013631,0.9976498,0.004406581,13.82443,1.617323,8.547721,24c,X012420_088_2
094,X012420,-17.125,10.99974,18.67548,30.708,5,5.320131,0.9882491,0.009400705,5.709448,1.109413,5.146371,pu,X012420_094_5
096,X012420,-14,8.7357,23.40368,29.768,3,2.889821,0.9885429,0.004112808,19.04312,1.893753,10.05575,8B,X012420_096_3
096,X012420,-14,8.7357,23.40368,29.768,4,1.986752,0.9885429,0.04670975,11.37651,1.689775,6.732561,8B,X012420_096_4
097,X012420,-14.8125,7.71256,23.19092,29.468,5,0.4614921,0.9694477,0.01175088,11.03665,1.590563,6.93883,8B,X012420_097_5
097,X012420,-14.8125,7.71256,23.19092,29.468,6,1.129592,0.9694477,0.01380729,9.019852,2.272547,3.969049,8B,X012420_097_6
101,X012420,-10.9375,20.3244,17.3658,31.988,1,1.231079,0.9438896,0.0005875441,10.56753,1.547665,6.828046,6VaVb,X012420_101_1
101,X012420,-10.9375,20.3244,17.3658,31.988,5,9.773238,0.9882491,0.08108108,7.945748,2.281207,3.483133,6VaVb,X012420_101_5
103,X012420,-13.1875,16.11248,18.42718,31.998,5,3.98896,0.9691539,0.006462985,11.28786,1.492445,7.563333,45,X012420_103_5
103,X012420,-13.1875,16.11248,18.42718,31.998,6,0.7159972,0.9691539,0.03378378,11.64125,1.453292,8.010262,45,X012420_103_6
107,X012420,-13.5625,11.1026,22.65196,25.69,5,4.058684,0.9644536,0.0220329,8.380866,1.192393,7.028612,6DC,X012420_107_5
107,X012420,-13.5625,11.1026,22.65196,25.69,6,0.188599,0.9850176,0.003525264,16.94218,1.665173,10.17443,6DC,X012420_107_6
107,X012420,-13.5625,11.1026,22.65196,25.69,7,0.7412476,0.9850176,0.00146886,12.98631,1.531918,8.477159,6DC,X012420_107_7
116,X012420,-18.75,14.56212,15.52424,26.25,6,1.306631,0.9911869,0.09723854,8.204177,1.210542,6.777278,pu,X012420_116_6
117,X012420,-16.875,13.81654,17.82626,25.192,6,0.3244635,0.9914806,0.02673326,9.356355,1.320656,7.084627,pu,X012420_117_6
119,X012420,-17.3125,11.1,18.6862,24.694,3,7.820178,0.9750293,0.05699177,6.8184,1.296475,5.259183,pu,X012420_119_3
119,X012420,-17.3125,11.1,18.6862,24.694,4,1.609092,0.9947121,0.02232667,9.911923,1.297102,7.641592,pu,X012420_119_4
121,X012420,-16.5625,8.56989,21.03319,24.235,3,4.451953,0.9856052,0.10047,7.676793,1.094404,7.014588,cd,X012420_121_3
127,X012420,-19.3125,14.49016,14.97966,23.194,4,0.5100428,0.9923619,0.006756757,13.73069,3.326842,4.127246,pu,X012420_127_4
129,X012420,-19.0625,12.6025,16.4465,23.313,1,6.517854,0.9656287,0.02996475,6.411547,1.823323,3.516407,pu,X012420_129_1
134,X012420,-17.5625,6.7052,21.18308,21.936,3,17.66887,0.9791422,0.1001763,7.704594,1.108571,6.950023,cd,X012420_134_3
156,X012420,-18.5625,7.94556,20.35704,19.41,2,0.6473691,0.993537,0.02291422,10.52514,1.854838,5.674422,cd,X012420_156_2
014,X012521,-13.9375,9.14,20.895,42.26,5,0.4644431,1,0.0005875441,14.05182,2.91846,4.814805,11ml,X012521_014_5
020,X012521,-12.28125,13.653,20.7359,41.42,2,0.2511726,0.9973561,0.00146886,12.34428,2.029261,6.08314,12m,X012521_020_2
021,X012521,-14.1875,11.60339,19.97053,41.16,1,4.069343,0.9976498,0.00146886,14.44911,1.757071,8.223407,11ml,X012521_021_1
021,X012521,-14.1875,11.60339,19.97053,41.16,5,7.174794,0.9512339,0.07638073,6.447299,1.4241,4.527279,11ml,X012521_021_5
023,X012521,-15.71875,8.6116,20.2406,40.5,4,2.808605,0.9744418,0.140423,7.767281,1.539621,5.044932,11ml,X012521_023_4
028,X012521,-8.625,15.035,23.2959,40.05,3,6.157335,0.9591657,0.08960047,6.754057,1.672275,4.038845,12l,X012521_028_3
034,X012521,-18.96875,5.96159,18.67681,38.81,2,3.550328,0.979436,0.009694478,10.64625,1.902662,5.59545,13m,X012521_034_2
037,X012521,-11.125,16.00561,20.5694,39.048,3,0.399924,1,0.001762632,26.00351,2.90585,8.948674,12o,X012521_037_3
050,X012521,-17.3125,11.56325,18.13725,36.513,4,0.485107,0.9994125,0.001175088,24.75307,2.268939,10.90953,13l,X012521_050_4
050,X012521,-17.3125,11.56325,18.13725,36.513,5,1.905585,0.9556404,0.1313161,6.987592,1.835416,3.807088,13l,X012521_050_5
050,X012521,-17.3125,11.56325,18.13725,36.513,6,3.225302,0.9556404,0.03495887,8.308287,1.146155,7.248834,13l,X012521_050_6
054,X012521,-23.8125,5.84372,14.75591,35.723,2,0.5219546,0.9911869,0.0005875441,10.44005,1.4187,7.358886,13m,X012521_054_2
057,X012521,-14.8125,16.4774,16.93052,37.048,3,3.247981,0.9926557,0.0252644,10.6825,1.388739,7.69223,12o,X012521_057_3
058,X012521,-16.59375,15.0254,16.5602,36.788,5,5.316517,0.9903055,0.006169213,6.525485,1.398257,4.666871,12o,X012521_058_5
067,X012521,-16.65625,18.03061,13.42471,36.378,4,1.140328,0.9903055,0.03495887,10.73284,2.107696,5.092213,12o,X012521_067_4
068,X012521,-17.875,16.87115,13.69376,35.998,2,12.00936,0.9606345,0.02438308,4.728382,1.098063,4.306112,12o,X012521_068_2
070,X012521,-18.84375,13.84494,15.56002,35.118,2,3.968236,0.9847239,0.05816686,8.694452,1.554604,5.592712,AI,X012521_070_2
071,X012521,-19.5,12.03031,16.33622,34.153,2,1.78455,0.953584,0.01586369,8.545283,2.559684,3.338413,AI,X012521_071_2
071,X012521,-19.5,12.03031,16.33622,34.153,4,10.65987,0.939483,0.07079906,4.701404,1.045684,4.496008,AI,X012521_071_4
071,X012521,-19.5,12.03031,16.33622,34.153,5,0.625492,0.953584,0.01057579,9.96532,2.18573,4.559263,AI,X012521_071_5
072,X012521,-20.75,10.85062,16.23016,34.008,2,0.08643873,0.9976498,0.001175088,26.4426,2.18233,12.11668,AI,X012521_072_2
080,X012521,-18.8125,15.44172,14.1638,34.153,3,0.8066909,0.9952996,0.0146886,8.122924,1.21066,6.709501,12o,X012521_080_3
080,X012521,-18.8125,15.44172,14.1638,34.153,5,13.08306,0.9527027,0.1680376,5.739733,1.329165,4.318299,12o,X012521_080_5
085,X012521,-21.9375,7.73464,16.2266,31.928,3,0.1133242,1,0.003231492,15.76267,1.885921,8.358074,pu,X012521_085_3
095,X012521,-25.25,9.56834,11.58534,31.578,5,4.400012,0.9970623,0.04083431,9.052629,1.297281,6.978156,AI,X012521_095_5
109,X012521,-15.90625,7.34546,22.05037,27.224,5,2.763563,0.9876616,0.07520564,8.061782,1.427272,5.648383,cd,X012521_109_5
109,X012521,-15.90625,7.34546,22.05037,27.224,6,0.1537292,0.9967685,0.006169213,11.08046,2.048999,5.407746,cd,X012521_109_6
111,X012521,-20.5,5.91252,18.59908,27.952,2,1.146544,0.9964747,0.003525264,13.74707,1.549023,8.87467,cd,X012521_111_2
119,X012521,-33.65625,11.1,2.61636,25.249,5,0.133225,0.9950058,0.02027027,12.87041,3.61714,3.558173,AMG,X012521_119_5
130,X012521,-33.5,11.121,2.65526,23.458,2,1.183507,0.9785547,0.0005875441,12.93369,1.871653,6.910306,AMG,X012521_130_2
131,X012521,-34.5,10.23531,2.14102999999999,23.702,3,3.595374,0.989718,0.03584019,8.042924,2.203096,3.650737,AMG,X012521_131_3
132,X012521,-35.125,8.9494,2.09812,23.637,2,0.2152381,0.9964747,0.0005875441,12.90494,2.643057,4.882581,AMG,X012521_132_2
138,X012521,-29.84375,14.6236,4.29221,22.121,2,0.2926736,0.9635723,0.0346651,13.50857,1.354138,9.975778,AMG,X012521_138_2
138,X012521,-29.84375,14.6236,4.29221,22.121,3,0.1729373,0.9635723,0.002056404,18.30575,1.688441,10.84181,AMG,X012521_138_3
140,X012521,-34.3125,12.45359,1.38981,22.085,3,0.3807663,0.9911869,0.0440658,7.479489,1.321116,5.661494,AMG,X012521_140_3
140,X012521,-34.3125,12.45359,1.38981,22.085,5,0.1084555,0.9802935,0.008519389,10.38665,2.216176,4.686743,AMG,X012521_140_5
141,X012521,-33,11.711,3.03055,21.97,3,2.930631,0.9973561,0.009106933,11.01841,1.195509,9.216496,AMG,X012521_141_3
007,X012621,-14.875,7.54149,20.24018,43.31,3,0.9207905,0.9926557,0.007931845,10.25505,2.388279,4.293907,11ml,X012621_007_3
012,X012621,-11.59375,12.56,21.69714,42.335,3,2.98368,0.9623972,0.0146886,8.639168,2.161183,3.997426,12m,X012621_012_3
014,X012621,-14,9.136,20.73825,42.28,2,2.71091,0.9782609,0.008813161,8.979102,1.766714,5.082375,11ml,X012621_014_2
015,X012621,-15.46875,7.824,20.481,42,3,1.506443,0.983255,0.05552291,10.86834,2.048919,5.304426,11ml,X012621_015_3
020,X012621,-12.34375,13.653,20.7359,41.42,3,0.9828824,0.9861927,0.003525264,10.38127,2.630909,3.945887,12m,X012621_020_3
023,X012621,-15.78125,8.6116,20.2406,40.5,1,0.2750469,1,0.00146886,15.24658,2.286696,6.667515,11ml,X012621_023_1
024,X012621,-17,7.133,19.83524,40.2,2,5.677271,0.9750293,0.01850764,4.532228,1.543685,2.935979,11ml,X012621_024_2
028,X012621,-8.6875,15.035,23.2959,40.05,3,3.064074,0.9861927,0.01762632,8.36601,2.448995,3.416099,12l,X012621_028_3
030,X012621,-14.3125,11.95397,19.95775,39.82,5,3.685765,1,0.004112808,25.66105,1.766844,14.52367,13l,X012621_030_5
034,X012621,-19.03125,5.96426,18.43334,38.84,3,1.087484,0.9673913,0.01116334,9.682445,3.267761,2.963021,13m,X012621_034_3
037,X012621,-11.1875,16.00561,20.5694,39.048,4,1.106457,0.9753231,0.001762632,13.88296,2.182027,6.362415,12o,X012621_037_4
043,X012621,-21,7.06701,16.92084,37.213,2,2.797603,0.9759107,0.001762632,17.21734,3.054278,5.637122,13m,X012621_043_2
044,X012621,-21.53125,5.5754,17.07104,36.908,2,1.054055,0.987074,0.006756757,12.80845,2.1955,5.833954,13m,X012621_044_2
050,X012621,-17.375,11.56325,18.13725,36.513,4,0.6622413,0.9888366,0.004700352,16.67717,1.742849,9.568909,13l,X012621_050_4
050,X012621,-17.375,11.56325,18.13725,36.513,5,1.322683,0.9853114,0.01733255,9.770964,1.702561,5.738982,13l,X012621_050_5
051,X012621,-19.78125,10.21509,16.6446,36.378,3,0.1034798,0.9988249,0.005581669,16.03193,1.679619,9.544981,13l,X012621_051_3
054,X012621,-23.875,5.84372,14.75591,35.723,2,0.8754605,0.9835488,0.004700352,13.21663,1.526906,8.655826,13m,X012621_054_2
054,X012621,-23.875,5.84372,14.75591,35.723,3,0.3351466,0.9835488,0.001175088,11.79592,1.619398,7.284138,13m,X012621_054_3
069,X012621,-17.6875,15.32967,15.70472,35.443,2,8.28441,0.9544653,0.03025852,6.500668,1.868182,3.479676,12o,X012621_069_2
071,X012621,-19.5625,12.03031,16.33622,34.153,3,1.231034,0.9964747,0.004112808,7.553577,1.422584,5.309757,AI,X012621_071_3
071,X012621,-19.5625,12.03031,16.33622,34.153,4,1.027273,0.9915966,0.001762632,13.68414,1.550488,8.825698,AI,X012621_071_4
078,X012621,-16.6875,18.79562,12.96104,35.618,3,1.592708,0.9847239,0.005875441,9.873358,2.228239,4.431014,12o,X012621_078_3
079,X012621,-19.15625,17.05663,12.38492,34.723,5,14.06241,0.9480023,0.09635723,6.46089,1.382296,4.674026,12o,X012621_079_5
079,X012621,-19.15625,17.05663,12.38492,34.723,6,0.1906819,0.9976498,0.009106933,15.14744,1.895149,7.992745,12o,X012621_079_6
099,X012621,-20.65625,4.79312,18.52884,29.448,2,0.6951248,0.989718,0.02555817,8.489462,1.485644,5.714331,cd,X012621_099_2
105,X012621,-31.15625,13.38785,3.2563,27.018,4,7.070548,0.9814923,0.06756756,7.545744,1.508465,5.002265,AMG,X012621_105_4
108,X012621,-17,8.33414,20.44354,28.369,3,7.754608,0.9876616,0.0787309,7.446091,1.335147,5.576981,cd,X012621_108_3
108,X012621,-17,8.33414,20.44354,28.369,4,7.012754,0.9941245,0.007931845,14.67506,1.307236,11.22602,cd,X012621_108_4
109,X012621,-15.96875,7.34546,22.05037,27.224,1,2.605204,0.9456522,0.03701528,9.460931,1.970768,4.800632,cd,X012621_109_1
109,X012621,-15.96875,7.34546,22.05037,27.224,4,0.111247,0.9970623,0.002056404,10.89555,1.685154,6.465611,cd,X012621_109_4
109,X012621,-15.96875,7.34546,22.05037,27.224,5,4.144931,0.9456522,0.03701528,9.582711,1.514871,6.325762,cd,X012621_109_5
110,X012621,-20.28125,6.5174,18.49264,28.909,5,0.08207645,0.9900118,0.002643948,11.55849,1.932165,5.982144,pu,X012621_110_5
111,X012621,-20.5625,5.91252,18.59908,27.952,3,0.09773402,0.9882491,0.01204465,13.49307,1.944706,6.938359,cd,X012621_111_3
119,X012621,-33.78125,11.1,2.18204,25.264,3,1.365733,0.9903055,0.05787309,9.572258,2.442639,3.918819,AMG,X012621_119_3
122,X012621,-21.3125,7.51704,16.91248,23.916,5,0.3487021,0.9914806,0.002056404,11.51936,1.958064,5.883036,pu,X012621_122_5
130,X012621,-33.5625,11.121,2.65526,23.458,5,2.994815,0.9885429,0.02232667,7.802244,2.52452,3.090585,AMG,X012621_130_5
130,X012621,-33.5625,11.121,2.65526,23.458,6,1.15804,0.7881904,0.009988249,7.824203,1.61304,4.850595,AMG,X012621_130_6
130,X012621,-33.5625,11.121,2.65526,23.458,8,0.1378435,0.9944183,0.003231492,18.55117,2.098121,8.841803,AMG,X012621_130_8
138,X012621,-29.90625,14.6062,3.87472,22.126,2,0.251359,0.9955934,0.02379553,14.58904,1.944297,7.503502,AMG,X012621_138_2
139,X012621,-34.15625,13.45,3.024,21.981,4,12.91843,0.9465335,0.1489424,5.096994,1.280585,3.980207,AMG,X012621_139_4
141,X012621,-33.0625,11.711,3.03055,21.97,2,10.91294,0.9712104,0.1580494,6.999115,1.580241,4.429144,AMG,X012621_141_2
141,X012621,-33.0625,11.711,3.03055,21.97,3,3.40565,0.9944183,0.0126322,11.43065,1.224643,9.333862,AMG,X012621_141_3
142,X012621,-35,10.59461,1.4915,21.845,3,7.625199,0.9950058,0.01674501,10.29441,1.803433,5.708229,AMG,X012621_142_3
143,X012621,-28.53125,9.57564,8.55292,22.04,1,50.38379,0.9386017,0.1959459,5.385152,0.9642535,5.584789,AMG,X012621_143_1
144,X012621,-20.125,8.09972,18.1854,21.11744,4,2.480829,0.9929495,0.0199765,11.7477,1.359895,8.638678,cd,X012621_144_4
145,X012621,-18.96875,6.64884,19.4903,20.803,5,0.4844773,0.9923619,0,12.50228,2.122889,5.889277,cd,X012621_145_5
152,X012621,-31.8125,11.52631,4.71117,19.967,5,0.2589687,0.9917296,0.001762632,9.72109,1.574855,6.17269,AMG,X012621_152_5
156,X012621,-19.34375,8.00042,19.95428,19.44,5,0.1224399,0.9876695,0.009106933,11.89209,2.233254,5.325006,cd,X012621_156_5
004,X012720,-9.59375,11.48576,23.38196,43.37,6,0.6543893,0.9579906,0,30.04811,2.626144,11.44191,12r,X012720_004_6
006,X012720,-10.625,9.07188,23.73412,43.31,2,5.27421,0.9650411,0.1042891,6.770039,1.756796,3.853628,46v,X012720_006_2
011,X012720,-9.1875,13.459,23.08768,42.34,4,0.03498506,0.9509401,0.00146886,23.82372,2.428694,9.809273,12r,X012720_011_4
011,X012720,-9.1875,13.459,23.08768,42.34,6,2.665767,0.9709166,0.04847239,9.626599,1.931176,4.984838,12r,X012720_011_6
018,X012720,-7.3125,15.34554,23.62428,41.43,3,2.257145,0.9480023,0.03760282,10.44199,1.914714,5.453551,12l,X012720_018_3
019,X012720,-8.375,14.60656,23.891,41.12,3,6.014759,0.9811986,0.0346651,8.040631,1.936863,4.151368,12m,X012720_019_3
019,X012720,-8.375,14.60656,23.891,41.12,4,0.256887,0.9982374,0.001175088,20.52504,1.998057,10.2725,12m,X012720_019_4
022,X012720,-11.53125,10.05077,23.67502,40.38,2,3.048479,0.9814923,0.02790834,9.602715,2.475189,3.879588,46v,X012720_022_2
027,X012720,-7.8125,15.89704,22.45832,40.46,2,0.5178966,0.9938308,0.01938896,12.65962,2.428095,5.213809,12l,X012720_027_2
036,X012720,-8.96875,17.46856,20.66024,39.468,3,3.965181,0.9903055,0.01175088,10.60603,1.632378,6.497286,12o,X012720_036_3
037,X012720,-10.28125,15.97292,21.5018,38.908,2,10.08708,0.9776734,0.05611046,5.387352,1.088517,4.949258,12o,X012720_037_2
040,X012720,-12.40625,11.37161,22.90125,37.413,3,0.2183052,0.9797297,0.006462985,13.06378,1.596471,8.18291,46df,X012720_040_3
055,X012720,-10.53125,19.12846,18.26736,37.613,1,16.53171,0.9242068,0.01145711,10.28063,1.297334,7.924423,12l,X012720_055_1
060,X012720,-13.34375,12.43548,22.24961,35.218,3,0.1506865,0.9638661,0.0005875441,13.56365,1.468168,9.238483,46v,X012720_060_3
066,X012720,-10.3125,19.50462,17.9871,36.128,1,26.84423,0.9988249,0.01116334,10.66538,1.984099,5.375429,12l,X012720_066_1
074,X012720,-16.46875,8.3732,21.6854,32.788,3,0.1000759,0.96651,0.003819037,24.42348,2.75964,8.850243,cd,X012720_074_3
077,X012720,-10.5625,19.73508,17.50286,35.058,2,0.8366469,0.9603408,0.01792009,9.870635,1.458218,6.768969,45,X012720_077_2
077,X012720,-10.5625,19.73508,17.50286,35.058,3,3.316109,0.9603408,0.05816686,6.959445,1.605098,4.335838,45,X012720_077_3
077,X012720,-10.5625,19.73508,17.50286,35.058,4,3.097174,0.9991187,0.008225617,16.31865,3.262663,5.001636,45,X012720_077_4
079,X012720,-14.875,16.94449,16.59116,34.093,2,10.19398,1,0.0008813161,11.80206,1.659228,7.112983,6VaVb,X012720_079_2
086,X012720,-14.5,6.33244,24.20024,30.548,3,7.024466,0.9994125,0.00146886,10.94198,2.136885,5.120528,8B,X012720_086_3
088,X012720,-15.0625,3.32847,24.50476,30.003,3,0.5837831,0.9861927,0.009694478,10.09252,1.967522,5.129556,24c,X012720_088_3
094,X012720,-17.25,10.99974,18.67548,30.708,2,2.591511,0.9803173,0.007931845,7.120986,1.495694,4.76099,pu,X012720_094_2
096,X012720,-14,8.7357,23.40368,29.768,3,1.319542,0.9615158,0.001762632,14.69401,1.59423,9.216994,8B,X012720_096_3
096,X012720,-14,8.7357,23.40368,29.768,4,1.053962,0.9615158,0.001175088,15.9457,1.775597,8.980474,8B,X012720_096_4
101,X012720,-10.9375,20.3244,17.3658,31.988,3,0.6721378,0.9908931,0.0005875441,9.043667,1.400821,6.455977,6VaVb,X012720_101_3
109,X012720,-14.625,7.3593,23.33385,27.084,2,4.862012,0.9803173,0.003819037,7.84482,1.138717,6.889176,cd,X012720_109_2
109,X012720,-14.625,7.3593,23.33385,27.084,5,14.65523,0.9926557,0.01645123,11.29629,1.187299,9.514276,cd,X012720_109_5
116,X012720,-18.875,14.5486,15.10195,26.27,3,3.315824,0.9838426,0.01439483,7.443141,2.992678,2.487117,pu,X012720_116_3
117,X012720,-17.125,13.81353,17.46257,25.202,1,22.99389,0.9988249,0.008813161,9.905998,1.35835,7.29267,pu,X012720_117_1
121,X012720,-16.6875,8.56989,21.03319,24.235,3,2.073953,0.9938308,0.01351351,9.028977,1.503931,6.003585,cd,X012720_121_3
131,X012720,-18.0625,10.21768,18.38084,23.057,2,28.47359,0.9964747,0.01057579,7.195781,1.196112,6.015975,pu,X012720_131_2
007,X012721,-14.90625,7.54149,20.24018,43.31,3,0.6712028,0.9958872,0.01116334,9.60357,1.934469,4.964449,11ml,X012721_007_3
012,X012721,-11.625,12.56,21.5684,42.35,3,2.191881,0.9932432,0.001175088,10.87694,2.114353,5.144333,12m,X012721_012_3
014,X012721,-14.03125,9.136,20.73825,42.28,3,1.243797,0.9826674,0.01145711,10.07261,1.632827,6.168817,11ml,X012721_014_3
014,X012721,-14.03125,9.136,20.73825,42.28,4,0.9559743,0.9894242,0.0005875441,15.8045,1.759729,8.981211,11ml,X012721_014_4
021,X012721,-14.21875,11.60339,19.97053,41.16,3,3.207354,0.9947121,0.01938896,8.50359,1.848294,4.600777,11ml,X012721_021_3
023,X012721,-15.8125,8.61227,20.04582,40.525,3,0.4571836,0.9923619,0.01086957,11.93226,1.640749,7.272449,11ml,X012721_023_3
028,X012721,-8.71875,15.037,23.17317,40.065,3,0.3126898,0.9950058,0.02878966,10.22342,2.364383,4.323928,12l,X012721_028_3
030,X012721,-14.3125,11.95397,19.95775,39.82,2,1.66317,0.9970623,0.01321974,12.16268,1.782242,6.82437,13l,X012721_030_2
032,X012721,-17.125,9.007,19.16596,39.275,3,6.492123,0.9982374,0.006756757,9.419142,1.436496,6.557025,13m,X012721_032_3
034,X012721,-19.03125,5.96426,18.43334,38.84,2,3.199688,0.9997062,0.002056404,11.84304,3.037349,3.899136,13m,X012721_034_2
037,X012721,-11.21875,16.00561,20.5694,39.048,6,4.089368,0.996181,0.009400705,8.265894,1.366685,6.048132,12o,X012721_037_6
037,X012721,-11.21875,16.00561,20.5694,39.048,7,1.842157,0.9444771,0.01850764,8.390518,2.117233,3.962964,12o,X012721_037_7
037,X012721,-11.21875,16.00561,20.5694,39.048,10,0.5251067,0.9823737,0.001762632,20.79948,2.738815,7.594337,12o,X012721_037_10
037,X012721,-11.21875,16.00561,20.5694,39.048,11,1.248902,0.9988249,0.003819037,12.19971,1.490584,8.184517,12o,X012721_037_11
039,X012721,-14.53125,12.9459,19.6445,38.138,1,10.94144,0.9723854,0.07784959,6.977357,1.407834,4.956093,13l,X012721_039_1
039,X012721,-14.53125,12.9459,19.6445,38.138,4,0.4313284,0.9776734,0.003819037,15.81955,2.206412,7.169811,13l,X012721_039_4
040,X012721,-16.375,11.51181,18.86625,37.913,6,0.838489,0.9982374,0,23.79893,2.467482,9.645027,13l,X012721_040_6
041,X012721,-18.96875,10.11826,17.63152,37.738,3,0.4820578,0.9988249,0.03143361,15.44226,1.50245,10.27805,13l,X012721_041_3
047,X012721,-12.84375,16.33694,19.09976,37.838,3,3.745916,0.9603408,0.06345476,7.802756,1.589534,4.908833,12o,X012721_047_3
047,X012721,-12.84375,16.33694,19.09976,37.838,4,3.35683,0.9603408,0.02967098,10.97243,1.335748,8.214449,12o,X012721_047_4
050,X012721,-17.40625,11.5687,17.9355,36.538,1,40.24353,0.9350764,0.06345476,4.979676,1.292667,3.85225,13l,X012721_050_1
050,X012721,-17.40625,11.5687,17.9355,36.538,2,0.6993903,1,0.0005875441,15.25799,1.459593,10.45359,13l,X012721_050_2
054,X012721,-23.90625,5.84372,14.75591,35.723,4,2.259223,0.9635723,0.001175088,10.87727,1.682971,6.463137,13m,X012721_054_4
056,X012721,-13.34375,17.6352,16.88266,37.338,2,2.089386,0.9950058,0.06286722,8.106329,1.539819,5.264469,12l,X012721_056_2
058,X012721,-16.6875,15.03163,16.35534,36.818,3,2.705083,0.9894242,0.03525265,8.584084,1.229828,6.979905,12o,X012721_058_3
061,X012721,-18.40625,11.23744,18.50164,35.223,3,5.987126,0.9979436,0.003819037,12.51463,1.383577,9.045125,AI,X012721_061_3
067,X012721,-16.75,18.03061,13.42471,36.378,3,3.92203,0.9914806,0.01057579,10.56742,1.231532,8.580705,12o,X012721_067_3
067,X012721,-16.75,18.03061,13.42471,36.378,5,0.2731586,0.9914806,0.01792009,13.60237,2.261123,6.015758,12o,X012721_067_5
071,X012721,-19.5625,12.03031,16.33622,34.153,3,5.40449,0.9908931,0.008519389,6.358785,1.238019,5.136256,AI,X012721_071_3
071,X012721,-19.5625,12.03031,16.33622,34.153,4,2.795989,0.9900118,0.02027027,9.729254,1.828309,5.32145,AI,X012721_071_4
073,X012721,-23.15625,9.98108,14.67768,34.108,3,0.1667389,0.9970623,0.00146886,12.63904,1.531937,8.250366,AI,X012721_073_3
074,X012721,-24.4375,8.80916,14.02992,33.908,2,0.06852866,0.9776734,0.02232667,10.69637,1.266197,8.447638,13m,X012721_074_2
078,X012721,-16.71875,18.79562,12.96104,35.618,2,0.5580651,0.9441833,0.008813161,13.01206,1.592673,8.16995,12o,X012721_078_2
079,X012721,-19.1875,17.05663,12.38492,34.723,2,14.48827,0.9932432,0.02350176,11.24763,1.92185,5.852499,12o,X012721_079_2
079,X012721,-19.1875,17.05663,12.38492,34.723,4,0.4396596,0.9932432,0.0273208,9.775041,2.267397,4.311129,12o,X012721_079_4
080,X012721,-18.90625,15.44172,14.1638,34.153,4,1.903806,0.9726792,0.002643948,10.4285,2.126845,4.903273,12o,X012721_080_4
080,X012721,-18.90625,15.44172,14.1638,34.153,5,7.886166,0.9990693,0.0008813161,10.71469,1.682492,6.368345,12o,X012721_080_5
080,X012721,-18.90625,15.44172,14.1638,34.153,7,0.9032714,0.9715041,0.004700352,12.27617,1.649379,7.442903,12o,X012721_080_7
082,X012721,-21.875,11.58884,14.04832,32.898,3,0.584326,0.9967685,0.02262045,12.6486,1.861821,6.793673,AI,X012721_082_3
083,X012721,-23.90625,10.165,12.93616,32.748,3,0.7904008,0.9732667,0.01850764,7.260183,2.039329,3.560084,AI,X012721_083_3
083,X012721,-23.90625,10.165,12.93616,32.748,4,1.732261,0.9968823,0.009694478,13.79101,1.804529,7.642445,AI,X012721_083_4
085,X012721,-27.5,7.80855,10.78025,32.688,6,5.299587,0.9856052,0.009694478,10.44525,1.818448,5.744048,AI,X012721_085_6
099,X012721,-20.71875,4.79312,18.52884,29.448,3,3.135651,0.9908931,0.1274971,7.887074,1.617641,4.875665,cd,X012721_099_3
108,X012721,-17,8.33414,20.44354,28.369,3,9.218777,0.9838426,0.007931845,11.30677,1.462711,7.730013,cd,X012721_108_3
110,X012721,-20.34375,6.5197,18.20062,28.959,1,0.4205713,0.9274383,0.05052879,7.88067,1.645896,4.788074,pu,X012721_110_1
111,X012721,-20.625,5.91252,18.59908,27.952,3,0.5830857,0.9876616,0.03819036,7.584001,1.447074,5.240921,cd,X012721_111_3
130,X012721,-33.625,11.118,2.29608,23.468,4,1.933681,0.9814923,0.009106933,10.0643,1.825827,5.512187,AMG,X012721_130_4
130,X012721,-33.625,11.118,2.29608,23.468,6,1.070438,0.9958872,0.00146886,14.66457,1.794092,8.17381,AMG,X012721_130_6
131,X012721,-34.5625,10.23531,2.14102999999999,23.702,2,22.70488,0.936839,0.1104583,5.247274,2.092035,2.508215,AMG,X012721_131_2
135,X012721,-19.21875,4.30445,19.8833,25.033,3,0.2416386,0.9994125,0.001762632,11.9503,1.956273,6.108708,cd,X012721_135_3
139,X012721,-34.21875,13.45,3.024,21.981,1,13.22531,0.953584,0.1222092,4.951964,1.360125,3.640815,AMG,X012721_139_1
139,X012721,-34.21875,13.45,3.024,21.981,4,0.5984272,0.9814923,0.03672151,6.712826,1.082611,6.200588,AMG,X012721_139_4
141,X012721,-33.0625,11.711,3.03055,21.97,4,10.06577,0.947121,0.08137485,6.225204,1.487165,4.185952,AMG,X012721_141_4
141,X012721,-33.0625,11.711,3.03055,21.97,5,3.590508,0.9958872,0.009400705,11.05253,1.193048,9.264109,AMG,X012721_141_5
142,X012721,-35,10.59461,1.4915,21.845,5,12.15166,0.9876616,0.02790834,7.973137,1.641635,4.856827,AMG,X012721_142_5
144,X012721,-20.125,8.09972,18.1854,21.11744,3,3.473014,0.9756169,0.1048766,6.170202,1.643555,3.754179,cd,X012721_144_3
145,X012721,-19.03125,6.64884,19.4903,20.803,1,8.15366,0.9456522,0.03084606,6.629173,2.45901,2.695871,cd,X012721_145_1
152,X012721,-31.9375,11.53434,4.30038,19.977,3,0.5645653,0.9941245,0.02820211,13.02714,1.692304,7.697877,AMG,X012721_152_3
004,X012820,-9.59375,11.48576,23.38196,43.37,5,0.2754144,0.9800235,0.005875441,16.47544,2.161701,7.621516,12r,X012820_004_5
006,X012820,-10.625,9.07188,23.73412,43.31,3,0.4271019,0.9979436,0.01145711,8.475503,1.781004,4.758835,46v,X012820_006_3
007,X012820,-11.21875,7.59847,23.90054,42.87,3,0.783316,0.9920682,0.01645123,10.91524,2.137347,5.10691,46v,X012820_007_3
013,X012820,-9.75,10.686,24.3102,42.05,3,1.812459,0.983255,0.02085781,10.10876,2.009952,5.029355,46v,X012820_013_3
013,X012820,-9.75,10.686,24.3102,42.05,4,0.4218532,0.989718,0.004994125,13.14551,2.081845,6.314356,46v,X012820_013_4
014,X012820,-10.9375,9.216,23.87325,41.88,3,3.455795,0.9803173,0.05552291,7.095438,1.949864,3.638939,46v,X012820_014_3
015,X012820,-11.9375,7.85348,23.7975,41.56,3,4.196883,1,0.006756757,11.67739,1.393209,8.381655,46v,X012820_015_3
015,X012820,-11.9375,7.85348,23.7975,41.56,4,0.8912529,1,0,17.70782,1.785737,9.916251,46v,X012820_015_4
016,X012820,-12.53125,6.33522,23.9414,41.15,3,1.338813,0.9764982,0.0005875441,12.93619,1.969934,6.566817,46df,X012820_016_3
018,X012820,-7.3125,15.34554,23.62428,41.43,3,2.109767,0.9950058,0.04524089,12.28523,2.279782,5.388775,12l,X012820_018_3
027,X012820,-7.84375,15.89704,22.45832,40.46,3,5.160559,0.9809048,0.06991775,7.430436,1.61927,4.588757,12l,X012820_027_3
066,X012820,-10.3125,19.50462,17.9871,36.128,2,26.91552,0.9894242,0.03319624,6.876673,1.024332,6.713326,12l,X012820_066_2
069,X012820,-16.0625,15.28293,17.13488,35.233,3,20.93228,0.983255,0.1028202,7.347498,1.178675,6.233693,AI,X012820_069_3
074,X012820,-16.71875,8.3732,21.6854,32.788,3,13.49646,0.9717979,0.0440658,8.06104,1.932606,4.171073,cd,X012820_074_3
074,X012820,-16.71875,8.3732,21.6854,32.788,4,0.5623532,0.9979436,0.00146886,17.70207,1.747322,10.13097,cd,X012820_074_4
077,X012820,-10.5625,19.73508,17.50286,35.058,3,5.514825,0.9585782,0.02849589,8.356033,2.202191,3.794417,45,X012820_077_3
079,X012820,-14.875,16.94449,16.59116,34.093,1,15.22783,0.9988249,0.005581669,9.629995,1.434383,6.713687,6VaVb,X012820_079_1
080,X012820,-16.25,15.39024,16.7686,33.768,2,8.856028,0.9641598,0.0273208,7.73311,1.543257,5.010902,AI,X012820_080_2
090,X012820,-13.5,18.23636,16.44472,33.058,3,4.010056,0.9720917,0.05846063,7.069945,1.401984,5.042816,6VaVb,X012820_090_3
090,X012820,-13.5,18.23636,16.44472,33.058,4,0.3492186,0.9735605,0.005287896,10.22636,3.773909,2.709753,6VaVb,X012820_090_4
091,X012820,-12.3125,16.708,19.2395,32.638,3,3.934956,0.9791422,0,23.7744,1.849172,12.85678,44,X012820_091_3
096,X012820,-14,8.7357,23.40368,29.768,2,0.8114199,0.9950058,0.03525265,11.14145,1.719935,6.477833,8B,X012820_096_2
103,X012820,-13.1875,16.11248,18.42718,31.998,2,0.8089988,0.9829612,0.003231492,6.784797,1.9457,3.487072,45,X012820_103_2
104,X012820,-13.875,14.67304,19.6142,31.188,4,0.6728866,0.9914806,0.05846063,11.01246,1.596623,6.897348,45,X012820_104_4
109,X012820,-14.625,7.3593,23.33385,27.084,2,11.27115,0.9753231,0.06844889,7.50209,1.546063,4.852383,cd,X012820_109_2
112,X012820,-14.625,4.07768,24.55714,27.051,2,7.890899,0.9976498,0.01821387,12.86959,1.473034,8.736795,24c,X012820_112_2
116,X012820,-19,14.5486,15.10195,26.27,4,1.903867,0.9603408,0.001175088,19.32102,2.751921,7.020921,pu,X012820_116_4
118,X012820,-17.5625,12.539,17.4204,25.202,5,6.573803,0.9926557,0.05434782,15.67607,2.548123,6.152007,pu,X012820_118_5
121,X012820,-16.8125,8.5744,20.6094,24.255,2,5.339269,1,0.001762632,26.34014,2.837761,9.282015,cd,X012820_121_2
140,X012820,-19.625,12.70781,16.08479,21.705,4,1.055353,0.972973,0.003525264,8.297348,1.510108,5.494538,pu,X012820_140_4
140,X012820,-19.625,12.70781,16.08479,21.705,5,0.2185199,0.9400705,0.002350176,12.51004,1.590378,7.86608,pu,X012820_140_5
140,X012820,-19.625,12.70781,16.08479,21.705,6,0.08796027,0.9997062,0.002350176,28.83246,2.832983,10.17742,pu,X012820_140_6
153,X012820,-21.125,10.25218,15.9231,19.616,2,0.3976478,0.8860164,0.01175088,10.15003,1.67539,6.058311,pu,X012820_153_2
040,X012821,-16.40625,11.51181,18.86625,37.913,3,2.900586,0.996181,0.02320799,12.40289,1.645645,7.536799,13l,X012821_040_3
041,X012821,-19,10.11826,17.63152,37.738,3,12.08417,0.9817861,0.01792009,7.542976,1.271963,5.930184,13l,X012821_041_3
049,X012821,-16.1875,14.38136,18.01676,37.613,3,7.59434,0.983255,0.006756757,6.568554,1.266788,5.185204,13l,X012821_049_3
050,X012821,-17.40625,11.5687,17.9355,36.538,2,21.1403,0.9485899,0.03848414,6.524506,1.762583,3.701674,13l,X012821_050_2
052,X012821,-23.375,8.763,14.254,36.388,3,2.962726,0.9941245,0.004994125,12.49375,2.02532,6.168778,13m,X012821_052_3
054,X012821,-23.9375,5.84372,14.75591,35.723,3,0.5551801,0.9171563,0.001175088,13.26388,1.609502,8.24098,13m,X012821_054_3
054,X012821,-23.9375,5.84372,14.75591,35.723,5,0.8766772,0.9685664,0,17.15448,2.226061,7.706204,13m,X012821_054_5
054,X012821,-23.9375,5.84372,14.75591,35.723,6,3.138535,0.9709166,0.009988249,8.774828,1.861424,4.714041,13m,X012821_054_6
058,X012821,-16.75,15.03163,16.35534,36.818,3,2.89614,0.9955934,0.01145711,11.05021,1.548008,7.138346,12o,X012821_058_3
062,X012821,-21.65625,9.943,16.0693,35.363,3,0.3880304,0.9982374,0.01175088,12.99442,2.487982,5.222875,13l,X012821_062_3
064,X012821,-24.46875,7.02504,14.43188,34.948,3,0.3220995,0.996181,0.02085781,10.20951,2.958792,3.450567,13m,X012821_064_3
066,X012821,-14.15625,19.58631,14.29005,36.758,3,2.895783,0.9762045,0.003525264,8.215334,1.775198,4.627842,12o,X012821_066_3
067,X012821,-16.75,18.03061,13.42471,36.378,2,6.927052,0.9905993,0.04641598,8.001172,1.544072,5.181865,12o,X012821_067_2
069,X012821,-17.75,15.33746,15.46636,35.478,3,8.875578,0.9747356,0.06815511,6.053524,1.154688,5.242561,12o,X012821_069_3
069,X012821,-17.75,15.33746,15.46636,35.478,4,2.118947,0.9850176,0.004406581,7.784769,1.557465,4.99836,12o,X012821_069_4
071,X012821,-19.59375,12.0342,16.0924,34.188,3,5.940183,0.9905993,0.02408931,6.990614,1.558298,4.486058,AI,X012821_071_3
079,X012821,-19.1875,17.05663,12.38492,34.723,3,9.386177,0.9923619,0.01527615,11.30818,2.027089,5.578531,12o,X012821_079_3
079,X012821,-19.1875,17.05663,12.38492,34.723,4,0.2810567,0.9845077,0.008225617,12.40502,2.201813,5.634003,12o,X012821_079_4
080,X012821,-18.90625,15.44172,14.1638,34.153,2,7.932547,0.9993412,0.001175088,13.51988,2.532446,5.338666,12o,X012821_080_2
080,X012821,-18.90625,15.44172,14.1638,34.153,6,1.565212,0.9550529,0.01703878,5.969517,1.656348,3.604023,12o,X012821_080_6
080,X012821,-18.90625,15.44172,14.1638,34.153,7,1.479079,0.9550529,0.004700352,8.708945,1.513645,5.753624,12o,X012821_080_7
082,X012821,-21.90625,11.58884,14.04832,32.898,3,0.1480896,0.8927732,0.0005875441,14.00874,1.499265,9.343736,AI,X012821_082_3
086,X012821,-24.75,6.59696,14.03016,32.078,3,0.05782675,0.9979436,0.003525264,9.698759,5.876843,1.650335,pu,X012821_086_3
096,X012821,-23.3125,8.6148,14.17932,31.008,1,0.07781179,0.9982374,0.00293772,16.45567,4.763392,3.454611,pu,X012821_096_1
103,X012821,-19.5,16.0061,12.35785,33.213,4,1.213147,0.996181,0.004700352,8.371815,2.063524,4.057048,AI,X012821_103_4
105,X012821,-31.21875,13.38785,3.2563,27.018,4,8.521942,0.9318449,0.172738,6.352347,1.6719,3.799478,AMG,X012821_105_4
105,X012821,-31.21875,13.38785,3.2563,27.018,5,7.553399,0.9450646,0.03789659,7.126081,1.398444,5.09572,AMG,X012821_105_5
108,X012821,-17.0625,8.33414,20.44354,28.369,2,6.659987,0.9809048,0.04817861,7.683461,1.213037,6.33407,cd,X012821_108_2
108,X012821,-17.0625,8.33414,20.44354,28.369,4,6.940094,0.9920682,0.002350176,13.90942,1.284573,10.82805,cd,X012821_108_4
109,X012821,-16.03125,7.342,21.7295,27.259,3,3.769511,0.9565217,0.03231492,7.56474,1.28026,5.908752,cd,X012821_109_3
109,X012821,-16.03125,7.342,21.7295,27.259,4,1.971746,0.9565217,0.02408931,9.842773,1.488587,6.612161,cd,X012821_109_4
110,X012821,-20.40625,6.5197,18.20062,28.959,2,0.06051426,0.9988249,0.0005875441,14.76108,5.222714,2.826324,pu,X012821_110_2
111,X012821,-20.6875,5.91252,18.59908,27.952,3,0.04971981,0.9982374,0.001762632,11.56296,4.990238,2.317115,cd,X012821_111_3
112,X012821,-21.4375,4.24736,17.89153,27.891,2,1.486906,0.9709166,0.02085781,5.17375,2.389529,2.165176,cd,X012821_112_2
122,X012821,-21.4375,7.52906,16.50672,23.931,9,2.949125,0.9894242,0.008813161,14.95634,2.02152,7.39856,pu,X012821_122_9
130,X012821,-33.625,11.118,2.29608,23.468,2,2.553613,0.9477086,0.02408931,6.934055,1.452819,4.772828,AMG,X012821_130_2
130,X012821,-33.625,11.118,2.29608,23.468,4,2.802245,0.9879553,0.002056404,13.7562,2.401525,5.72811,AMG,X012821_130_4
131,X012821,-34.625,10.23572,1.76336,23.717,5,8.645437,0.9506463,0.08666275,5.587332,2.0574,2.715725,AMG,X012821_131_5
139,X012821,-34.28125,13.45,3.024,21.981,1,14.67941,0.9938308,0.02967098,6.044944,1.338439,4.516413,AMG,X012821_139_1
141,X012821,-33.125,11.711,3.03055,21.97,2,3.973036,0.9905993,0.004112808,10.53899,1.163712,9.056352,AMG,X012821_141_2
141,X012821,-33.125,11.711,3.03055,21.97,3,13.13875,0.9776734,0.07755582,7.263546,1.673457,4.340445,AMG,X012821_141_3
142,X012821,-35.0625,10.59461,1.4915,21.845,1,11.89176,0.9650411,0.04142186,6.262966,1.679026,3.730117,AMG,X012821_142_1
142,X012821,-35.0625,10.59461,1.4915,21.845,3,0.8602443,0.9506463,0.01821387,11.48324,1.553848,7.390197,AMG,X012821_142_3
145,X012821,-19.09375,6.64884,19.4903,20.803,4,0.1773298,0.9521152,0.01703878,10.97791,3.907716,2.809291,cd,X012821_145_4
152,X012821,-32,11.53434,4.30038,19.977,3,0.6534559,0.9911869,0.007344301,11.48956,2.923167,3.930516,AMG,X012821_152_3
153,X012821,-22.65625,10.3057,14.5315,19.656,2,0.198095,0.9814923,0.003525264,7.725525,1.778954,4.342735,pu,X012821_153_2
156,X012821,-19.53125,8.05528,19.55152,19.47,3,6.930935,0.9873678,0.05111633,6.634947,1.778437,3.730775,cd,X012821_156_3
156,X012821,-19.53125,8.05528,19.55152,19.47,4,0.1315343,0.9958872,0,10.01436,1.634623,6.126405,cd,X012821_156_4
008,X012920,-12.15625,6.05942,23.91692,42.58,3,3.204575,0.9576969,0.005581669,9.517531,1.382968,6.881963,46v,X012920_008_3
015,X012920,-11.9375,7.85348,23.7975,41.56,3,5.830582,0.9911869,0.03672151,8.290209,2.262106,3.664819,46v,X012920_015_3
016,X012920,-12.59375,6.33522,23.9414,41.15,4,0.3001088,0.9588719,0.02585194,14.0943,1.337936,10.53436,46df,X012920_016_4
022,X012920,-11.65625,10.0521,23.5096,40.4,2,7.879173,0.9744418,0.02173913,10.03895,2.839141,3.535913,46v,X012920_022_2
040,X012920,-12.59375,11.37862,22.6995,37.438,3,1.042014,0.9876616,0.01057579,15.50201,1.968231,7.876112,46df,X012920_040_3
045,X012920,-8.96875,19.02628,19.35188,38.248,3,3.737264,0.9653349,0.03055229,6.425835,1.445284,4.446072,12o,X012920_045_3
066,X012920,-10.4375,19.50462,17.9871,36.128,3,9.728106,0.9720917,0.05992949,7.703256,1.364746,5.644463,12l,X012920_066_3
078,X012920,-13.1875,18.67098,16.32616,35.058,4,5.069316,0.9773796,0.03202115,8.266477,2.21767,3.72755,12l,X012920_078_4
079,X012920,-14.875,16.94449,16.59116,34.093,4,14.85966,0.9955934,0.01498237,7.709467,1.248085,6.177038,6VaVb,X012920_079_4
086,X012920,-15,6.348,23.602,30.638,3,1.302369,0.996181,0.03907168,11.04541,2.581167,4.279231,8B,X012920_086_3
089,X012920,-11.75,20.09241,16.12075,33.458,2,1.264031,0.9938308,0.007638073,14.37282,2.46386,5.833457,6VaVb,X012920_089_2
089,X012920,-11.75,20.09241,16.12075,33.458,4,0.137806,0.9994125,0.0005875441,27.81895,2.581629,10.77574,6VaVb,X012920_089_4
091,X012920,-12.3125,16.708,19.2395,32.638,2,6.511642,0.9970623,0.004700352,13.74111,1.387212,9.905555,44,X012920_091_2
093,X012920,-16,13.94144,18.55898,32.178,3,2.431,0.9565217,0.0525852,6.475699,2.278742,2.841787,44,X012920_093_3
096,X012920,-14.25,8.7357,23.40368,29.768,3,0.6163547,0.9788484,0.002350176,20.99998,2.18909,9.593016,8B,X012920_096_3
096,X012920,-14.25,8.7357,23.40368,29.768,4,0.2225324,0.9788484,0.002643948,25.71681,3.196033,8.046477,8B,X012920_096_4
096,X012920,-14.25,8.7357,23.40368,29.768,6,1.074029,0.9950058,0.0293772,11.6005,1.720346,6.743121,8B,X012920_096_6
097,X012920,-15.25,7.71334,22.90738,29.508,3,0.7576044,0.9903055,0.002643948,13.18026,1.508566,8.736946,8B,X012920_097_3
101,X012920,-11.1875,20.33228,17.01086,32.058,3,2.080959,0.9597532,0.06257344,10.86317,2.509909,4.328115,6VaVb,X012920_101_3
101,X012920,-11.1875,20.33228,17.01086,32.058,4,1.230948,0.9809048,0.00293772,10.58935,1.63708,6.468434,6VaVb,X012920_101_4
103,X012920,-13.4375,16.10854,18.20239,32.043,3,4.76626,0.9609283,0.02497062,8.398799,2.208076,3.803673,45,X012920_103_3
104,X012920,-14.125,14.66613,19.37265,31.238,3,14.17919,0.9947121,0.02614571,11.60609,1.551757,7.479318,45,X012920_104_3
104,X012920,-14.125,14.66613,19.37265,31.238,5,9.872851,0.9923619,0.005875441,5.465595,1.054465,5.183289,45,X012920_104_5
109,X012920,-14.75,7.35584,23.01298,27.119,3,5.213055,0.9932432,0.0126322,8.739095,1.292136,6.763295,cd,X012920_109_3
113,X012920,-16.46875,2.7016,23.06275,27.411,3,7.845894,0.9712104,0.1286722,7.038185,1.850646,3.803096,cd,X012920_113_3
140,X012920,-20.375,12.69443,15.31137,21.725,3,1.500863,0.9885429,0.01086957,13.0244,2.342255,5.560626,pu,X012920_140_3
142,X012920,-19.3125,10.49582,17.087,21.29,3,1.335014,0.9941245,0.02085781,8.258301,2.085097,3.960631,pu,X012920_142_3
149,X012920,-21.25,13.9802,13.948,20.333,4,0.2657046,0.9791422,0.008225617,7.001899,2.219717,3.15441,pu,X012920_149_4
020,X012921,-12.4375,13.659,20.5638,41.44,3,0.8731514,0.990991,0.0005875441,14.58009,2.023297,7.206104,12m,X012921_020_3
032,X012921,-17.15625,9.007,19.16596,39.275,3,0.9986495,0.8841551,0.01527615,9.613292,1.893732,5.076374,13m,X012921_032_3
032,X012921,-17.15625,9.007,19.16596,39.275,4,6.183078,0.980611,0.02673326,5.782638,1.277711,4.525779,13m,X012921_032_4
041,X012921,-19,10.11826,17.63152,37.738,1,14.14552,0.9944183,0.003525264,10.2431,1.538445,6.658086,13l,X012921_041_1
043,X012921,-21.0625,7.06701,16.92084,37.213,1,9.033167,0.9656287,0.01233843,5.991393,1.626939,3.682617,13m,X012921_043_1
043,X012921,-21.0625,7.06701,16.92084,37.213,6,0.8289535,0.9947121,0.001175088,13.15507,1.941134,6.777005,13m,X012921_043_6
050,X012921,-17.40625,11.5687,17.9355,36.538,2,18.10462,0.9612221,0.02702703,6.859936,1.815379,3.778789,13l,X012921_050_2
052,X012921,-23.375,8.763,14.254,36.388,1,2.67951,0.9944183,0.001762632,14.41069,1.907215,7.555882,13m,X012921_052_1
053,X012921,-24.0625,7.2831,14.3402,36.038,3,0.07127923,0.9973561,0.0008813161,16.09023,2.040227,7.886493,13m,X012921_053_3
054,X012921,-23.9375,5.84372,14.75591,35.723,3,1.019449,0.9732667,0,12.93076,1.803135,7.171263,13m,X012921_054_3
054,X012921,-23.9375,5.84372,14.75591,35.723,4,3.229495,0.9732667,0.01057579,10.26236,1.983279,5.174439,13m,X012921_054_4
054,X012921,-23.9375,5.84372,14.75591,35.723,5,0.2092541,0.9518214,0.004112808,24.05557,3.527113,6.820186,13m,X012921_054_5
058,X012921,-16.75,15.03163,16.35534,36.818,4,3.104184,0.9938308,0.003525264,11.92285,1.364129,8.740262,12o,X012921_058_4
061,X012921,-18.4375,11.23744,18.50164,35.223,3,15.42909,0.9720917,0.07784959,6.729591,1.829291,3.678797,AI,X012921_061_3
062,X012921,-21.6875,9.943,16.0693,35.363,5,1.48983,0.9814923,0.0619859,9.091568,1.861774,4.883282,13l,X012921_062_5
062,X012921,-21.6875,9.943,16.0693,35.363,6,1.075021,0.9850176,0.009106933,15.50619,2.097929,7.391191,13l,X012921_062_6
063,X012921,-24.15625,8.63826,14.21345,35.283,2,13.13105,0.9444771,0.04259694,6.815277,1.941022,3.51118,13l,X012921_063_2
066,X012921,-14.1875,19.58631,14.29005,36.758,3,3.213573,0.9941245,0.000293772,9.190642,1.356921,6.773158,12o,X012921_066_3
067,X012921,-16.78125,18.03528,13.22608,36.408,2,4.781615,0.9309636,0.0766745,6.437078,1.548609,4.156684,12o,X012921_067_2
069,X012921,-17.75,15.33746,15.46636,35.478,4,2.480444,0.9723854,0.01703878,4.593753,1.779568,2.581386,12o,X012921_069_4
069,X012921,-17.75,15.33746,15.46636,35.478,5,2.466749,0.9864865,0.0126322,8.655223,1.920704,4.506277,12o,X012921_069_5
073,X012921,-23.21875,9.99432,14.42997,34.143,4,0.901029,0.9969559,0.0005875441,15.90567,1.300073,12.23444,AI,X012921_073_4
077,X012921,-14.75,19.79124,13.48358,35.898,3,1.143653,0.9917744,0.01821387,11.43574,2.477295,4.616223,12o,X012921_077_3
079,X012921,-19.1875,17.05663,12.38492,34.723,2,9.832973,0.9800235,0.03672151,9.681351,2.152242,4.498263,12o,X012921_079_2
079,X012921,-19.1875,17.05663,12.38492,34.723,5,0.4680759,0.9800235,0.01410106,11.24835,3.349178,3.358541,12o,X012921_079_5
080,X012921,-18.9375,15.44172,14.1638,34.153,2,5.799364,0.9952996,0.01086957,7.09012,1.295259,5.4739,12o,X012921_080_2
080,X012921,-18.9375,15.44172,14.1638,34.153,5,1.733724,0.9682726,0.00146886,7.255333,1.53141,4.737682,12o,X012921_080_5
080,X012921,-18.9375,15.44172,14.1638,34.153,6,1.486212,0.9682726,0.04083431,8.900439,3.043607,2.924307,12o,X012921_080_6
083,X012921,-23.9375,10.165,12.93616,32.748,3,0.7339047,0.9988249,0,11.69349,2.061464,5.672421,AI,X012921_083_3
083,X012921,-23.9375,10.165,12.93616,32.748,4,0.2611893,1,0.0005875441,23.94057,2.313441,10.34847,AI,X012921_083_4
087,X012921,-22.21875,5.07028,16.7872,31.308,4,4.933902,0.9853114,0.06051704,5.766323,2.11068,2.731974,cd,X012921_087_4
093,X012921,-19.375,13.982,15.24775,32.763,3,1.876763,0.9782609,0.02173913,5.048934,1.230285,4.103875,AI,X012921_093_3
095,X012921,-25.46875,9.56834,11.58534,31.578,5,0.2780636,0.9927064,0.000293772,8.957168,2.089759,4.28622,AI,X012921_095_5
096,X012921,-23.375,8.6148,14.17932,31.008,3,0.9362459,0.9917744,0.008519389,8.916527,2.517789,3.541412,pu,X012921_096_3
096,X012921,-23.375,8.6148,14.17932,31.008,5,0.23951,0.9603408,0.001762632,13.63277,1.874424,7.273046,pu,X012921_096_5
098,X012921,-21.625,6.29964,17.19557,29.993,1,3.710386,0.9529965,0.002056404,11.35876,2.830962,4.012333,pu,X012921_098_1
098,X012921,-21.625,6.29964,17.19557,29.993,5,3.431092,0.9529965,0.01880141,8.971283,2.020813,4.439444,pu,X012921_098_5
099,X012921,-20.84375,4.79546,18.22972,29.493,4,0.4146772,0.9747356,0.01116334,9.197886,1.7211,5.34419,cd,X012921_099_4
100,X012921,-22.0625,3.30376,17.69312,29.308,2,0.6232682,0.9597532,0.004406581,10.67089,1.785221,5.977349,cd,X012921_100_2
100,X012921,-22.0625,3.30376,17.69312,29.308,5,1.55234,0.9597532,0.03642773,7.352715,2.573246,2.85737,cd,X012921_100_5
103,X012921,-19.53125,16.0061,12.35785,33.213,4,0.8019348,0.9920682,0.01057579,8.652498,2.142984,4.037593,AI,X012921_103_4
108,X012921,-17.0625,8.33414,20.44354,28.369,1,6.130679,0.9982374,0.002350176,15.92562,1.388528,11.46943,cd,X012921_108_1
108,X012921,-17.0625,8.33414,20.44354,28.369,5,5.908466,0.9867803,0.07403056,7.627886,1.170748,6.515395,cd,X012921_108_5
109,X012921,-16.03125,7.342,21.7295,27.259,3,31.75945,0.9973561,0.07579318,4.750593,0.9435906,5.034592,cd,X012921_109_3
109,X012921,-16.03125,7.342,21.7295,27.259,4,3.883745,0.9891304,0.007344301,10.2021,1.651047,6.179168,cd,X012921_109_4
109,X012921,-16.03125,7.342,21.7295,27.259,5,1.889501,0.9788484,0.08431257,7.941968,1.202192,6.606239,cd,X012921_109_5
109,X012921,-16.03125,7.342,21.7295,27.259,8,1.248117,0.9788484,0.004406581,11.45985,1.513932,7.569592,cd,X012921_109_8
110,X012921,-20.46875,6.5197,18.20062,28.959,2,4.78333,0.9853114,0.02497062,7.293632,1.971695,3.699168,pu,X012921_110_2
111,X012921,-20.75,5.92291,18.30014,27.997,3,5.170924,0.9868574,0.002350176,8.582834,2.174669,3.946731,cd,X012921_111_3
111,X012921,-20.75,5.92291,18.30014,27.997,6,0.4356553,0.9309636,0.01850764,9.27683,1.79994,5.153966,cd,X012921_111_6
130,X012921,-33.6875,11.118,2.29608,23.468,5,0.7232292,0.9732667,0.007050529,12.75837,1.762674,7.238076,AMG,X012921_130_5
130,X012921,-33.6875,11.118,2.29608,23.468,7,2.805048,0.9732667,0.006756757,7.226437,1.693001,4.268419,AMG,X012921_130_7
131,X012921,-34.6875,10.23572,1.76336,23.717,2,2.348126,0.9791422,0.02291422,7.98872,2.332717,3.424642,AMG,X012921_131_2
139,X012921,-34.34375,13.45,3.024,21.981,2,14.8808,0.9753231,0.05904818,6.341408,1.292679,4.905633,AMG,X012921_139_2
141,X012921,-33.125,11.711,3.03055,21.97,5,11.8759,0.960047,0.09811986,6.290201,1.524147,4.127032,AMG,X012921_141_5
141,X012921,-33.125,11.711,3.03055,21.97,6,3.602633,0.9950058,0.01850764,10.98393,1.177584,9.327514,AMG,X012921_141_6
145,X012921,-19.15625,6.64884,19.4903,20.803,3,0.8942052,0.9847239,0.02144536,7.778426,2.752431,2.82602,cd,X012921_145_3
147,X012921,-16.28125,3.99014,23.52627,23.104,3,2.914065,0.970329,0.008220787,8.157999,3.207522,2.543396,24c,X012921_147_3
004,X013120,-9.625,11.48576,23.38196,43.37,2,1.337168,0.9101058,0.01792009,8.919061,1.702979,5.237328,12r,X013120_004_2
014,X013120,-11.03125,9.212,23.7165,41.9,3,0.6786434,0.9955934,0.01439483,9.861982,1.6376,6.022216,46v,X013120_014_3
016,X013120,-12.71875,6.33389,23.7533,41.175,2,0.08611903,0.9309636,0.004700352,16.84831,1.839919,9.157094,46df,X013120_016_2
024,X013120,-13.875,7.101,22.88756,39.8,3,1.387085,0.996181,0.004406581,13.29095,2.113511,6.288565,46v,X013120_024_3
027,X013120,-7.875,15.89704,22.45832,40.46,3,6.779374,0.9735605,0.1042891,7.168786,1.549266,4.627213,12l,X013120_027_3
037,X013120,-10.46875,15.98226,21.2354,38.948,3,4.755779,0.9785547,0.02643948,8.2115,1.992148,4.121933,12o,X013120_037_3
040,X013120,-12.71875,11.38563,22.49775,37.463,3,0.744531,0.9917744,0.001762632,12.58765,2.021076,6.228193,46v,X013120_040_3
045,X013120,-9,19.02628,19.35188,38.248,3,0.7616603,0.9911869,0.002056404,9.551587,2.367405,4.034624,12o,X013120_045_3
073,X013120,-22.15625,9.92812,15.66852,33.968,3,0.3967057,0.996181,0.003525264,11.00182,2.298631,4.78625,AI,X013120_073_3
078,X013120,-13.4375,18.67877,16.11584,35.093,2,4.832451,0.9979436,0.01968273,10.7021,1.46469,7.306729,12l,X013120_078_2
083,X013120,-18.0625,10.165,18.87412,31.908,3,17.02787,0.9829612,0.02056404,5.246865,1.179583,4.448067,pu,X013120_083_3
089,X013120,-11.75,20.09241,16.12075,33.458,3,0.2661656,0.9612221,0.002643948,22.74158,2.096332,10.84827,6VaVb,X013120_089_3
090,X013120,-13.75,18.23792,16.01784,33.128,2,10.75983,0.987074,0.0199765,5.161744,1.24282,4.15325,6VaVb,X013120_090_2
093,X013120,-16.25,13.94456,18.30427,32.223,3,0.7737177,0.9811986,0.01204465,8.596795,1.663933,5.16655,44,X013120_093_3
101,X013120,-11.1875,20.33228,17.01086,32.058,4,1.765302,0.9876616,0.0220329,12.17479,1.837057,6.627333,6VaVb,X013120_101_4
103,X013120,-13.6875,16.1046,17.9776,32.088,3,4.033936,0.9894242,0.005875441,7.488276,1.675204,4.470068,45,X013120_103_3
103,X013120,-13.6875,16.1046,17.9776,32.088,6,0.2657604,0.9923619,0.002056404,19.21425,2.259494,8.503786,45,X013120_103_6
104,X013120,-14.125,14.66613,19.37265,31.238,4,3.201527,0.9864865,0.02467685,9.902719,1.287237,7.693006,45,X013120_104_4
112,X013120,-14.75,4.07768,24.55714,27.051,6,0.3886195,0.9415393,0,14.43964,2.242018,6.440467,24c,X013120_112_6
113,X013120,-16.65625,2.7016,23.06275,27.411,2,4.210045,0.9803173,0.04112808,6.932379,1.933817,3.584816,cd,X013120_113_2
117,X013120,-18.375,13.80149,16.00781,25.242,3,6.787074,0.8871915,0.1836075,8.199866,1.009744,8.120738,pu,X013120_117_3
119,X013120,-18.8125,11.1,17.38324,24.739,2,26.93822,0.9923619,0.02702703,4.62575,1.163193,3.976768,pu,X013120_119_2
127,X013120,-21.4375,14.38496,12.86821,23.194,5,4.719956,0.9785547,0.1019389,7.366473,1.550595,4.75074,pu,X013120_127_5
127,X013120,-21.4375,14.38496,12.86821,23.194,6,0.03134829,0.9994039,0.00119225,13.70246,4.044355,3.388046,pu,X013120_127_6
131,X013120,-19.9375,10.21973,16.49249,23.132,3,2.764768,0.9847239,0.1192714,6.279544,1.656458,3.790946,pu,X013120_131_3
133,X013120,-23.1875,7.93762,15.16522,22.446,2,52.75026,0.9753231,0.04494712,6.92234,1.331349,5.199494,pu,X013120_133_2
140,X013120,-21.25,12.68105,14.53795,21.745,2,1.176252,0.9292009,0.004700352,11.89691,2.018122,5.89504,pu,X013120_140_2
144,X013120,-20,8.09972,18.1854,21.11744,2,1.494619,0.9838426,0.08225617,7.705442,2.525655,3.050869,cd,X013120_144_2
152,X013120,-20.875,11.31753,15.39171,19.707,2,0.5437286,0.9879553,0.002350176,12.52036,1.948464,6.42576,pu,X013120_152_2
152,X013120,-20.875,11.31753,15.39171,19.707,6,0.8943387,0.9867803,0.02144536,9.467868,1.600747,5.914656,pu,X013120_152_6
016,X020320,-12.71875,6.33389,23.7533,41.175,4,0.285473,0.9941245,0.001175088,15.5815,2.223212,7.008557,46df,X020320_016_4
016,X020320,-12.71875,6.33389,23.7533,41.175,5,0.1613185,0.9973561,0,23.21634,2.549766,9.105281,46df,X020320_016_5
019,X020320,-8.46875,14.60656,23.891,41.12,3,6.4073,0.9809048,0.0619859,6.455182,1.972104,3.273247,12m,X020320_019_3
022,X020320,-11.65625,10.0521,23.5096,40.4,3,3.319803,0.9250881,0.01204465,7.660257,1.238966,6.182781,46v,X020320_022_3
023,X020320,-12.8125,8.60155,23.1623,40.125,3,1.606833,0.9853114,0.006462985,11.21592,1.792969,6.255498,46v,X020320_023_3
023,X020320,-12.8125,8.60155,23.1623,40.125,4,0.2209068,0.9853114,0.007638073,18.14779,3.156036,5.750184,46v,X020320_023_4
037,X020320,-10.46875,15.98226,21.2354,38.948,5,3.868596,0.9900118,0.02144536,9.792952,1.607018,6.093867,12o,X020320_037_5
040,X020320,-12.71875,11.38563,22.49775,37.463,3,1.844218,0.9952996,0.004112808,13.86182,2.333371,5.940683,46v,X020320_040_3
045,X020320,-9,19.02628,19.35188,38.248,3,1.20371,0.9888366,0.01116334,8.97971,1.595263,5.628985,12o,X020320_045_3
078,X020320,-13.6875,18.68656,15.90552,35.128,2,3.359874,0.983255,0.004406581,9.785408,1.951182,5.015117,12l,X020320_078_2
080,X020320,-16.75,15.3996,16.295,33.838,3,1.422892,0.9814923,0.01909518,9.129042,1.291961,7.066035,AI,X020320_080_3
086,X020320,-15.25,6.348,23.602,30.638,4,3.993611,0.9926557,0.0346651,7.447962,1.126781,6.609946,8B,X020320_086_4
089,X020320,-11.75,20.09241,16.12075,33.458,3,5.13674,0.9764982,0.02702703,5.258033,1.123645,4.679443,6VaVb,X020320_089_3
089,X020320,-11.75,20.09241,16.12075,33.458,4,0.1336235,0.9908931,0.01057579,12.05808,2.066313,5.835556,6VaVb,X020320_089_4
091,X020320,-12.3125,16.708,19.2395,32.638,3,10.4522,0.9882491,0.02408931,10.90955,1.815079,6.010511,44,X020320_091_3
096,X020320,-14.5,8.7318,23.10612,29.808,4,0.4252717,0.970329,0.001175088,12.12532,1.616445,7.501224,8B,X020320_096_4
104,X020320,-14.125,14.66613,19.37265,31.238,3,26.8684,0.9318449,0.0893067,6.171946,1.54893,3.98465,45,X020320_104_3
107,X020320,-15.6875,11.11535,20.53836,25.74,2,4.176847,0.9779671,0.01233843,7.868041,1.517416,5.185156,pu,X020320_107_2
142,X020320,-21.0625,10.5065,15.401,21.35,7,0.101832,0.9947121,0.003819037,11.95083,2.045289,5.843103,pu,X020320_142_7
013,X020321,-13.125,10.638,20.98044,42.41,2,0.2850204,0.9938308,0.00293772,10.73454,1.739435,6.171279,11ml,X020321_013_2
028,X020321,-8.8125,15.037,23.17317,40.065,5,3.474199,0.9817861,0.03319624,8.909461,2.229609,3.995974,12l,X020321_028_5
034,X020321,-19.0625,5.96426,18.43334,38.84,4,5.963432,0.9579906,0.1148649,11.6845,1.583214,7.380239,13m,X020321_034_4
034,X020321,-19.0625,5.96426,18.43334,38.84,6,0.4792132,0.9579906,0.005287896,7.562676,1.981474,3.816693,13m,X020321_034_6
039,X020321,-14.53125,12.9459,19.6445,38.138,4,0.2910147,0.9917744,0.009694478,10.22781,3.6348,2.813859,13l,X020321_039_4
040,X020321,-16.4375,11.51181,18.86625,37.913,3,1.731102,0.9594595,0.003231492,7.251109,3.169227,2.287974,13l,X020321_040_3
044,X020321,-21.625,5.58475,16.8171,36.938,6,1.401472,0.985899,0.009400705,7.723834,2.06805,3.734838,13m,X020321_044_6
047,X020321,-12.875,16.33694,19.09976,37.838,3,8.975429,0.9797297,0.07520564,8.134507,1.78705,4.551919,12o,X020321_047_3
049,X020321,-16.21875,14.38136,18.01676,37.613,2,6.071902,0.9809048,0.008813161,12.81572,1.554985,8.241697,13l,X020321_049_2
049,X020321,-16.21875,14.38136,18.01676,37.613,6,3.428589,0.9139248,0.1539366,5.482472,1.530585,3.581945,13l,X020321_049_6
052,X020321,-23.375,8.763,14.254,36.388,4,2.271469,0.9941245,0.002056404,10.21129,1.689701,6.043255,13m,X020321_052_4
057,X020321,-14.96875,16.48285,16.72643,37.078,1,15.62374,0.9544653,0.03495887,8.443457,1.68544,5.009645,12o,X020321_057_1
059,X020321,-17.375,13.53767,17.05863,36.443,5,1.692876,0.989718,0.07549942,10.33368,2.11799,4.879003,12o,X020321_059_5
060,X020321,-17.75,12.68076,17.73482,35.848,3,5.915472,0.9670975,0.03848414,8.021397,1.750675,4.581887,AI,X020321_060_3
061,X020321,-18.4375,11.23744,18.50164,35.223,3,5.690525,0.9988249,0.002643948,17.89094,2.679346,6.677353,AI,X020321_061_3
067,X020321,-16.78125,18.03528,13.22608,36.408,5,0.9284145,0.9848326,0.00293772,14.65548,2.81126,5.213135,12o,X020321_067_5
069,X020321,-17.75,15.33746,15.46636,35.478,3,1.258174,0.9268507,0.02350176,8.471522,2.054316,4.123769,12o,X020321_069_3
072,X020321,-20.90625,10.85062,16.23016,34.008,4,2.434115,0.9891304,0.0326087,8.182902,2.157014,3.793625,AI,X020321_072_4
074,X020321,-24.53125,8.82473,13.75651,33.948,3,9.817128,0.9612221,0.01762632,6.451765,2.173904,2.967824,13m,X020321_074_3
077,X020321,-14.75,19.79124,13.48358,35.898,6,1.939741,0.9759107,0.01703878,7.160779,2.349277,3.048078,12o,X020321_077_6
078,X020321,-16.75,18.80341,12.75072,35.653,6,1.042763,0.9985312,0.005287896,12.56096,1.617378,7.76625,12o,X020321_078_6
080,X020321,-18.9375,15.44172,14.1638,34.153,3,1.638676,0.9958872,0.002643948,11.73282,1.590187,7.378264,12o,X020321_080_3
080,X020321,-18.9375,15.44172,14.1638,34.153,5,0.331546,0.9929495,0.003819037,7.336437,1.60066,4.583384,12o,X020321_080_5
081,X020321,-20.28125,13.96952,14.33513,33.808,3,6.546718,0.9500588,0.1562867,6.523984,1.58498,4.116129,AI,X020321_081_3
081,X020321,-20.28125,13.96952,14.33513,33.808,4,0.1649276,0.9976498,0.004406581,14.35898,1.736694,8.267996,AI,X020321_081_4
087,X020321,-22.34375,5.07028,16.7872,31.308,5,1.326953,0.9969466,0.005581669,10.30558,2.512913,4.101048,cd,X020321_087_5
098,X020321,-21.625,6.29964,17.19557,29.993,5,1.257998,0.9735605,0.008519389,5.880744,1.238147,4.749633,pu,X020321_098_5
099,X020321,-20.96875,4.79546,18.22972,29.493,4,0.08392712,0.9868132,0.009106933,9.451104,2.082727,4.53785,cd,X020321_099_4
105,X020321,-31.34375,13.38785,3.2563,27.018,2,7.588326,0.9744418,0.02173913,8.882688,1.983868,4.477458,AMG,X020321_105_2
105,X020321,-31.34375,13.38785,3.2563,27.018,5,0.6313741,0.9929495,0.002350176,17.78452,1.869922,9.510835,AMG,X020321_105_5
108,X020321,-17.0625,8.33414,20.44354,28.369,1,22.67776,0.9623972,0.01175088,8.016754,1.033935,7.753633,cd,X020321_108_1
108,X020321,-17.0625,8.33414,20.44354,28.369,5,2.40581,0.9873678,0.06316099,11.81637,1.730144,6.829702,cd,X020321_108_5
111,X020321,-20.75,5.92291,18.30014,27.997,5,1.613684,0.9864865,0.01615746,6.904136,2.001475,3.449525,cd,X020321_111_5
122,X020321,-21.5625,7.52906,16.50672,23.931,3,5.140213,0.9952996,0.009106933,12.73274,1.86724,6.819016,pu,X020321_122_3
124,X020321,-23.5625,4.43423,15.8467,26.673,5,1.10974,0.9914806,0.007344301,9.858047,1.755283,5.616214,cd,X020321_124_5
130,X020321,-33.75,11.118,2.29608,23.468,6,4.238688,0.9788484,0.004406581,9.15821,3.046503,3.006138,AMG,X020321_130_6
132,X020321,-35.5,8.95475,1.6793,23.657,5,0.1834346,0.9846547,0,13.59756,2.87554,4.728696,AMG,X020321_132_5
135,X020321,-19.71875,4.30578,19.58892,25.073,3,5.612201,0.9715041,0.05082256,5.389859,1.900397,2.836175,cd,X020321_135_3
135,X020321,-19.71875,4.30578,19.58892,25.073,4,0.0675714,0.9886715,0.004700352,12.6111,2.056472,6.132396,cd,X020321_135_4
141,X020321,-33.125,11.711,3.03055,21.97,6,17.0005,0.9400705,0.1386604,6.631282,1.514035,4.379873,AMG,X020321_141_6
142,X020321,-35.125,10.59461,1.4915,21.845,5,1.3169,0.9929495,0.003525264,8.443653,1.984699,4.254375,AMG,X020321_142_5
144,X020321,-20.25,8.09972,18.1854,21.11744,5,0.3733633,0.9944183,0.000293772,9.709701,2.091064,4.643425,cd,X020321_144_5
145,X020321,-19.15625,6.64884,19.4903,20.803,2,0.6421239,0.9844301,0.01498237,7.322309,2.004079,3.653702,cd,X020321_145_2
151,X020321,-32.875,12.08746,3.01846,20.2411,3,14.33655,0.9964913,0.01116334,8.741072,1.134182,7.706938,AMG,X020321_151_3
006,X020420,-10.75,9.0693,23.56945,43.33,4,11.80782,0.9124559,0.08372503,6.84963,1.885197,3.633377,46v,X020420_006_4
007,X020420,-11.34375,7.59588,23.73416,42.89,3,2.239261,0.9917744,0.0126322,8.608891,1.705012,5.049167,46v,X020420_007_3
008,X020420,-12.46875,6.05683,23.72208,42.605,3,1.990663,1,0,32.26934,4.783032,6.746628,46v,X020420_008_3
015,X020420,-12.0625,7.85214,23.64675,41.58,2,3.302583,0.9811986,0.02144536,8.004803,1.473172,5.433717,46v,X020420_015_2
016,X020420,-12.84375,6.33256,23.5652,41.2,4,0.5148535,0.9938308,0.003819037,16.56861,1.821518,9.096045,46df,X020420_016_4
022,X020420,-11.78125,10.05343,23.34418,40.42,4,2.122155,0.9997062,0.002056404,15.4297,1.821316,8.47173,46v,X020420_022_4
024,X020420,-13.9375,7.101,22.88756,39.8,3,0.5836911,0.9952996,0.01410106,9.965655,2.052555,4.855244,46v,X020420_024_3
036,X020420,-9.09375,17.47479,20.53716,39.483,4,4.499855,0.9856052,0.1163337,7.665297,1.19617,6.408199,12o,X020420_036_4
040,X020420,-12.71875,11.38563,22.49775,37.463,4,4.755644,0.996181,0,12.4191,1.819867,6.824178,46v,X020420_040_4
045,X020420,-9.03125,19.03174,19.22179,38.268,3,2.31545,1,0.0005875441,22.17903,2.634836,8.417613,12o,X020420_045_3
045,X020420,-9.03125,19.03174,19.22179,38.268,4,1.169134,0.9867803,0.008813161,10.59185,1.275537,8.303838,12o,X020420_045_4
066,X020420,-10.6875,19.5124,17.635,36.188,2,17.75876,0.972973,0.05199765,7.838951,1.040818,7.53153,12l,X020420_066_2
066,X020420,-10.6875,19.5124,17.635,36.188,5,2.736097,0.9876616,0.01233843,8.18939,1.279629,6.399818,12l,X020420_066_5
066,X020420,-10.6875,19.5124,17.635,36.188,6,0.6990011,0.9253819,0.009988249,9.806123,1.386349,7.073344,12l,X020420_066_6
068,X020420,-15.84375,16.81665,15.71896,35.698,4,2.31503,0.9779671,0.1254407,7.199297,1.730857,4.159384,12o,X020420_068_4
077,X020420,-11.3125,19.74444,16.83298,35.198,2,2.4309,0.9882491,0.003525264,16.19447,1.802918,8.982369,12l,X020420_077_2
077,X020420,-11.3125,19.74444,16.83298,35.198,4,0.7668587,0.9753231,0.003231492,29.87119,2.597747,11.49888,12l,X020420_077_4
077,X020420,-11.3125,19.74444,16.83298,35.198,6,2.101166,0.987074,0.007638073,13.52574,1.510671,8.953464,12l,X020420_077_6
079,X020420,-15.625,16.96318,15.89012,34.198,5,2.024737,0.980611,0.0005875441,13.89223,1.402524,9.905165,12o,X020420_079_5
079,X020420,-15.625,16.96318,15.89012,34.198,6,0.7961823,0.9850176,0.001175088,19.51292,2.117107,9.216785,12o,X020420_079_6
079,X020420,-15.625,16.96318,15.89012,34.198,8,1.275865,0.980611,0.01292597,11.57055,1.536204,7.53191,12o,X020420_079_8
081,X020420,-18.375,13.92584,16.25446,33.528,3,4.168598,0.9797297,0.08666275,7.600697,1.945108,3.907597,AI,X020420_081_3
086,X020420,-15.4375,6.35578,23.30288,30.683,3,8.954224,0.9688601,0.05023502,7.580637,1.391069,5.449506,8B,X020420_086_3
090,X020420,-13.875,18.23792,16.01784,33.128,5,1.568959,0.9885429,0.006169213,12.57548,1.975596,6.365411,6VaVb,X020420_090_5
091,X020420,-12.5625,16.71112,18.99803,32.683,1,18.68727,0.9900118,0.03055229,8.713181,1.536046,5.672474,44,X020420_091_1
093,X020420,-16.375,13.94456,18.30427,32.223,2,0.9531462,0.9876616,0.01938896,11.02095,1.809802,6.089589,44,X020420_093_2
093,X020420,-16.375,13.94456,18.30427,32.223,4,0.7291229,0.987074,0.09224442,7.15127,1.441387,4.961381,44,X020420_093_4
096,X020420,-14.5,8.7318,23.10612,29.808,4,0.3446635,0.9403643,0,14.21073,1.63554,8.688709,8B,X020420_096_4
101,X020420,-11.5625,20.34016,16.65592,32.128,4,1.344119,0.9506463,0.0008813161,13.55808,1.632777,8.30369,6VaVb,X020420_101_4
101,X020420,-11.5625,20.34016,16.65592,32.128,9,2.328907,0.9903055,0.0126322,9.175294,1.223028,7.502111,6VaVb,X020420_101_9
101,X020420,-11.5625,20.34016,16.65592,32.128,11,2.114724,0.9937733,0.002350176,20.91165,3.913813,5.343037,6VaVb,X020420_101_11
109,X020420,-15,7.35584,23.01298,27.119,3,6.973204,0.9571093,0.03965922,10.08337,1.227236,8.216328,cd,X020420_109_3
121,X020420,-18.4375,8.58793,19.33803,24.315,6,1.521504,0.9917744,0.01086957,5.901656,1.462347,4.035744,cd,X020420_121_6
131,X020420,-21.3125,10.22096,15.35948,23.177,6,5.672691,0.980611,0.01527615,5.734602,2.203143,2.602919,pu,X020420_131_6
149,X020420,-23.625,13.89585,11.316,20.368,2,5.454002,0.9568155,0.007931845,5.729989,1.847796,3.100985,pu,X020420_149_2
152,X020420,-22.5,11.34965,13.74855,19.747,4,0.8538245,0.9876616,0.01175088,6.932608,2.320726,2.987259,pu,X020420_152_4
015,X020421,-15.59375,7.824,20.481,42,2,1.849252,0.9527027,0.02643948,7.387615,2.162511,3.41622,11ml,X020421_015_2
015,X020421,-15.59375,7.824,20.481,42,6,1.983014,0.9856052,0.002643948,12.43095,2.384039,5.214239,11ml,X020421_015_6
015,X020421,-15.59375,7.824,20.481,42,8,1.352701,0.9527027,0.004700352,7.719607,1.677446,4.602001,11ml,X020421_015_8
021,X020421,-14.3125,11.60472,19.80044,41.18,4,0.7670413,0.996181,0.001762632,13.72121,1.753431,7.825347,11ml,X020421_021_4
033,X020421,-18.53125,7.527,18.57675,39.05,3,1.205496,0.9788484,0.003525264,10.48515,2.64509,3.964007,13m,X020421_033_3
034,X020421,-19.09375,5.96426,18.43334,38.84,3,6.993229,0.9853114,0.0672738,8.634595,1.522295,5.672092,13m,X020421_034_3
040,X020421,-16.46875,11.51181,18.86625,37.913,4,1.912702,0.9888366,0.01762632,8.578813,1.492303,5.748708,13l,X020421_040_4
041,X020421,-19.03125,10.12605,17.4321,37.763,4,3.489779,0.9905993,0.01880141,9.437951,1.671184,5.647463,13l,X020421_041_4
047,X020421,-12.90625,16.33694,19.09976,37.838,2,5.41682,0.9950058,0.01116334,12.01862,1.831103,6.563595,12o,X020421_047_2
049,X020421,-16.25,14.3946,17.8376,37.638,3,7.395061,0.9632785,0.1251469,5.909415,1.838212,3.214763,13l,X020421_049_3
049,X020421,-16.25,14.3946,17.8376,37.638,4,0.271609,0.9853114,0.02144536,9.884833,1.612119,6.131578,13l,X020421_049_4
049,X020421,-16.25,14.3946,17.8376,37.638,8,4.487852,0.9905993,0.002643948,12.05985,1.888581,6.38567,13l,X020421_049_8
052,X020421,-23.40625,8.763,14.254,36.388,4,1.45999,0.9861927,0.004994125,9.335434,1.660509,5.62203,13m,X020421_052_4
057,X020421,-14.96875,16.48285,16.72643,37.078,4,13.78623,0.9779671,0.1013514,7.79002,1.752172,4.445922,12o,X020421_057_4
059,X020421,-17.40625,13.54546,16.82494,36.478,6,4.667705,0.9720917,0.01821387,4.367887,1.097979,3.978115,12o,X020421_059_6
060,X020421,-17.78125,12.68076,17.73482,35.848,4,3.129245,0.9970623,0.01351351,12.74278,1.368081,9.314343,AI,X020421_060_4
065,X020421,-25.15625,5.6432,14.00465,34.688,4,2.286303,0.970329,0.00293772,13.05492,1.838928,7.099203,13m,X020421_065_4
069,X020421,-17.78125,15.33746,15.46636,35.478,6,6.023511,0.9844301,0.007638073,7.448898,1.577819,4.72101,12o,X020421_069_6
077,X020421,-14.78125,19.79124,13.48358,35.898,3,4.57881,0.9527027,0.0840188,7.59849,2.458374,3.090861,12o,X020421_077_3
080,X020421,-18.96875,15.44172,14.1638,34.153,2,0.438214,0.9908931,0.001175088,9.342302,2.097959,4.453044,12o,X020421_080_2
099,X020421,-21.03125,4.7978,17.9306,29.538,5,0.6485541,0.9932432,0.03319624,10.75431,1.840043,5.8446,cd,X020421_099_5
105,X020421,-31.34375,13.38785,3.2563,27.018,2,1.376804,0.996181,0.00146886,17.70519,1.494154,11.84964,AMG,X020421_105_2
105,X020421,-31.34375,13.38785,3.2563,27.018,5,2.615564,0.9715041,0.03819036,8.345118,1.834045,4.550117,AMG,X020421_105_5
108,X020421,-17.125,8.3226,20.1596,28.409,2,7.437745,0.9482961,0.02614571,9.261358,1.269282,7.296533,cd,X020421_108_2
109,X020421,-16.09375,7.342,21.7295,27.259,4,2.007656,0.983255,0.02614571,8.716964,2.162825,4.03036,cd,X020421_109_4
112,X020421,-21.5625,4.24736,17.89153,27.891,3,3.006877,0.9873678,0.02467685,9.026413,1.710864,5.275939,cd,X020421_112_3
130,X020421,-33.8125,11.118,2.29608,23.468,5,12.137,0.9068742,0.1771445,5.591822,1.393144,4.013814,AMG,X020421_130_5
130,X020421,-33.8125,11.118,2.29608,23.468,6,1.124195,0.9958872,0.007050529,12.36386,1.707696,7.24008,AMG,X020421_130_6
138,X020421,-30.21875,14.6062,3.87472,22.126,5,0.1414212,0.9847095,0.003525264,13.2801,1.594317,8.329651,AMG,X020421_138_5
142,X020421,-35.1875,10.59461,1.4915,21.845,5,0.2519878,0.9976498,0,14.06992,1.947365,7.225106,AMG,X020421_142_5
144,X020421,-20.3125,8.11083,17.79985,21.13791,2,0.2934244,0.9888164,0.002056404,10.5313,3.021146,3.485862,cd,X020421_144_2
145,X020421,-19.21875,6.64884,19.4903,20.803,3,6.460658,0.9747356,0.07256169,6.159494,1.069156,5.76108,cd,X020421_145_3
146,X020421,-18.4375,5.67896,20.3064,21.183,3,4.153696,1,0.06521739,11.2801,1.410172,7.999098,cd,X020421_146_3
147,X020421,-16.34375,3.99014,23.52627,23.104,3,0.2303278,0.9967685,0.02497062,9.576869,2.281675,4.197297,24c,X020421_147_3
006,X020520,-10.75,9.0693,23.56945,43.33,3,0.3295349,0.9952996,0.02643948,12.92926,1.532683,8.435706,46v,X020520_006_3
007,X020520,-11.375,7.59588,23.73416,42.89,4,2.53336,0.985899,0.005581669,8.369724,1.301358,6.431531,46v,X020520_007_4
008,X020520,-12.46875,6.05683,23.72208,42.605,7,1.449812,0.9391892,0.0005875441,31.06187,3.850436,8.067105,46v,X020520_008_7
012,X020520,-10.625,12.56,22.59832,42.23,3,1.050895,0.9888366,0.01792009,7.827063,2.731127,2.865873,12m,X020520_012_3
015,X020520,-12.0625,7.85214,23.64675,41.58,3,3.044345,0.9941245,0.01351351,9.210016,1.489204,6.184522,46v,X020520_015_3
016,X020520,-12.84375,6.33256,23.5652,41.2,3,0.9731662,0.9670975,0.01938896,13.80791,1.693678,8.152615,46df,X020520_016_3
022,X020520,-11.78125,10.05343,23.34418,40.42,3,1.736151,0.9994125,0.003525264,12.28062,1.655577,7.417727,46v,X020520_022_3
024,X020520,-13.9375,7.101,22.88756,39.8,3,0.5182223,0.9973561,0.03290247,9.350428,2.050635,4.559772,46v,X020520_024_3
031,X020520,-13.15625,10.4059,21.9682,39.25,3,10.91747,0.9764982,0.05023502,6.915567,2.050279,3.372988,46v,X020520_031_3
037,X020520,-10.53125,15.98226,21.2354,38.948,3,0.7297879,0.9952996,0.007344301,14.68547,2.201338,6.671157,12o,X020520_037_3
037,X020520,-10.53125,15.98226,21.2354,38.948,6,0.143193,0.9970623,0.005875441,20.71805,1.937508,10.69314,12o,X020520_037_6
037,X020520,-10.53125,15.98226,21.2354,38.948,9,3.369441,0.9952996,0.05052879,7.855763,1.898287,4.138343,12o,X020520_037_9
040,X020520,-12.71875,11.38563,22.49775,37.463,2,3.041081,0.9644536,0.03965922,8.292388,1.864231,4.448155,46v,X020520_040_2
040,X020520,-12.71875,11.38563,22.49775,37.463,5,0.5523841,0.9682726,0.001175088,23.61848,2.205689,10.70798,46v,X020520_040_5
052,X020520,-19.65625,8.66332,17.9556,35.908,1,1.781283,0.993537,0.0546416,15.50799,5.101149,3.040098,13l,X020520_052_1
057,X020520,-13.65625,16.4447,18.15506,36.868,3,0.6752452,0.9964747,0.003525264,13.33966,1.652178,8.073989,12o,X020520_057_3
066,X020520,-10.6875,19.5124,17.635,36.188,3,16.38397,0.9574031,0.0472973,7.811731,1.412443,5.530653,12l,X020520_066_3
072,X020520,-19.28125,10.80388,17.80984,33.768,4,8.663552,0.9853114,0.1457109,7.581233,1.082049,7.006369,AI,X020520_072_4
077,X020520,-11.3125,19.74444,16.83298,35.198,3,1.212974,1,0.001762632,19.32531,2.031844,9.511217,12l,X020520_077_3
077,X020520,-11.3125,19.74444,16.83298,35.198,4,0.08381829,1,0,45.54568,7.019208,6.48872,12l,X020520_077_4
079,X020520,-15.875,16.96941,15.65644,34.233,3,1.569628,0.9973561,0.01028202,12.40296,1.669816,7.427741,12o,X020520_079_3
080,X020520,-17.25,15.40896,15.8214,33.908,3,0.7583553,0.9926557,0.01233843,5.588027,1.624636,3.439555,AI,X020520_080_3
086,X020520,-15.5625,6.35578,23.30288,30.683,1,8.44716,0.9976498,0.01410106,10.47053,1.347243,7.771817,8B,X020520_086_1
089,X020520,-12.1875,20.10019,15.78425,33.518,4,1.386501,0.9914806,0.007344301,11.352,1.779639,6.378822,6VaVb,X020520_089_4
090,X020520,-14.0625,18.2387,15.8044,33.163,2,0.4735879,0.985899,0.01204465,11.27099,1.973829,5.710215,6VaVb,X020520_090_2
091,X020520,-12.5625,16.71112,18.99803,32.683,3,5.611205,0.9459459,0.005287896,10.78201,1.523927,7.075146,44,X020520_091_3
093,X020520,-16.5,13.94768,18.04956,32.268,1,7.833619,0.9482961,0.0546416,7.292062,1.82025,4.006078,44,X020520_093_1
104,X020520,-14.625,14.65231,18.88955,31.338,3,7.292094,0.9685664,0.03584019,6.79512,1.336657,5.083667,45,X020520_104_3
104,X020520,-14.625,14.65231,18.88955,31.338,4,1.388485,0.9706228,0.007931845,9.651074,1.463602,6.594057,45,X020520_104_4
107,X020520,-16.375,11.12045,19.69292,25.76,3,0.331408,0.9982374,0.001762632,24.3346,2.790998,8.718959,pu,X020520_107_3
109,X020520,-15.0625,7.35238,22.69211,27.154,1,11.83926,0.9952996,0.02585194,8.776139,1.257211,6.980639,cd,X020520_109_1
113,X020520,-17.34375,2.71544,22.46485,27.491,3,4.019278,0.9541715,0.01586369,4.717703,0.9904258,4.763308,cd,X020520_113_3
121,X020520,-19.0625,8.59695,18.49045,24.355,2,7.803028,0.974148,0.1186839,7.989788,1.178013,6.782426,cd,X020520_121_2
131,X020520,-21.9375,10.22178,14.60414,23.207,3,0.2045064,0.9907063,0.007050529,10.21542,2.405653,4.246424,pu,X020520_131_3
140,X020520,-23.625,12.64091,12.21769,21.805,3,7.230906,0.985899,0.0293772,6.786101,1.835398,3.697345,pu,X020520_140_3
142,X020520,-22.5625,10.51451,14.1365,21.395,2,5.395421,0.9524089,0.09312573,5.956334,1.260545,4.725204,pu,X020520_142_2
007,X020521,-15.03125,7.5389,20.0738,43.33,1,3.914368,0.9988249,0.01351351,17.40669,1.55825,11.17067,11ml,X020521_007_1
007,X020521,-15.03125,7.5389,20.0738,43.33,3,5.560818,0.9785547,0.007050529,5.367484,0.9533682,5.630022,11ml,X020521_007_3
007,X020521,-15.03125,7.5389,20.0738,43.33,4,0.4044798,0.9638661,0.007344301,7.467082,1.129084,6.613399,11ml,X020521_007_4
007,X020521,-15.03125,7.5389,20.0738,43.33,7,0.4088646,0.9785547,0.004994125,15.28276,1.643606,9.298314,11ml,X020521_007_7
012,X020521,-11.75,12.56,21.43966,42.365,3,0.5654137,0.9914806,0.004406581,9.856323,2.167213,4.547925,12m,X020521_012_3
013,X020521,-13.1875,10.638,20.98044,42.41,3,4.55655,0.9685664,0.01233843,8.352099,2.206818,3.78468,11ml,X020521_013_3
015,X020521,-15.625,7.824,20.481,42,1,7.666926,0.9618096,0.04112808,6.95916,1.97362,3.526089,11ml,X020521_015_1
021,X020521,-14.34375,11.60472,19.80044,41.18,3,0.2445611,0.9947121,0.002350176,15.87753,1.957619,8.110633,11ml,X020521_021_3
023,X020521,-15.9375,8.61227,20.04582,40.525,4,1.019951,0.9829612,0.004112808,15.23973,1.847515,8.248774,11ml,X020521_023_4
024,X020521,-17.125,7.135,19.64447,40.225,2,2.158466,0.9788484,0.02467685,7.893282,2.462939,3.204822,11ml,X020521_024_2
030,X020521,-14.46875,11.95464,19.801,39.84,1,3.731744,0.9891304,0.02790834,8.661825,1.537188,5.634852,13l,X020521_030_1
031,X020521,-16.375,10.41729,18.78172,39.675,2,20.12374,0.983255,0.04083431,6.568441,1.159128,5.66671,13l,X020521_031_2
031,X020521,-16.375,10.41729,18.78172,39.675,5,0.2291332,0.9929495,0.01028202,12.92632,2.417739,5.346448,13l,X020521_031_5
037,X020521,-11.375,16.01028,20.4362,39.068,3,0.3183316,0.993537,0.004112808,13.98037,2.992664,4.671549,12o,X020521_037_3
039,X020521,-14.59375,12.9459,19.6445,38.138,2,0.6748009,0.9952996,0.004700352,12.53962,2.787922,4.497837,13l,X020521_039_2
040,X020521,-16.5,11.51181,18.86625,37.913,3,2.278874,0.9879553,0.01938896,8.12447,1.25932,6.451474,13l,X020521_040_3
041,X020521,-19.03125,10.12605,17.4321,37.763,3,3.811961,0.9920682,0.02761457,11.23354,1.530511,7.33973,13l,X020521_041_3
042,X020521,-20.78125,8.5728,16.74716,37.528,3,2.305585,0.9621034,0.01645123,6.612966,1.966272,3.3632,13l,X020521_042_3
044,X020521,-21.71875,5.58475,16.8171,36.938,2,0.1299164,0.9900118,0.0008813161,19.71815,5.243147,3.760748,13m,X020521_044_2
044,X020521,-21.71875,5.58475,16.8171,36.938,4,1.601227,0.9900118,0.005581669,10.18428,2.642064,3.854667,13m,X020521_044_4
046,X020521,-10.5625,17.70228,19.32072,38.248,2,0.08951007,0.9879568,0.0005875441,10.91823,3.926043,2.780976,12o,X020521_046_2
047,X020521,-12.9375,16.33694,19.09976,37.838,2,5.156874,0.9994125,0.002350176,17.39688,2.092898,8.312342,12o,X020521_047_2
048,X020521,-14.9375,15.33744,18.30476,37.668,3,0.6892415,0.9932432,0.004112808,9.705276,1.606819,6.040054,12o,X020521_048_3
049,X020521,-16.28125,14.3946,17.8376,37.638,1,8.33943,0.9503525,0.1656874,5.788564,1.712932,3.37933,13l,X020521_049_1
049,X020521,-16.28125,14.3946,17.8376,37.638,3,3.77881,0.9668038,0.02761457,5.596284,1.266439,4.418914,13l,X020521_049_3
049,X020521,-16.28125,14.3946,17.8376,37.638,5,4.467872,0.9923619,0.03349001,11.63038,1.705548,6.819148,13l,X020521_049_5
050,X020521,-17.46875,11.5687,17.9355,36.538,3,0.5691249,0.9988249,0,19.47073,1.961653,9.925676,13l,X020521_050_3
051,X020521,-19.9375,10.21509,16.6446,36.378,2,1.098303,0.9864865,0.08519389,8.183381,1.409014,5.807878,13l,X020521_051_2
052,X020521,-23.4375,8.763,14.254,36.388,3,1.72698,0.9958872,0.003819037,12.19688,1.662145,7.338036,13m,X020521_052_3
057,X020521,-15,16.48285,16.72643,37.078,3,28.30097,0.9700353,0.02761457,8.212495,1.630783,5.035922,12o,X020521_057_3
060,X020521,-17.8125,12.68076,17.73482,35.848,3,3.090493,0.9826674,0.003819037,12.07189,1.394185,8.658742,AI,X020521_060_3
060,X020521,-17.8125,12.68076,17.73482,35.848,4,1.426104,0.9826674,0.01556992,8.876011,1.604974,5.530315,AI,X020521_060_4
061,X020521,-18.46875,11.23744,18.50164,35.223,3,7.030196,0.9738543,0.01586369,7.461743,1.591947,4.687181,AI,X020521_061_3
062,X020521,-21.75,9.9578,15.81848,35.398,2,0.107128,0.9945849,0.0146886,14.32648,3.346542,4.280981,13l,X020521_062_2
062,X020521,-21.75,9.9578,15.81848,35.398,4,17.11712,0.9764982,0.05875441,5.708971,1.260757,4.528208,13l,X020521_062_4
063,X020521,-24.21875,8.63826,14.21345,35.283,1,14.54294,0.9709166,0.08490012,7.084011,1.878958,3.77018,13l,X020521_063_1
071,X020521,-19.71875,12.0342,16.0924,34.188,2,0.8669276,0.9926557,0.004406581,12.44357,2.113819,5.886771,AI,X020521_071_2
074,X020521,-24.59375,8.82473,13.75651,33.948,3,4.345333,0.9762045,0.0346651,7.165268,3.000187,2.388274,13m,X020521_074_3
077,X020521,-14.8125,19.79358,13.31611,35.933,3,3.131856,0.9685664,0.01086957,9.309742,2.121842,4.387575,12o,X020521_077_3
080,X020521,-19,15.44172,14.1638,34.153,2,2.796495,0.9685664,0.02438308,8.16488,2.786276,2.930391,12o,X020521_080_2
082,X020521,-22,11.58884,14.04832,32.898,5,0.6246203,0.987074,0.02585194,8.952299,1.625532,5.507305,AI,X020521_082_5
083,X020521,-24,10.165,12.93616,32.748,2,0.3563554,0.9988249,0,11.39339,2.710379,4.203617,AI,X020521_083_2
098,X020521,-21.75,6.3012,16.8871,30.038,3,0.2311848,0.9958872,0.00293772,15.30058,2.105969,7.265341,pu,X020521_098_3
103,X020521,-19.71875,16.00216,12.13306,33.258,3,0.4277635,0.9723854,0.002643948,17.99262,2.329441,7.724007,AI,X020521_103_3
109,X020521,-16.15625,7.342,21.7295,27.259,3,0.9942911,0.9985312,0.001762632,19.53458,2.061064,9.47791,cd,X020521_109_3
109,X020521,-16.15625,7.342,21.7295,27.259,5,0.7117135,0.9932432,0.009694478,9.33927,1.302675,7.169304,cd,X020521_109_5
109,X020521,-16.15625,7.342,21.7295,27.259,8,1.480686,0.9888366,0.01057579,11.48974,1.472914,7.800683,cd,X020521_109_8
111,X020521,-20.875,5.92291,18.30014,27.997,2,3.249127,0.9891304,0.02555817,5.6158,1.997091,2.81199,cd,X020521_111_2
111,X020521,-20.875,5.92291,18.30014,27.997,3,2.733985,0.9885429,0.005287896,13.65195,2.094758,6.517198,cd,X020521_111_3
111,X020521,-20.875,5.92291,18.30014,27.997,7,1.071496,0.9885429,0.006462985,14.47409,1.502386,9.634066,cd,X020521_111_7
118,X020521,-31.84375,12.4895,3.4845,25.697,6,0.6297947,0.9994125,0,15.94512,1.720437,9.268066,AMG,X020521_118_6
130,X020521,-33.875,11.118,2.29608,23.468,4,11.72789,0.9744418,0.0440658,7.697535,1.157864,6.648045,AMG,X020521_130_4
130,X020521,-33.875,11.118,2.29608,23.468,7,0.2493022,0.9911869,0.0005875441,13.79942,2.592403,5.323025,AMG,X020521_130_7
138,X020521,-30.28125,14.6062,3.87472,22.126,2,16.92421,0.9556404,0.03584019,5.715508,1.294021,4.41686,AMG,X020521_138_2
142,X020521,-35.25,10.59728,1.07,21.86,5,0.217192,0.9873678,0.002643948,16.96848,1.649619,10.2863,AMG,X020521_142_5
147,X020521,-16.40625,4.00352,23.22386,23.149,3,0.262697,0.9994125,0.00146886,18.24033,2.521329,7.23441,24c,X020521_147_3
153,X020521,-23.03125,10.31908,14.1836,19.666,5,2.682801,0.9944183,0.01909518,8.837848,1.288142,6.860928,pu,X020521_153_5
156,X020521,-19.78125,8.11014,19.14876,19.5,2,0.1988481,0.9976498,0.004112808,17.40776,3.493006,4.983605,cd,X020521_156_2
003,X020620,-7.78125,12.2592,24.12985,43.855,3,0.05749741,0.9903055,0.003231492,25.45079,3.466426,7.342083,12r,X020620_003_3
003,X020620,-7.78125,12.2592,24.12985,43.855,4,0.3181276,0.9811986,0.002350176,25.92403,2.15153,12.04911,12r,X020620_003_4
006,X020620,-10.78125,9.0693,23.56945,43.33,3,0.44658,0.9991187,0.007931845,12.62943,1.64666,7.669724,46v,X020620_006_3
007,X020620,-11.40625,7.59588,23.73416,42.89,2,1.51589,0.9952996,0.002056404,13.8595,1.719954,8.058062,46v,X020620_007_2
008,X020620,-12.46875,6.05683,23.72208,42.605,4,2.579678,0.9647474,0.004994125,17.37985,3.912077,4.442614,46v,X020620_008_4
015,X020620,-12.09375,7.8508,23.496,41.6,3,2.166975,0.9950058,0.006462985,10.55336,1.464592,7.205664,46v,X020620_015_3
016,X020620,-12.875,6.33256,23.5652,41.2,2,5.119544,0.9744418,0.01410106,9.706697,2.652646,3.659251,46df,X020620_016_2
024,X020620,-13.9375,7.101,22.88756,39.8,3,12.14826,0.9609283,0.1104583,6.05443,1.261439,4.799622,46v,X020620_024_3
024,X020620,-13.9375,7.101,22.88756,39.8,4,0.574997,0.9970623,0.0126322,9.016176,1.818735,4.95739,46v,X020620_024_4
031,X020620,-13.1875,10.4059,21.9682,39.25,2,6.430521,0.9418331,0.03319624,6.122828,1.66505,3.677263,46v,X020620_031_2
037,X020620,-10.5625,15.98226,21.2354,38.948,4,5.45175,0.9894242,0.1991774,11.03162,2.67743,4.120227,12o,X020620_037_4
040,X020620,-12.75,11.38563,22.49775,37.463,3,0.8877886,0.989718,0.003525264,14.90541,2.288318,6.513699,46v,X020620_040_3
072,X020620,-19.3125,10.80388,17.80984,33.768,3,5.582083,0.998679,0.1521739,10.71849,1.483376,7.225737,AI,X020620_072_3
077,X020620,-11.5,19.74678,16.66551,35.233,1,3.152973,0.9979436,0.004994125,17.90779,2.068731,8.656412,12l,X020620_077_1
077,X020620,-11.5,19.74678,16.66551,35.233,2,1.934537,0.9923619,0.01057579,10.08577,1.771926,5.691979,12l,X020620_077_2
078,X020620,-14.4375,18.71772,15.06424,35.268,2,62.30615,0.9694477,0.03525265,5.073287,1.284528,3.949534,12l,X020620_078_2
079,X020620,-16,16.97564,15.42276,34.268,2,32.03866,0.9991187,0.004994125,9.638535,1.521187,6.336193,12o,X020620_079_2
080,X020620,-17.375,15.41364,15.5846,33.943,2,13.82004,0.970329,0.1125147,6.688246,1.121934,5.961356,AI,X020620_080_2
080,X020620,-17.375,15.41364,15.5846,33.943,4,0.4689324,0.9903055,0.06698003,8.753669,1.178605,7.427142,AI,X020620_080_4
081,X020620,-18.5,13.93208,15.98027,33.568,3,0.2242218,0.9994125,0.0005875441,7.518111,2.384088,3.153453,AI,X020620_081_3
086,X020620,-15.625,6.36356,23.00376,30.728,2,1.845612,0.9159812,0.004406581,23.18132,1.187518,19.52082,8B,X020620_086_2
088,X020620,-17.375,3.38455,21.9934,30.363,2,3.077354,0.9809048,0.0005875441,21.69877,3.441319,6.305364,cd,X020620_088_2
090,X020620,-14.1875,18.23948,15.59096,33.198,3,2.037629,0.9888366,0.009988249,11.60789,1.894907,6.125838,6VaVb,X020620_090_3
093,X020620,-16.5625,13.94768,18.04956,32.268,2,9.883497,0.9635723,0.0440658,7.196192,1.985981,3.623494,44,X020620_093_2
101,X020620,-11.6875,20.3441,16.47845,32.163,3,2.256585,0.983255,0.002056404,10.69331,1.588302,6.732543,6VaVb,X020620_101_3
104,X020620,-14.875,14.6454,18.648,31.388,3,2.88004,0.9612221,0.06668625,8.522987,1.365643,6.241005,45,X020620_104_3
104,X020620,-14.875,14.6454,18.648,31.388,5,2.793138,0.9612221,0.02027027,12.26508,2.051078,5.979819,45,X020620_104_5
107,X020620,-16.75,11.123,19.2702,25.77,3,3.575054,0.9638661,0.004700352,14.46914,1.667316,8.678107,pu,X020620_107_3
107,X020620,-16.75,11.123,19.2702,25.77,4,1.611199,0.9638661,0.02291422,9.901536,1.543282,6.415895,pu,X020620_107_4
117,X020620,-20.5,13.78644,14.18936,25.292,3,9.190628,0.9770858,0.01204465,5.564806,1.011617,5.5009,pu,X020620_117_3
142,X020620,-22.9375,10.51718,13.715,21.41,4,7.204419,0.9908931,0.04788484,7.92041,1.688811,4.689933,pu,X020620_142_4
007,X020720,-11.4375,7.59588,23.73416,42.89,4,1.273398,1,0.002643948,12.14042,2.325493,5.220578,46v,X020720_007_4
008,X020720,-12.5,6.05424,23.52724,42.63,1,12.95515,0.9685664,0.1101645,6.636182,1.708069,3.885194,46v,X020720_008_1
015,X020720,-12.09375,7.8508,23.496,41.6,3,2.134067,0.9823737,0.02790834,9.235497,1.699227,5.435117,46v,X020720_015_3
024,X020720,-13.96875,7.103,22.69679,39.825,3,0.6164014,0.9964747,0.0199765,9.279794,2.092588,4.434602,46v,X020720_024_3
025,X020720,-15.75,5.6029,21.7818,39.6,2,5.881701,0.9964747,0,13.739,3.644977,3.769297,11ml,X020720_025_2
027,X020720,-8,15.89515,22.3367,40.475,3,0.08827277,0.9054054,0.003819037,21.95535,2.009628,10.92508,12l,X020720_027_3
031,X020720,-13.25,10.4059,21.9682,39.25,3,7.505965,0.9676851,0.03848414,7.548576,1.962465,3.846477,46v,X020720_031_3
079,X020720,-16.0625,16.97564,15.42276,34.268,5,28.05417,0.9994125,0.004994125,10.36563,1.28595,8.060676,12o,X020720_079_5
081,X020720,-18.5625,13.93208,15.98027,33.568,2,0.5522574,0.9579906,0.003819037,7.567993,1.848979,4.093067,AI,X020720_081_2
083,X020720,-18.3125,10.165,18.59136,31.948,2,16.65728,0.9450646,0.1454172,6.213949,1.013314,6.132304,pu,X020720_083_2
086,X020720,-15.625,6.36356,23.00376,30.728,4,6.317805,0.9976498,0.006169213,13.61725,1.599781,8.511945,8B,X020720_086_4
086,X020720,-15.625,6.36356,23.00376,30.728,5,14.63693,0.9776734,0.02144536,8.043085,1.919532,4.190128,8B,X020720_086_5
096,X020720,-14.625,8.7279,22.80856,29.848,3,2.847891,0.976792,0.03495887,7.966352,1.278909,6.229021,8B,X020720_096_3
101,X020720,-11.8125,20.3441,16.47845,32.163,3,0.04193705,0.9670975,0,29.0921,2.943784,9.882555,6VaVb,X020720_101_3
101,X020720,-11.8125,20.3441,16.47845,32.163,4,0.3382298,0.9632785,0,18.415,1.657682,11.10888,6VaVb,X020720_101_4
104,X020720,-14.875,14.6454,18.648,31.388,3,7.100279,0.9744418,0.04817861,8.286912,1.905905,4.348019,45,X020720_104_3
107,X020720,-16.75,11.123,19.2702,25.77,3,0.09504008,0.9979436,0.009694478,25.97651,2.49862,10.39634,pu,X020720_107_3
107,X020720,-16.75,11.123,19.2702,25.77,4,0.9006816,0.9952996,0.04230317,11.24127,1.529448,7.349888,pu,X020720_107_4
117,X020720,-20.75,13.78343,13.82567,25.302,5,5.284821,0.9650411,0.04318449,5.691158,2.049944,2.77625,pu,X020720_117_5
131,X020720,-22.1875,10.22219,14.22647,23.222,4,0.381929,0.9931177,0.02643948,8.941258,2.105319,4.246986,pu,X020720_131_4
142,X020720,-23.3125,10.51985,13.2935,21.425,4,0.8160555,0.9997062,0.001175088,19.22052,2.26103,8.500782,pu,X020720_142_4
032,X020821,-17.25,9.007,19.16596,39.275,3,2.596254,0.9773796,0.1601058,7.125768,1.335161,5.337011,13m,X020821_032_3
038,X020821,-11.09375,14.38695,22.14145,38.513,2,4.784332,0.9641598,0.01733255,7.980745,1.703723,4.684298,13l,X020821_038_2
038,X020821,-11.09375,14.38695,22.14145,38.513,3,0.160863,0.9142185,0,14.57713,1.590705,9.163938,13l,X020821_038_3
038,X020821,-11.09375,14.38695,22.14145,38.513,5,0.04799529,0.9712104,0.01439483,13.90502,2.551695,5.449327,13l,X020821_038_5
040,X020821,-16.5,11.51181,18.86625,37.913,3,1.590275,0.9641598,0.01086957,5.856578,2.691692,2.175798,13l,X020821_040_3
041,X020821,-19.03125,10.12605,17.4321,37.763,2,3.611799,0.979436,0.04465335,8.462826,1.831808,4.61993,13l,X020821_041_2
044,X020821,-21.71875,5.58475,16.8171,36.938,2,0.2153051,0.9923619,0.007050529,10.08673,2.434936,4.142503,13m,X020821_044_2
047,X020821,-12.9375,16.33694,19.09976,37.838,1,6.863173,0.9994125,0.006756757,15.37428,1.83105,8.396427,12o,X020821_047_1
049,X020821,-16.28125,14.3946,17.8376,37.638,4,5.260182,0.9306698,0.0252644,10.53296,1.556388,6.76757,13l,X020821_049_4
049,X020821,-16.28125,14.3946,17.8376,37.638,5,6.972541,0.9679788,0.02320799,6.051257,1.253259,4.828417,13l,X020821_049_5
050,X020821,-17.46875,11.5687,17.9355,36.538,6,1.530213,0.9967685,0.00146886,16.31914,1.708308,9.552809,13l,X020821_050_6
050,X020821,-17.46875,11.5687,17.9355,36.538,7,0.314241,0.9967685,0.001175088,25.07063,2.414873,10.38176,13l,X020821_050_7
057,X020821,-15.03125,16.48285,16.72643,37.078,1,32.99267,0.9571093,0.02085781,7.196348,1.526681,4.71372,12o,X020821_057_1
058,X020821,-16.84375,15.03163,16.35534,36.818,5,1.745796,0.9994125,0.001175088,11.65717,1.838295,6.341294,12o,X020821_058_5
060,X020821,-17.8125,12.68076,17.73482,35.848,4,2.032941,0.9920682,0.005581669,14.49892,1.981549,7.316964,AI,X020821_060_4
060,X020821,-17.8125,12.68076,17.73482,35.848,5,2.867124,0.9920682,0.008519389,10.73034,1.352052,7.936333,AI,X020821_060_5
061,X020821,-18.46875,11.23744,18.50164,35.223,4,7.912694,0.9941245,0.05757932,8.83748,1.291465,6.842988,AI,X020821_061_4
063,X020821,-24.21875,8.63826,14.21345,35.283,1,11.84375,0.9359577,0.113396,5.819926,1.699722,3.424047,13l,X020821_063_1
066,X020821,-14.25,19.5902,14.114,36.788,5,0.3097427,0.9876616,0.005875441,10.84139,1.993957,5.437122,12o,X020821_066_5
070,X020821,-19.0625,13.85117,15.32011,35.153,5,0.1533128,0.9976498,0.0005875441,13.97474,1.972033,7.086461,AI,X020821_070_5
071,X020821,-19.71875,12.0342,16.0924,34.188,6,0.4133538,0.9776734,0.002350176,14.9991,1.477437,10.15211,AI,X020821_071_6
071,X020821,-19.71875,12.0342,16.0924,34.188,7,0.162947,0.9776734,0,10.34255,1.491126,6.936069,AI,X020821_071_7
079,X020821,-19.25,17.05663,12.38492,34.723,2,12.07418,0.979436,0.04289072,7.520434,1.575401,4.773663,12o,X020821_079_2
087,X020821,-22.40625,5.07028,16.7872,31.308,3,0.2768151,0.9905993,0.004700352,9.748874,1.765723,5.521178,cd,X020821_087_3
096,X020821,-23.6875,8.6109,13.88176,31.048,3,1.002882,0.9829612,0.02790834,7.210057,2.094261,3.442769,pu,X020821_096_3
098,X020821,-21.75,6.3012,16.8871,30.038,3,0.1579444,0.9747356,0.0008813161,11.40562,3.274719,3.482929,pu,X020821_098_3
099,X020821,-21.21875,4.7978,17.9306,29.538,2,7.872537,0.9900118,0.04112808,6.432955,2.126832,3.024665,cd,X020821_099_2
099,X020821,-21.21875,4.7978,17.9306,29.538,4,1.914268,0.9900118,0.004406581,11.9247,1.663331,7.16917,cd,X020821_099_4
108,X020821,-17.3125,8.3226,20.1596,28.409,1,5.436893,0.9809048,0.0126322,12.04115,1.472338,8.178255,cd,X020821_108_1
108,X020821,-17.3125,8.3226,20.1596,28.409,3,0.3364602,0.9809048,0.004700352,13.01538,1.477147,8.811156,cd,X020821_108_3
108,X020821,-17.3125,8.3226,20.1596,28.409,6,3.866082,0.993537,0.005581669,7.621636,1.095872,6.954862,cd,X020821_108_6
109,X020821,-16.15625,7.342,21.7295,27.259,2,0.9569983,0.9153937,0.006462985,10.36956,1.80105,5.757505,cd,X020821_109_2
111,X020821,-20.875,5.92291,18.30014,27.997,5,0.1593791,0.9779671,0.001762632,11.86294,1.584742,7.485723,cd,X020821_111_5
112,X020821,-21.75,4.25544,17.57412,27.931,4,1.205795,0.9914806,0.0146886,7.836332,1.417023,5.530136,cd,X020821_112_4
130,X020821,-33.9375,11.118,2.29608,23.468,2,0.1845486,0.9952996,0.0005875441,13.89958,1.776795,7.82284,AMG,X020821_130_2
130,X020821,-33.9375,11.118,2.29608,23.468,6,0.3487766,0.9952996,0.000293772,21.11578,2.536748,8.323956,AMG,X020821_130_6
142,X020821,-35.28125,10.59728,1.07,21.86,5,0.1101304,0.9538778,0.004700352,14.54374,1.44051,10.09625,AMG,X020821_142_5
146,X020821,-18.5,5.67896,20.3064,21.183,3,7.447536,1,0.08078731,15.10153,1.563184,9.660755,cd,X020821_146_3
146,X020821,-18.5,5.67896,20.3064,21.183,6,3.289526,0.9847239,0.2082844,6.802184,0.9885163,6.881206,cd,X020821_146_6
147,X020821,-16.40625,4.00352,23.22386,23.149,1,2.169459,0.9565217,0.0525852,8.118914,1.614706,5.028106,24c,X020821_147_1
147,X020821,-16.40625,4.00352,23.22386,23.149,5,0.1549853,1,0.002350176,23.99096,4.09299,5.861476,24c,X020821_147_5
152,X020821,-32.5,11.54237,3.88959,19.987,4,0.686602,0.9879553,0.03907168,8.55428,1.495309,5.720746,AMG,X020821_152_4
153,X020821,-23.03125,10.31908,14.1836,19.666,2,21.62314,0.9947121,0.0146886,6.490385,1.314435,4.937775,pu,X020821_153_2
157,X020821,-17.5,6.34524,21.72998,19.29,3,4.550693,0.9809048,0.07755582,8.084866,1.419732,5.694643,cd,X020821_157_3
007,X020921,-15.0625,7.5389,20.0738,43.33,3,0.9019407,0.9779671,0.003231492,13.20976,1.890957,6.985755,11ml,X020921_007_3
007,X020921,-15.0625,7.5389,20.0738,43.33,4,0.502133,0.9779671,0.0199765,10.41451,1.879413,5.541366,11ml,X020921_007_4
011,X020921,-8.78125,13.467,23.5226,42.3,6,1.258151,0.9882491,0.003819037,10.25305,1.575042,6.509697,12r,X020921_011_6
012,X020921,-11.78125,12.56,21.43966,42.365,2,0.9466781,0.9952996,0.002350176,10.45132,1.621198,6.446666,12m,X020921_012_2
029,X020921,-10.71875,13.94923,22.25579,39.88,2,0.5118716,0.993537,0.005581669,10.85129,1.646755,6.5895,12m,X020921_029_2
032,X020921,-17.28125,9.007,19.16596,39.275,2,2.355552,0.9773796,0.01556992,9.403968,1.930345,4.871651,13m,X020921_032_2
032,X020921,-17.28125,9.007,19.16596,39.275,3,0.1093767,0.9985312,0,18.7621,2.313921,8.108358,13m,X020921_032_3
037,X020921,-11.40625,16.01495,20.303,39.088,4,2.252679,0.9829612,0.02497062,9.364262,1.733489,5.401974,12o,X020921_037_4
037,X020921,-11.40625,16.01495,20.303,39.088,7,2.508949,0.9885429,0.01909518,6.92744,1.554951,4.455086,12o,X020921_037_7
037,X020921,-11.40625,16.01495,20.303,39.088,8,0.3294687,0.9976498,0.005875441,22.57041,2.750558,8.205755,12o,X020921_037_8
038,X020921,-11.125,14.39318,21.97398,38.538,2,0.4491319,1,0.001175088,26.78334,6.07706,4.407285,13l,X020921_038_2
040,X020921,-16.53125,11.51181,18.86625,37.913,2,1.36173,0.985899,0.03202115,7.981403,1.308621,6.099092,13l,X020921_040_2
041,X020921,-19.0625,10.12605,17.4321,37.763,2,8.056804,0.8830788,0.01645123,5.00988,1.08538,4.615785,13l,X020921_041_2
047,X020921,-12.96875,16.33694,19.09976,37.838,3,6.731388,0.9864865,0.01292597,7.380867,1.610004,4.584378,12o,X020921_047_3
049,X020921,-16.3125,14.3946,17.8376,37.638,3,5.127865,0.9541715,0.04289072,5.759489,1.290462,4.463122,13l,X020921_049_3
049,X020921,-16.3125,14.3946,17.8376,37.638,4,5.261156,0.9283196,0.05846063,7.962123,1.707953,4.661792,13l,X020921_049_4
049,X020921,-16.3125,14.3946,17.8376,37.638,6,0.1770239,0.9770858,0.007050529,16.76387,2.706171,6.194685,13l,X020921_049_6
050,X020921,-17.5,11.5687,17.9355,36.538,6,1.019012,0.9973561,0.003231492,15.89539,2.174805,7.308881,13l,X020921_050_6
057,X020921,-15.0625,16.48285,16.72643,37.078,2,16.55856,0.9879553,0.009988249,9.686316,1.253429,7.727855,12o,X020921_057_2
060,X020921,-17.8125,12.68076,17.73482,35.848,3,2.8589,1,0.003525264,17.80523,1.688146,10.54721,AI,X020921_060_3
061,X020921,-18.46875,11.23744,18.50164,35.223,2,8.297927,0.9838426,0.04582844,9.188798,1.614124,5.692748,AI,X020921_061_2
064,X020921,-24.625,7.0414,14.1608,34.988,3,2.234387,0.9947121,0.01909518,11.83761,1.403634,8.433541,13m,X020921_064_3
066,X020921,-14.28125,19.5902,14.114,36.788,2,0.09803947,0.9691539,0.002643948,22.83471,3.809172,5.994664,12o,X020921_066_2
070,X020921,-19.09375,13.85117,15.32011,35.153,2,0.1954887,0.9991398,0,15.42399,2.16174,7.134986,AI,X020921_070_2
071,X020921,-19.75,12.0342,16.0924,34.188,3,1.152299,0.9873678,0.007344301,12.93207,1.773347,7.292465,AI,X020921_071_3
086,X020921,-25.34375,6.61252,13.43192,32.168,3,0.2556718,0.9997062,0.002350176,16.73929,4.710876,3.553329,pu,X020921_086_3
098,X020921,-21.875,6.3012,16.8871,30.038,6,2.682063,0.987074,0.04318449,7.379878,1.85767,3.972653,pu,X020921_098_6
099,X020921,-21.34375,4.80014,17.63148,29.583,5,0.7403998,0.9838426,0.02878966,7.52251,1.954041,3.84972,cd,X020921_099_5
103,X020921,-19.78125,16.00216,12.13306,33.258,2,1.757784,0.9891304,0.006756757,15.23097,2.333015,6.528449,AI,X020921_103_2
105,X020921,-31.46875,13.38326,2.88848,27.028,5,4.882548,0.9747356,0.02144536,8.26404,2.161307,3.823631,AMG,X020921_105_5
108,X020921,-17.4375,8.31106,19.87566,28.449,3,1.325273,0.9900118,0.01498237,10.11113,1.850509,5.463971,cd,X020921_108_3
109,X020921,-16.28125,7.342,21.7295,27.259,3,0.3855442,0.9653349,0,15.25818,2.131427,7.158672,cd,X020921_109_3
109,X020921,-16.28125,7.342,21.7295,27.259,6,0.9329072,1,0.001175088,29.39008,2.641081,11.12805,cd,X020921_109_6
111,X020921,-21,5.92291,18.30014,27.997,1,5.507454,0.9969925,0.01233843,11.44822,3.539526,3.234393,cd,X020921_111_1
112,X020921,-21.875,4.25544,17.57412,27.931,6,0.1909292,0.9926557,0.004406581,12.36221,2.258019,5.474803,cd,X020921_112_6
130,X020921,-34.0625,11.115,1.9369,23.478,2,3.94327,0.9856052,0.03525265,7.41746,1.543383,4.805975,AMG,X020921_130_2
130,X020921,-34.0625,11.115,1.9369,23.478,7,0.3098007,0.9797297,0.003231492,16.94087,2.155131,7.860713,AMG,X020921_130_7
131,X020921,-35.0625,10.23613,1.38569,23.732,1,30.71179,0.9347826,0.1789072,5.22703,1.169432,4.469718,AMG,X020921_131_1
132,X020921,-35.75,8.95475,1.6793,23.657,2,7.363797,0.970329,0.02908343,6.21424,2.043954,3.040303,AMG,X020921_132_2
135,X020921,-19.90625,4.30711,19.29454,25.113,1,5.779734,0.9988249,0.001175088,12.07631,1.397883,8.639,cd,X020921_135_1
135,X020921,-19.90625,4.30711,19.29454,25.113,3,6.804088,0.9574031,0.09753232,5.513762,1.548734,3.560174,cd,X020921_135_3
142,X020921,-35.34375,10.59728,1.07,21.86,5,0.1205739,0.9964747,0.00293772,16.52892,1.741187,9.492899,AMG,X020921_142_5
143,X020921,-29.90625,9.61312,6.97936,22.12,3,30.42099,0.9468272,0.09929495,6.984138,1.031143,6.773203,AMG,X020921_143_3
144,X020921,-20.5,8.11083,17.79985,21.13791,2,0.3940188,0.9938308,0.005875441,10.36933,2.256618,4.595078,cd,X020921_144_2
145,X020921,-19.40625,6.66356,19.0862,20.823,5,0.6417096,0.9920682,0.02790834,10.40219,2.200636,4.726904,cd,X020921_145_5
147,X020921,-16.53125,4.00352,23.22386,23.149,4,0.5360051,0.9988249,0.123678,10.19897,1.302189,7.832172,24c,X020921_147_4
147,X020921,-16.53125,4.00352,23.22386,23.149,5,1.515597,0.9994125,0,29.57776,2.654773,11.14135,24c,X020921_147_5
152,X020921,-32.5625,11.54237,3.88959,19.987,3,0.2940139,0.9940688,0.03495887,10.1614,1.362689,7.456872,AMG,X020921_152_3
157,X020921,-17.625,6.34524,21.72998,19.29,5,3.874361,0.9983891,0.05229142,11.2688,1.378737,8.173278,cd,X020921_157_5
007,X021020,-11.4375,7.59588,23.73416,42.89,3,9.568449,0.9682726,0.0525852,7.629066,1.755194,4.346565,46v,X021020_007_3
013,X021020,-10,10.682,24.03272,42.08,3,2.018536,0.9888366,0.02027027,7.503445,3.051148,2.45922,46v,X021020_013_3
016,X021020,-12.875,6.33256,23.5652,41.2,3,1.764944,0.9538778,0.02056404,10.53489,1.858416,5.668744,46df,X021020_016_3
019,X021020,-8.59375,14.60857,23.74225,41.14,3,12.88996,0.9512339,0.1113396,5.411169,1.102075,4.909984,12m,X021020_019_3
024,X021020,-13.96875,7.103,22.69679,39.825,2,0.6203763,0.9982374,0.03789659,8.531288,2.333026,3.656748,46v,X021020_024_2
031,X021020,-13.28125,10.4059,21.9682,39.25,2,10.3033,0.9900118,0.02790834,6.891482,1.160893,5.93636,46v,X021020_031_2
036,X021020,-9.1875,17.48102,20.41408,39.498,3,2.484179,0.979436,0.03349001,6.580824,1.868904,3.52122,12o,X021020_036_3
036,X021020,-9.1875,17.48102,20.41408,39.498,4,1.582408,0.979436,0.00293772,11.36903,2.532085,4.489987,12o,X021020_036_4
038,X021020,-11.59375,14.40564,21.63904,38.588,2,0.1586672,0.9876616,0.002350176,8.618544,1.650624,5.221386,13l,X021020_038_2
040,X021020,-12.8125,11.38563,22.49775,37.463,3,0.1536915,0.9911054,0.001175088,13.22486,1.7714,7.465769,46v,X021020_040_3
048,X021020,-12.96875,15.22054,20.25216,37.368,3,2.28802,0.9726792,0.03143361,6.140358,2.314639,2.652837,12o,X021020_048_3
052,X021020,-19.75,8.66955,17.72425,35.938,3,2.286836,0.9826674,0.01762632,7.185463,2.45722,2.924225,13l,X021020_052_3
055,X021020,-11.15625,19.14016,17.51956,37.738,3,0.3641832,0.996792,0.009400705,13.92785,1.339435,10.3983,12l,X021020_055_3
078,X021020,-14.5,18.71772,15.06424,35.268,1,11.41064,0.9089307,0.07050529,7.646073,1.670861,4.576128,12l,X021020_078_1
079,X021020,-16.0625,16.97564,15.42276,34.268,2,2.613135,0.9776734,0.009400705,4.650481,1.139965,4.079496,12o,X021020_079_2
085,X021020,-17.21875,7.66851,21.09965,31.248,3,3.055838,0.9847239,0.02115159,9.849434,1.405578,7.00739,cd,X021020_085_3
086,X021020,-15.625,6.36356,23.00376,30.728,3,0.4984662,1,0.0005875441,22.37075,1.985171,11.26893,8B,X021020_086_3
086,X021020,-15.625,6.36356,23.00376,30.728,4,4.798947,0.9864865,0.008519389,8.139867,1.204206,6.759529,8B,X021020_086_4
089,X021020,-12.4375,20.10797,15.44775,33.578,3,1.530164,0.9947121,0.002350176,15.14285,2.121626,7.13738,6VaVb,X021020_089_3
096,X021020,-14.75,8.7279,22.80856,29.848,3,2.158514,0.9835488,0.02467685,9.480842,1.363058,6.955565,8B,X021020_096_3
096,X021020,-14.75,8.7279,22.80856,29.848,4,0.2179258,0.9967685,0.00293772,20.2103,2.039046,9.911644,8B,X021020_096_4
096,X021020,-14.75,8.7279,22.80856,29.848,5,0.35995,0.9835488,0.01615746,11.03798,1.488092,7.417535,8B,X021020_096_5
101,X021020,-11.8125,20.3441,16.47845,32.163,2,0.05514576,1,0.001175088,22.77919,2.254295,10.1048,6VaVb,X021020_101_2
104,X021020,-14.875,14.6454,18.648,31.388,3,1.008797,0.9979436,0.009988249,11.01359,1.697588,6.487789,45,X021020_104_3
106,X021020,-15.5,12.56671,19.81972,26.059,2,4.549761,0.9785547,0.02555817,7.889669,2.319627,3.401267,pu,X021020_106_2
107,X021020,-16.875,11.123,19.2702,25.77,3,0.1990735,0.9997062,0.003231492,20.96318,2.286221,9.169359,pu,X021020_107_3
007,X021021,-15.0625,7.5389,20.0738,43.33,5,0.8041544,0.9491774,0.002643948,12.29214,2.106198,5.836174,11ml,X021021_007_5
011,X021021,-8.8125,13.465,23.41387,42.31,3,1.460462,0.9905993,0,12.15734,1.83578,6.622442,12r,X021021_011_3
011,X021021,-8.8125,13.465,23.41387,42.31,4,0.5850306,0.9944183,0.00146886,11.54125,1.788067,6.454597,12r,X021021_011_4
014,X021021,-14.21875,9.132,20.5815,42.3,3,0.383121,0.9400705,0.008225617,12.00232,1.981335,6.057694,11ml,X021021_014_3
015,X021021,-15.65625,7.824,20.481,42,6,1.221533,0.9964747,0.004700352,18.13261,2.250572,8.056888,11ml,X021021_015_6
021,X021021,-14.4375,11.60472,19.80044,41.18,2,0.7850339,0.9121622,0.01028202,9.120421,2.327996,3.917714,11ml,X021021_021_2
028,X021021,-8.96875,15.041,22.92771,40.095,3,3.24752,0.9670975,0.01674501,7.050372,2.090503,3.372572,12l,X021021_028_3
032,X021021,-17.3125,9.009,18.97852,39.3,2,3.974835,0.9847239,0.03143361,8.736979,1.960532,4.456433,13m,X021021_032_2
037,X021021,-11.4375,16.01495,20.303,39.088,4,2.565403,0.9885429,0.003525264,9.724296,2.221213,4.377922,12o,X021021_037_4
038,X021021,-11.15625,14.39318,21.97398,38.538,3,2.501975,0.9911869,0.007050529,15.44371,1.997238,7.732533,13l,X021021_038_3
038,X021021,-11.15625,14.39318,21.97398,38.538,6,1.027901,0.9911869,0.004700352,11.09944,1.596339,6.953064,13l,X021021_038_6
040,X021021,-16.5625,11.51181,18.86625,37.913,2,1.461161,0.9929495,0.0440658,8.73562,1.432415,6.098524,13l,X021021_040_2
046,X021021,-10.5625,17.70228,19.32072,38.248,3,1.070073,0.9909548,0.003525264,14.55401,1.568429,9.279361,12o,X021021_046_3
047,X021021,-13,16.34317,18.93618,37.863,1,8.089476,0.9908931,0.03143361,12.09896,2.143683,5.644004,12o,X021021_047_1
049,X021021,-16.3125,14.3946,17.8376,37.638,5,5.328616,0.9424207,0.01645123,7.572382,1.830889,4.135904,13l,X021021_049_5
050,X021021,-17.53125,11.5687,17.9355,36.538,1,1.046535,0.9967685,0.002643948,14.38018,1.678896,8.565257,13l,X021021_050_1
057,X021021,-15.0625,16.48285,16.72643,37.078,6,14.83852,0.9911869,0.01733255,11.23116,1.276889,8.795722,12o,X021021_057_6
060,X021021,-17.8125,12.68076,17.73482,35.848,3,2.032818,0.9988249,0,18.04045,1.674243,10.77528,AI,X021021_060_3
064,X021021,-24.65625,7.0414,14.1608,34.988,2,5.767316,0.9723854,0.03525265,8.373958,1.781335,4.700945,13m,X021021_064_2
070,X021021,-19.125,13.85117,15.32011,35.153,3,0.118195,0.9941245,0.001175088,12.81663,1.613637,7.942692,AI,X021021_070_3
071,X021021,-19.78125,12.0342,16.0924,34.188,3,2.782596,0.9744418,0.02643948,7.455392,2.486905,2.99786,AI,X021021_071_3
071,X021021,-19.78125,12.0342,16.0924,34.188,4,0.2027791,0.9932432,0.001762632,15.56546,1.529909,10.17411,AI,X021021_071_4
083,X021021,-24.09375,10.165,12.93616,32.748,3,7.872747,0.9383079,0.07226792,5.788227,1.720663,3.363951,AI,X021021_083_3
086,X021021,-25.40625,6.61252,13.43192,32.168,2,0.5607858,0.9876616,0.06756756,8.046299,2.536969,3.171618,pu,X021021_086_2
087,X021021,-22.59375,5.07806,16.49665,31.353,5,0.1371439,0.9988249,0.0005875441,15.468,1.72471,8.968467,cd,X021021_087_5
091,X021021,-19.34375,16.79848,12.23687,33.943,3,0.3633356,0.9929495,0.00146886,8.840559,2.091152,4.227602,AI,X021021_091_3
099,X021021,-21.40625,4.80014,17.63148,29.583,3,0.2583026,0.9929495,0.106933,8.554478,3.64472,2.347088,cd,X021021_099_3
103,X021021,-19.78125,16.00216,12.13306,33.258,5,1.610529,0.9853114,0.005581669,9.879539,2.087907,4.731791,AI,X021021_103_5
108,X021021,-17.46875,8.31106,19.87566,28.449,3,0.1475768,0.9967685,0,21.08529,7.875568,2.677305,cd,X021021_108_3
109,X021021,-16.28125,7.342,21.7295,27.259,3,0.7827591,0.9973561,0,9.787177,1.512254,6.471916,cd,X021021_109_3
109,X021021,-16.28125,7.342,21.7295,27.259,5,1.547207,0.9753231,0.03231492,8.361899,1.418951,5.893016,cd,X021021_109_5
109,X021021,-16.28125,7.342,21.7295,27.259,7,0.5720685,0.9753231,0.001175088,14.01099,2.20697,6.348519,cd,X021021_109_7
109,X021021,-16.28125,7.342,21.7295,27.259,9,0.7862442,1,0,29.00842,3.325636,8.722667,cd,X021021_109_9
111,X021021,-21.03125,5.9333,18.0012,28.042,1,5.544275,0.9982935,0.007050529,14.71982,2.161792,6.809084,cd,X021021_111_1
120,X021021,-35.5,9.48212,1.36712,25.694,3,0.2456847,0.9861927,0.007931845,9.845884,4.674272,2.1064,AMG,X021021_120_3
128,X021021,-29.84375,13.22754,4.75629,23.924,7,11.75458,0.9089307,0.1357227,5.02498,1.301578,3.860682,AMG,X021021_128_7
128,X021021,-29.84375,13.22754,4.75629,23.924,9,0.9830022,0.9791422,0.002643948,6.809294,1.850008,3.680683,AMG,X021021_128_9
128,X021021,-29.84375,13.22754,4.75629,23.924,11,0.3698103,0.9738543,0.002056404,13.70821,4.318611,3.174217,AMG,X021021_128_11
138,X021021,-30.53125,14.5888,3.45723,22.131,5,1.013175,0.9670975,0.004406581,12.16918,1.87827,6.47893,AMG,X021021_138_5
138,X021021,-30.53125,14.5888,3.45723,22.131,6,0.8846325,0.9670975,0.005287896,16.91777,1.960972,8.627234,AMG,X021021_138_6
145,X021021,-19.53125,6.66356,19.0862,20.823,5,0.8854775,0.9797297,0.03231492,7.885638,2.473319,3.188282,cd,X021021_145_5
146,X021021,-18.75,5.70305,19.89025,21.213,3,14.86323,0.9124559,0.1539366,6.01104,1.04777,5.736983,cd,X021021_146_3
146,X021021,-18.75,5.70305,19.89025,21.213,7,28.22128,0.9891304,0.06227967,6.017209,1.443277,4.169129,cd,X021021_146_7
147,X021021,-16.53125,4.00352,23.22386,23.149,4,0.4206508,0.9967685,0.01439483,11.15908,1.64204,6.795867,24c,X021021_147_4
147,X021021,-16.53125,4.00352,23.22386,23.149,5,1.237249,0.9976498,0,25.60717,2.141715,11.95638,24c,X021021_147_5
150,X021021,-32.75,12.92818,2.70778,20.548,2,24.56622,0.9621034,0.1051704,5.945221,1.654617,3.593111,AMG,X021021_150_2
157,X021021,-17.625,6.34524,21.72998,19.29,4,4.701571,0.894242,0.06698003,7.761843,1.206161,6.435163,cd,X021021_157_4
004,X021120,-9.71875,11.47972,23.21212,43.385,2,0.7897787,0.9712104,0.003525264,12.1601,1.848647,6.577841,12r,X021120_004_2
007,X021120,-11.5,7.59329,23.56778,42.91,3,5.762169,0.993537,0.01968273,10.00699,1.470693,6.80427,46v,X021120_007_3
016,X021120,-12.875,6.33256,23.5652,41.2,2,2.327234,0.9268507,0.04700353,9.267477,1.887817,4.909097,46df,X021120_016_2
022,X021120,-12,10.05476,23.17876,40.44,3,1.643634,0.9967685,0.01057579,9.374749,2.5115,3.732729,46v,X021120_022_3
028,X021120,-9.71875,15.053,22.19133,40.185,3,0.1079619,0.9876616,0.004406581,9.299759,2.083718,4.46306,12l,X021120_028_3
036,X021120,-9.1875,17.48102,20.41408,39.498,2,1.5883,0.9908931,0.01028202,14.08995,2.257869,6.240376,12o,X021120_036_2
036,X021120,-9.1875,17.48102,20.41408,39.498,4,2.988815,0.9803173,0.07902468,7.097908,1.633972,4.343959,12o,X021120_036_4
045,X021120,-9.125,19.03174,19.22179,38.268,3,2.690618,0.9797297,0.0945946,8.933076,1.375428,6.494762,12o,X021120_045_3
077,X021120,-11.75,19.75146,16.33057,35.303,3,0.3269074,0.8877791,0.03231492,10.19882,1.734074,5.881423,12l,X021120_077_3
078,X021120,-14.53125,18.71772,15.06424,35.268,3,10.57143,0.9835488,0.05963572,7.953169,1.684334,4.721849,12l,X021120_078_3
085,X021120,-17.28125,7.6724,20.813,31.288,3,0.2886709,0.9914806,0.01204465,9.605874,1.957168,4.908049,cd,X021120_085_3
091,X021120,-13.0625,16.71736,18.51509,32.773,3,0.9784016,1,0.003525264,19.64368,1.853864,10.59607,44,X021120_091_3
096,X021120,-14.8125,8.7279,22.80856,29.848,3,0.8842521,0.9861927,0.01880141,10.50524,1.604369,6.547894,8B,X021120_096_3
096,X021120,-14.8125,8.7279,22.80856,29.848,4,1.495842,0.9861927,0.002643948,13.504,1.359942,9.929832,8B,X021120_096_4
103,X021120,-15.5625,16.07308,16.17928,32.448,2,0.1818893,1,0,20.58261,1.906562,10.79567,44,X021120_103_2
104,X021120,-15.125,14.63849,18.40645,31.438,3,4.999994,0.9662162,0.01615746,7.225172,1.255098,5.756659,45,X021120_104_3
104,X021120,-15.125,14.63849,18.40645,31.438,4,2.485874,0.9089307,0.007050529,11.16755,1.331482,8.387309,45,X021120_104_4
107,X021120,-17,11.123,19.2702,25.77,2,1.321114,0.9923619,0.01527615,13.83609,1.884699,7.341271,pu,X021120_107_2
142,X021120,-24.1875,10.52519,12.4505,21.455,3,0.6739498,0.9941245,0.001762632,12.76046,1.863196,6.848693,pu,X021120_142_3
157,X021120,-20.8125,6.827,18.4115,19.53,3,0.6678296,0.9958872,0.008519389,11.06733,1.650957,6.703587,cd,X021120_157_3
004,X021121,-9.65625,11.47972,23.21212,43.385,1,23.28643,0.9412456,0.08519389,4.774547,1.087808,4.389146,12r,X021121_004_1
007,X021121,-15.0625,7.5389,20.0738,43.33,5,1.081558,0.9879553,0.02702703,9.25694,1.772792,5.221672,11ml,X021121_007_5
012,X021121,-11.84375,12.56,21.43966,42.365,3,1.189804,0.9864865,0.006756757,11.74587,2.76928,4.241488,12m,X021121_012_3
013,X021121,-13.28125,10.636,20.8417,42.425,5,0.5532364,0.9964747,0.003525264,15.3861,1.838325,8.36963,11ml,X021121_013_5
014,X021121,-14.25,9.132,20.5815,42.3,2,4.343678,0.9715041,0.01086957,8.55156,2.005632,4.263772,11ml,X021121_014_2
014,X021121,-14.25,9.132,20.5815,42.3,3,0.2328206,0.9056088,0.009106933,18.49503,1.718189,10.76426,11ml,X021121_014_3
015,X021121,-15.65625,7.824,20.481,42,2,7.478962,0.9653349,0.04171563,7.207537,2.773718,2.598511,11ml,X021121_015_2
015,X021121,-15.65625,7.824,20.481,42,8,1.120398,0.9717979,0.007638073,12.41566,2.171348,5.717953,11ml,X021121_015_8
028,X021121,-9,15.041,22.92771,40.095,2,0.1306885,0.9952996,0.00293772,19.08231,9.481067,2.012675,12l,X021121_028_2
032,X021121,-17.34375,9.009,18.97852,39.3,3,0.6907996,0.9955934,0.002350176,11.84288,2.234004,5.301191,13m,X021121_032_3
033,X021121,-18.65625,7.529,18.3613,39.08,3,15.4736,0.993537,0.03613396,7.739063,1.739714,4.448469,13m,X021121_033_3
034,X021121,-19.25,5.96426,18.43334,38.84,2,11.15108,0.9606345,0.09753232,6.781893,1.67894,4.039391,13m,X021121_034_2
038,X021121,-11.15625,14.39318,21.97398,38.538,3,2.280005,0.9994125,0.004112808,10.02838,2.336496,4.292059,13l,X021121_038_3
040,X021121,-16.59375,11.51882,18.6645,37.938,2,16.86732,0.9430082,0.07079906,5.348325,1.187455,4.504023,13l,X021121_040_2
047,X021121,-13,16.34317,18.93618,37.863,3,5.64318,0.9979436,0.01645123,12.66622,1.407026,9.002121,12o,X021121_047_3
048,X021121,-15.03125,15.33744,18.30476,37.668,6,0.6991277,0.987074,0.01292597,9.703565,1.4295,6.788083,12o,X021121_048_6
049,X021121,-16.34375,14.3946,17.8376,37.638,6,6.855726,0.996181,0.009106933,11.49149,1.411253,8.142752,13l,X021121_049_6
050,X021121,-17.5625,11.5687,17.9355,36.538,6,4.244021,0.9809048,0.04054054,8.759827,1.768191,4.954118,13l,X021121_050_6
051,X021121,-20.03125,10.22132,16.4078,36.408,2,2.959235,0.9994125,0.00146886,16.01471,2.314972,6.917885,13l,X021121_051_2
052,X021121,-23.53125,8.763,14.254,36.388,2,0.22787,0.9891304,0.005287896,10.15707,4.358195,2.330569,13m,X021121_052_2
054,X021121,-24.09375,5.85384,14.46302,35.758,3,2.066653,0.9820799,0.006169213,10.50423,2.696172,3.895979,13m,X021121_054_3
060,X021121,-17.8125,12.68076,17.73482,35.848,5,2.225325,0.9964747,0.01909518,9.515921,1.459095,6.521796,AI,X021121_060_5
061,X021121,-18.5,11.25068,18.27808,35.258,1,9.069592,0.9430082,0.1316099,6.048538,1.25406,4.823165,AI,X021121_061_1
063,X021121,-24.3125,8.65384,13.9673,35.318,4,4.323706,0.9929495,0.008813161,8.661628,1.393082,6.217601,13l,X021121_063_4
064,X021121,-24.6875,7.0414,14.1608,34.988,5,2.06903,0.9903055,0.009988249,9.521483,1.530705,6.220325,13m,X021121_064_5
066,X021121,-14.34375,19.5902,14.114,36.788,1,1.229952,0.9876616,0.009106933,11.90159,2.063378,5.768013,12o,X021121_066_1
068,X021121,-18.1875,16.88205,13.28872,36.058,7,1.857221,0.9864865,0.001762632,14.18958,1.712374,8.286494,12o,X021121_068_7
070,X021121,-19.15625,13.85117,15.32011,35.153,4,2.330568,0.9879553,0.02790834,9.872816,2.030329,4.862669,AI,X021121_070_4
072,X021121,-21.125,10.85841,15.96688,34.048,1,17.67071,0.9544653,0.04024677,5.821159,1.099583,5.293968,AI,X021121_072_1
072,X021121,-21.125,10.85841,15.96688,34.048,5,0.3492205,0.9970623,0.02467685,9.7201,1.566237,6.20602,AI,X021121_072_5
072,X021121,-21.125,10.85841,15.96688,34.048,6,0.2412869,0.9979436,0,25.26321,5.11948,4.934722,AI,X021121_072_6
078,X021121,-16.9375,18.80341,12.75072,35.653,3,1.600573,0.9817861,0.01086957,8.649231,2.81593,3.071536,12o,X021121_078_3
079,X021121,-19.34375,17.06286,12.15124,34.758,4,3.704646,0.9814923,0.1104583,8.593809,1.598099,5.377518,12o,X021121_079_4
079,X021121,-19.34375,17.06286,12.15124,34.758,6,0.3448821,0.9976498,0.009694478,20.07545,2.515622,7.980313,12o,X021121_079_6
087,X021121,-22.65625,5.07806,16.49665,31.353,7,5.122846,0.9644536,0.07931845,5.11767,1.837336,2.785374,cd,X021121_087_7
087,X021121,-22.65625,5.07806,16.49665,31.353,9,0.1817127,0.9911869,0.0005875441,12.86295,1.592315,8.078142,cd,X021121_087_9
091,X021121,-19.375,16.79848,12.23687,33.943,8,2.825059,0.9993801,0.003819037,13.74714,1.627687,8.445811,AI,X021121_091_8
109,X021121,-16.40625,7.33854,21.40863,27.294,5,2.010991,0.987074,0.01057579,9.795032,1.581066,6.195206,cd,X021121_109_5
109,X021121,-16.40625,7.33854,21.40863,27.294,6,1.158017,0.987074,0.003231492,14.89891,2.134676,6.979474,cd,X021121_109_6
111,X021121,-21.03125,5.9333,18.0012,28.042,3,4.322063,0.9753231,0.009694478,8.277565,2.039587,4.058453,cd,X021121_111_3
118,X021121,-32.09375,12.488,3.0622,25.712,1,5.973237,0.9900118,0.01351351,6.080905,1.443767,4.211834,AMG,X021121_118_1
118,X021121,-32.09375,12.488,3.0622,25.712,5,0.86721,0.9947121,0.0126322,10.19243,2.798989,3.641469,AMG,X021121_118_5
128,X021121,-29.84375,13.22754,4.75629,23.924,2,12.37833,0.974148,0.04876616,7.067268,1.262263,5.598887,AMG,X021121_128_2
138,X021121,-30.65625,14.5888,3.45723,22.131,1,15.30932,0.907168,0.06022327,4.504693,1.439774,3.128749,AMG,X021121_138_1
145,X021121,-19.65625,6.67828,18.6821,20.843,3,0.9123083,0.987074,0.02115159,8.155366,2.419063,3.371291,cd,X021121_145_3
146,X021121,-18.875,5.70305,19.89025,21.213,2,4.699209,0.979436,0.01057579,5.435245,1.218047,4.462264,cd,X021121_146_2
146,X021121,-18.875,5.70305,19.89025,21.213,3,2.133491,0.9988249,0.008813161,13.90631,1.716832,8.099981,cd,X021121_146_3
156,X021121,-20.21875,8.165,18.746,19.53,3,0.4442555,0.9488837,0.01645123,8.30368,2.226651,3.729224,cd,X021121_156_3
004,X021220,-9.71875,11.47972,23.21212,43.385,2,0.9809123,0.9820799,0.008813161,11.75422,2.103066,5.589086,12r,X021220_004_2
007,X021220,-11.5625,7.59329,23.56778,42.91,2,5.319356,0.9964747,0.02350176,9.328658,1.795027,5.196945,46v,X021220_007_2
011,X021220,-9.625,13.451,22.65276,42.38,2,3.234392,0.9668038,0.04788484,9.47975,1.436,6.601495,12m,X021220_011_2
015,X021220,-12.15625,7.8508,23.496,41.6,2,5.461748,0.9952996,0.002056404,11.11833,1.663159,6.685068,46v,X021220_015_2
018,X021220,-7.53125,15.34288,23.39216,41.46,2,1.584732,0.9905993,0.01792009,10.02706,2.220012,4.516668,12l,X021220_018_2
022,X021220,-12.125,10.05609,23.01334,40.46,3,1.739664,0.9988249,0.003231492,10.39642,1.479767,7.025713,46v,X021220_022_3
028,X021220,-9.75,15.053,22.19133,40.185,2,22.69289,0.9814923,0.01645123,5.267514,1.048828,5.022285,12l,X021220_028_2
028,X021220,-9.75,15.053,22.19133,40.185,4,4.739533,0.9706228,0.0472973,10.98407,2.255223,4.870503,12l,X021220_028_4
036,X021220,-9.21875,17.48102,20.41408,39.498,3,0.49654,0.9994125,0.0005875441,25.67258,3.616688,7.09837,12o,X021220_036_3
040,X021220,-13,11.39264,22.296,37.488,4,1.984749,0.9867803,0.02173913,9.002145,2.378452,3.784876,46v,X021220_040_4
055,X021220,-11.34375,19.1425,17.37,37.763,2,7.74756,0.9947121,0.01175088,12.38437,1.615528,7.665837,12l,X021220_055_2
072,X021220,-19.53125,10.81167,17.54656,33.808,1,5.535195,0.9923619,0.001175088,15.70332,1.773626,8.853798,AI,X021220_072_1
078,X021220,-14.65625,18.72551,14.85392,35.303,3,5.859595,0.9720917,0.01410106,7.240451,1.598565,4.529345,12l,X021220_078_3
079,X021220,-16.25,16.98187,15.18908,34.303,4,0.9361694,0.9764982,0.01321974,9.405598,1.782608,5.276312,12o,X021220_079_4
079,X021220,-16.25,16.98187,15.18908,34.303,5,0.4908867,0.9764982,0.001175088,16.58768,4.08311,4.06251,12o,X021220_079_5
080,X021220,-17.6875,15.41832,15.3478,33.978,1,4.960944,0.9958872,0.006462985,7.514299,1.610377,4.666174,AI,X021220_080_1
089,X021220,-12.625,20.11186,15.2795,33.608,2,7.094063,0.976792,0.02438308,5.866245,1.288204,4.553818,6VaVb,X021220_089_2
089,X021220,-12.625,20.11186,15.2795,33.608,3,0.05346711,0.9764982,0.008519389,13.42914,2.070807,6.484979,6VaVb,X021220_089_3
090,X021220,-14.75,18.24104,15.16408,33.268,5,1.269568,0.9647474,0.004112808,11.61456,1.676808,6.926589,6VaVb,X021220_090_5
091,X021220,-13.1875,16.72048,18.27362,32.818,1,1.89367,0.9985312,0.003525264,19.54011,2.284584,8.55303,6VaVb,X021220_091_1
091,X021220,-13.1875,16.72048,18.27362,32.818,2,2.584015,0.9958872,0.07638073,9.274446,1.405519,6.598589,6VaVb,X021220_091_2
091,X021220,-13.1875,16.72048,18.27362,32.818,4,0.8624463,0.9958872,0.006756757,10.97897,1.66063,6.61133,6VaVb,X021220_091_4
096,X021220,-14.8125,8.7279,22.80856,29.848,1,33.00941,1,0.004700352,11.9923,1.165356,10.29068,8B,X021220_096_1
097,X021220,-17,7.71802,21.20614,29.748,3,1.736352,0.979436,0.01204465,10.82027,1.666331,6.493468,cd,X021220_097_3
101,X021220,-12,20.34804,16.30098,32.198,1,4.154523,0.9900118,0.01086957,8.871341,1.725579,5.14108,6VaVb,X021220_101_1
101,X021220,-12,20.34804,16.30098,32.198,4,0.9603949,0.9726792,0.01556992,14.47378,2.232398,6.483511,6VaVb,X021220_101_4
103,X021220,-15.6875,16.07308,16.17928,32.448,3,0.3208027,1,0.002056404,23.29946,2.769377,8.413249,44,X021220_103_3
104,X021220,-15.125,14.63849,18.40645,31.438,4,1.292288,0.953584,0.05082256,8.097302,1.768173,4.579473,45,X021220_104_4
104,X021220,-15.125,14.63849,18.40645,31.438,5,0.5604322,0.9518214,0.002056404,15.51816,2.707802,5.730906,45,X021220_104_5
104,X021220,-15.125,14.63849,18.40645,31.438,7,3.952146,0.953584,0.03231492,9.832943,1.402529,7.010865,45,X021220_104_7
106,X021220,-15.75,12.56671,19.81972,26.059,5,0.565724,0.9785547,0.009694478,13.39764,1.61052,8.318828,pu,X021220_106_5
107,X021220,-17,11.123,19.2702,25.77,3,0.1479107,0.9967685,0.006462985,21.74453,4.640407,4.68591,pu,X021220_107_3
113,X021220,-18.15625,2.7362,21.568,27.611,3,3.58491,0.9990206,0.01116334,9.636208,1.261267,7.640101,cd,X021220_113_3
117,X021220,-21.375,13.77741,13.09829,25.322,2,0.1596089,0.9938308,0.0199765,11.6746,9.083388,1.285269,pu,X021220_117_2
118,X021220,-21.3125,12.527,14.042,25.322,3,13.48773,0.9988249,0.01821387,8.59058,1.744115,4.925467,pu,X021220_118_3
131,X021220,-22.9375,10.22301,13.47113,23.252,3,0.9678757,0.9888366,0.03172738,7.21895,2.381784,3.0309,pu,X021220_131_3
142,X021220,-24.4375,10.52786,12.029,21.47,2,0.09526459,0.9997062,0.03290247,15.14444,1.883961,8.038614,pu,X021220_142_2
012,X021221,-11.84375,12.56,21.43966,42.365,5,0.2507005,0.9876616,0.003231492,12.08123,2.265709,5.332206,12m,X021221_012_5
012,X021221,-11.84375,12.56,21.43966,42.365,6,0.7277189,0.9876616,0.001175088,10.2861,4.584457,2.24369,12m,X021221_012_6
014,X021221,-14.25,9.132,20.5815,42.3,3,3.34332,0.9682726,0.04994125,8.831273,2.754282,3.206379,11ml,X021221_014_3
015,X021221,-15.6875,7.824,20.481,42,5,0.3075552,0.9576969,0.005287896,22.09696,8.854207,2.495645,11ml,X021221_015_5
021,X021221,-14.5,11.60605,19.63035,41.2,3,1.501897,0.9876616,0.0199765,7.746136,1.338629,5.786618,11ml,X021221_021_3
030,X021221,-14.59375,11.95464,19.801,39.84,3,2.38022,0.979436,0.04171563,6.553564,1.604454,4.084606,13l,X021221_030_3
030,X021221,-14.59375,11.95464,19.801,39.84,4,2.418451,0.979436,0.0220329,5.959354,1.203397,4.952109,13l,X021221_030_4
037,X021221,-11.46875,16.01495,20.303,39.088,4,0.2489746,0.9970623,0.004112808,15.79952,2.189873,7.21481,12o,X021221_037_4
037,X021221,-11.46875,16.01495,20.303,39.088,5,3.961106,0.9632785,0.01821387,6.846177,2.290493,2.988953,12o,X021221_037_5
047,X021221,-13.03125,16.34317,18.93618,37.863,3,5.8882,0.9947121,0.02027027,9.802018,1.379068,7.107714,12o,X021221_047_3
048,X021221,-15.0625,15.33744,18.30476,37.668,4,10.16987,0.9726792,0.04612221,7.02551,1.570557,4.473261,12o,X021221_048_4
049,X021221,-16.34375,14.3946,17.8376,37.638,4,8.952438,0.9606345,0.09077556,7.193527,1.605481,4.480606,13l,X021221_049_4
049,X021221,-16.34375,14.3946,17.8376,37.638,5,5.999558,0.979436,0.004406581,8.799778,1.348397,6.526102,13l,X021221_049_5
050,X021221,-17.59375,11.57415,17.73375,36.563,4,0.2690856,0.9985312,0,13.56165,1.911206,7.09586,13l,X021221_050_4
051,X021221,-20.03125,10.22132,16.4078,36.408,4,1.789749,0.989718,0.01175088,7.886322,1.557038,5.064952,13l,X021221_051_4
053,X021221,-22.53125,7.23636,15.93392,35.828,3,1.337615,0.9914806,0.006462985,5.899496,1.863599,3.165647,13m,X021221_053_3
058,X021221,-16.9375,15.03786,16.15048,36.848,3,2.978663,0.9515276,0.01850764,7.895902,1.871839,4.218259,12o,X021221_058_3
058,X021221,-16.9375,15.03786,16.15048,36.848,4,1.818113,0.9515276,0.008519389,11.1391,1.761877,6.32229,12o,X021221_058_4
060,X021221,-17.84375,12.68076,17.73482,35.848,3,1.937741,0.9952996,0.00293772,7.382145,1.272002,5.803565,AI,X021221_060_3
061,X021221,-18.53125,11.25068,18.27808,35.258,2,9.151749,0.9203878,0.02820211,5.023985,1.113101,4.513504,AI,X021221_061_2
063,X021221,-24.3125,8.65384,13.9673,35.318,2,2.637038,0.993537,0.03407755,8.627967,1.912562,4.511209,13l,X021221_063_2
068,X021221,-18.21875,16.88205,13.28872,36.058,3,0.3540497,0.9450646,0.007344301,15.41817,2.212316,6.969244,12o,X021221_068_3
070,X021221,-19.1875,13.85117,15.32011,35.153,2,2.292737,0.9968867,0.004406581,14.09017,1.628099,8.654368,AI,X021221_070_2
071,X021221,-19.84375,12.03809,15.84858,34.223,3,3.113529,0.9958872,0.003231492,8.567473,1.285957,6.66233,AI,X021221_071_3
071,X021221,-19.84375,12.03809,15.84858,34.223,4,0.358953,0.9850176,0.01086957,11.91096,1.852217,6.430652,AI,X021221_071_4
077,X021221,-14.96875,19.79358,13.31611,35.933,3,0.2866661,0.989899,0.008225617,12.94843,1.628569,7.950806,12o,X021221_077_3
079,X021221,-19.34375,17.06286,12.15124,34.758,4,0.2671823,0.9838626,0.01410106,22.75151,6.540911,3.47834,12o,X021221_079_4
080,X021221,-19.15625,15.4464,13.927,34.188,2,5.267694,0.9844301,0.07050529,7.315844,1.252743,5.839861,12o,X021221_080_2
082,X021221,-22.15625,11.58728,13.79594,32.933,2,2.488686,0.9917744,0.03819036,7.731138,2.330832,3.316901,AI,X021221_082_2
087,X021221,-22.71875,5.07806,16.49665,31.353,2,0.2902523,0.989718,0,13.97625,1.73158,8.071384,cd,X021221_087_2
093,X021221,-20.09375,13.99136,14.48362,32.898,3,6.431664,0.9800235,0.0273208,5.525999,2.368592,2.333031,AI,X021221_093_3
109,X021221,-16.53125,7.33854,21.40863,27.294,3,0.5774034,0.9955934,0.003819037,13.96626,1.944231,7.183438,cd,X021221_109_3
109,X021221,-16.53125,7.33854,21.40863,27.294,4,1.276596,0.9994125,0.0005875441,27.43845,3.701523,7.412745,cd,X021221_109_4
110,X021221,-21.125,6.5243,17.61658,29.059,5,1.556442,1,0.001762632,17.5029,2.326785,7.522351,pu,X021221_110_5
111,X021221,-21.15625,5.9333,18.0012,28.042,5,0.742108,0.9988249,0.01175088,10.73334,2.687265,3.99415,cd,X021221_111_5
112,X021221,-22.15625,4.26352,17.25671,27.971,4,3.478919,0.9976498,0.007638073,10.8647,1.656618,6.558361,cd,X021221_112_4
128,X021221,-29.90625,13.22754,4.75629,23.924,2,12.68492,0.9306698,0.1304348,5.565388,1.267996,4.389122,AMG,X021221_128_2
128,X021221,-29.90625,13.22754,4.75629,23.924,9,0.3704964,0.9876616,0.0005875441,10.45954,2.350371,4.450166,AMG,X021221_128_9
135,X021221,-20.09375,4.30844,19.00016,25.153,3,4.23003,0.9762045,0.01204465,8.941039,2.277331,3.926105,cd,X021221_135_3
138,X021221,-30.78125,14.5714,3.03974,22.136,3,9.077809,0.9726792,0.02027027,6.19194,1.353011,4.576416,AMG,X021221_138_3
138,X021221,-30.78125,14.5714,3.03974,22.136,4,1.417076,0.9785547,0.01321974,11.99076,2.340132,5.123965,AMG,X021221_138_4
144,X021221,-20.875,8.12194,17.4143,21.15838,2,0.3246497,0.9991187,0.003819037,14.1624,3.341153,4.238775,cd,X021221_144_2
145,X021221,-19.78125,6.67828,18.6821,20.843,4,0.2881098,0.9958872,0.0005875441,9.149653,1.712998,5.34131,cd,X021221_145_4
146,X021221,-18.875,5.70305,19.89025,21.213,3,1.963712,0.9976498,0.01615746,13.52374,1.561449,8.661016,cd,X021221_146_3
156,X021221,-20.34375,8.165,18.746,19.53,3,5.661455,0.9544653,0.04553467,5.794629,4.78924,1.209927,cd,X021221_156_3
007,X021320,-11.5625,7.59329,23.56778,42.91,3,4.931496,0.9947121,0.02761457,9.646235,1.713032,5.63109,46v,X021320_007_3
008,X021320,-12.75,6.05165,23.3324,42.655,4,0.6339566,0.9938308,0.06139835,11.47086,2.279309,5.032602,46v,X021320_008_4
013,X021320,-10.125,10.68,23.89398,42.095,2,8.465457,0.9905993,0.03525265,7.483467,1.483551,5.044293,46v,X021320_013_2
015,X021320,-12.15625,7.8508,23.496,41.6,1,8.565078,0.9811986,0.01792009,9.206259,1.786338,5.153704,46v,X021320_015_1
023,X021320,-13.28125,8.60356,22.57796,40.2,3,7.307926,0.9879553,0.03143361,8.544368,1.510795,5.655545,46v,X021320_023_3
027,X021320,-8.125,15.89326,22.21508,40.49,3,1.58822,0.9873678,0.05581669,8.568592,1.564835,5.475716,12l,X021320_027_3
031,X021320,-13.59375,10.40724,21.59332,39.3,2,5.239778,0.9932432,0.008225617,11.28617,1.98624,5.682178,46v,X021320_031_2
045,X021320,-9.21875,19.0372,19.0917,38.288,3,0.6696507,0.9632785,0.0008813161,13.70036,2.359358,5.806816,12o,X021320_045_3
055,X021320,-11.34375,19.1425,17.37,37.763,3,5.28085,0.9861927,0.04289072,10.16676,1.480726,6.86606,12l,X021320_055_3
066,X021320,-11.25,19.52407,17.10685,36.278,2,0.3176614,0.9488837,0.007344301,15.69517,2.155896,7.280112,12l,X021320_066_2
078,X021320,-14.78125,18.72551,14.85392,35.303,3,0.4678721,0.995925,0.002056404,13.24511,1.764882,7.504813,12o,X021320_078_3
081,X021320,-18.875,13.93832,15.70608,33.608,2,4.454436,0.9744418,0.02438308,5.314771,1.729406,3.073178,AI,X021320_081_2
086,X021320,-15.8125,6.36356,23.00376,30.728,3,24.40479,0.9344888,0.1621622,6.644963,1.443566,4.60316,8B,X021320_086_3
088,X021320,-17.6875,3.39156,21.67948,30.408,5,3.066959,0.9891304,0.04142186,6.15877,1.085494,5.673704,cd,X021320_088_5
088,X021320,-17.6875,3.39156,21.67948,30.408,6,4.960538,1,0.1166275,12.45511,1.375521,9.054825,cd,X021320_088_6
091,X021320,-13.1875,16.72048,18.27362,32.818,3,2.42668,0.9982374,0.009988249,14.4131,1.740877,8.279218,6VaVb,X021320_091_3
096,X021320,-14.8125,8.7279,22.80856,29.848,1,36.36209,0.9994125,0.03378378,10.83588,1.111263,9.750961,8B,X021320_096_1
097,X021320,-17,7.71802,21.20614,29.748,4,0.1265976,0.9988249,0.001175088,14.76831,1.853727,7.966821,cd,X021320_097_4
101,X021320,-12,20.34804,16.30098,32.198,2,0.2579719,0.9803173,0.0005875441,23.87909,2.87753,8.298469,6VaVb,X021320_101_2
101,X021320,-12,20.34804,16.30098,32.198,3,2.989258,0.9835488,0.001762632,13.61124,1.747892,7.787234,6VaVb,X021320_101_3
103,X021320,-15.8125,16.06914,15.95449,32.493,3,1.430525,0.979436,0.004700352,13.97211,1.929594,7.240956,44,X021320_103_3
104,X021320,-15.125,14.63849,18.40645,31.438,4,0.3219599,0.9908931,0,21.42008,2.462948,8.696929,45,X021320_104_4
104,X021320,-15.125,14.63849,18.40645,31.438,5,1.332295,0.9929495,0.006756757,13.74158,1.680866,8.175295,45,X021320_104_5
106,X021320,-15.875,12.57054,19.39828,26.069,2,0.8787025,0.9224442,0.00146886,12.69713,1.754749,7.235867,pu,X021320_106_2
106,X021320,-15.875,12.57054,19.39828,26.069,6,0.3419949,0.9835488,0.00293772,10.79678,2.444126,4.41744,pu,X021320_106_6
107,X021320,-17.125,11.123,19.2702,25.77,3,1.172123,0.9958872,0.01057579,16.06698,1.810526,8.87421,pu,X021320_107_3
109,X021320,-15.5625,7.34892,22.37124,27.189,3,9.550522,1,0.000293772,14.96323,1.869254,8.004923,cd,X021320_109_3
113,X021320,-18.15625,2.7362,21.568,27.611,3,3.4569,0.985899,0.02878966,7.086473,1.858534,3.812938,cd,X021320_113_3
117,X021320,-21.5,13.77741,13.09829,25.322,4,0.242406,0.9932432,0.009106933,10.38725,3.222042,3.22381,pu,X021320_117_4
118,X021320,-21.3125,12.527,14.042,25.322,3,1.334796,0.9982374,0.006756757,8.435575,2.400736,3.513746,pu,X021320_118_3
121,X021320,-21.0625,8.6195,16.3715,24.455,3,13.66837,0.9809048,0.1859577,6.9401,2.085936,3.327091,pu,X021320_121_3
131,X021320,-23.1875,10.22301,13.47113,23.252,1,0.2392029,0.9950058,0.004700352,16.42729,2.148249,7.646831,pu,X021320_131_1
141,X021320,-25.5,11.711,10.65755,21.77,3,0.6309093,0.9941245,0.01938896,8.515226,3.041669,2.799525,pu,X021320_141_3
157,X021320,-21.0625,6.827,18.4115,19.53,3,1.164563,0.9920682,0.04465335,9.039284,2.648446,3.413052,cd,X021320_157_3
011,X021420,-9.6875,13.449,22.54403,42.39,3,5.919683,0.9494712,0.0945946,6.360532,2.027423,3.13725,12m,X021420_011_3
012,X021420,-10.78125,12.56,22.46958,42.245,3,2.998314,0.9697415,0.06668625,6.89305,1.711243,4.028096,12m,X021420_012_3
012,X021420,-10.78125,12.56,22.46958,42.245,4,0.08886624,0.9982374,0.00293772,17.67411,2.044328,8.645436,12m,X021420_012_4
019,X021420,-8.8125,14.61259,23.44475,41.18,3,2.237436,0.9867803,0.05111633,6.977562,1.58718,4.396202,12m,X021420_019_3
022,X021420,-12.25,10.05742,22.84792,40.48,1,0.6117553,0.9756169,0.009694478,11.22744,1.567245,7.163806,46v,X021420_022_1
036,X021420,-9.28125,17.48725,20.291,39.513,2,3.795029,0.9908931,0.03113984,9.116076,1.415663,6.439438,12o,X021420_036_2
037,X021420,-10.71875,15.9916,20.969,38.988,3,4.429118,0.9753231,0.157168,8.010558,1.563056,5.124932,12o,X021420_037_3
037,X021420,-10.71875,15.9916,20.969,38.988,4,1.277087,0.9809048,0.02144536,12.09168,1.802725,6.707446,12o,X021420_037_4
045,X021420,-9.28125,19.0372,19.0917,38.288,2,8.722204,0.9882491,0.003819037,9.689001,2.109141,4.593814,12o,X021420_045_2
047,X021420,-11.90625,16.29956,20.08124,37.688,3,1.479215,0.9888366,0.03848414,6.789498,1.981881,3.425786,12o,X021420_047_3
052,X021420,-20.03125,8.67578,17.4929,35.968,2,14.95223,0.9847239,0.1289659,6.566392,1.253141,5.239945,13l,X021420_052_2
054,X021420,-21.5,5.76276,17.09903,35.443,1,11.80812,0.9947121,0.01175088,8.05534,1.647913,4.888206,13m,X021420_054_1
057,X021420,-14.03125,16.4556,17.74688,36.928,3,0.7495497,0.9952996,0.01145711,9.600787,2.396171,4.006721,12o,X021420_057_3
077,X021420,-12.125,19.75614,15.99563,35.373,3,0.258402,0.9994125,0.0005875441,15.39791,1.990856,7.734315,12l,X021420_077_3
078,X021420,-14.78125,18.72551,14.85392,35.303,4,8.290151,0.9791422,0.07168037,8.125529,1.288018,6.308553,12o,X021420_078_4
078,X021420,-14.78125,18.72551,14.85392,35.303,5,0.1903102,0.979436,0.02056404,10.98365,1.909373,5.752492,12o,X021420_078_5
079,X021420,-16.5,16.9881,14.9554,34.338,3,13.30108,0.9588719,0.07990599,7.109663,1.538011,4.622634,12o,X021420_079_3
080,X021420,-17.9375,15.423,15.111,34.013,3,1.634903,0.9920682,0.01909518,8.012691,1.546166,5.182297,AI,X021420_080_3
085,X021420,-17.53125,7.67629,20.52635,31.328,3,3.213493,0.9770858,0.06286722,6.85305,1.690349,4.054222,cd,X021420_085_3
086,X021420,-15.875,6.36356,23.00376,30.728,2,20.3165,0.96651,0.07990599,7.559077,1.483798,5.094411,8B,X021420_086_2
088,X021420,-17.75,3.39156,21.67948,30.408,5,0.2697543,0.9988249,0.004994125,18.78673,2.602663,7.218272,cd,X021420_088_5
089,X021420,-12.875,20.11575,15.11125,33.638,1,34.312,0.9950058,0.01968273,6.976251,1.358926,5.13365,6VaVb,X021420_089_1
089,X021420,-12.875,20.11575,15.11125,33.638,5,4.171955,0.9856052,0.04230317,8.189248,1.43515,5.706195,6VaVb,X021420_089_5
096,X021420,-14.9375,8.724,22.511,29.888,3,1.600713,0.9882491,0.1048766,8.935923,1.215186,7.353541,8B,X021420_096_3
096,X021420,-14.9375,8.724,22.511,29.888,4,0.1368715,0.9606345,0.02173913,12.95571,1.768204,7.327045,8B,X021420_096_4
097,X021420,-17.125,7.7188,20.9226,29.788,3,2.334723,0.9929495,0.02585194,8.439528,1.62437,5.195569,cd,X021420_097_3
103,X021420,-15.9375,16.0652,15.7297,32.538,3,4.685079,0.9603408,0.006462985,10.20853,1.898757,5.376426,44,X021420_103_3
104,X021420,-15.25,14.63158,18.1649,31.488,3,0.07531995,0.9973561,0.004406581,12.70467,1.450687,8.757696,45,X021420_104_3
104,X021420,-15.25,14.63158,18.1649,31.488,4,1.278638,0.9894242,0,19.39742,1.822436,10.64368,45,X021420_104_4
104,X021420,-15.25,14.63158,18.1649,31.488,5,0.3320234,0.9894242,0.003819037,13.8633,1.740502,7.965112,45,X021420_104_5
107,X021420,-17.25,11.12555,18.84748,25.78,3,3.766676,0.956228,0.06991775,8.621151,1.398051,6.166551,pu,X021420_107_3
107,X021420,-17.25,11.12555,18.84748,25.78,4,3.418456,0.956228,0.002350176,10.98763,1.610874,6.820914,pu,X021420_107_4
107,X021420,-17.25,11.12555,18.84748,25.78,5,1.14567,0.9988249,0.00293772,19.23085,1.926821,9.980612,pu,X021420_107_5
117,X021420,-21.625,13.77741,13.09829,25.322,4,3.324406,0.9856052,0.009400705,4.974225,1.426401,3.487257,pu,X021420_117_4
125,X021420,-21.1875,2.58166,18.5864,26.723,3,1.119715,0.9861927,0.004406581,5.518959,1.398747,3.945644,cd,X021420_125_3
157,X021420,-21.1875,6.827,18.4115,19.53,3,1.025974,0.9905993,0.004406581,8.812776,2.388934,3.688999,cd,X021420_157_3
004,X021721,-9.75,11.47972,23.21212,43.385,5,1.887616,0.9788484,0.008519389,9.560677,1.819548,5.254424,12r,X021721_004_5
004,X021721,-9.75,11.47972,23.21212,43.385,7,1.049432,0.9788484,0.004700352,14.34298,1.935658,7.409871,12r,X021721_004_7
007,X021721,-15.09375,7.5389,20.0738,43.33,1,4.457375,0.9776734,0.04171563,9.861588,1.810083,5.448141,11ml,X021721_007_1
011,X021721,-8.90625,13.463,23.30514,42.32,4,3.452563,0.9988249,0.001175088,17.51271,1.552037,11.28369,12r,X021721_011_4
012,X021721,-11.875,12.56,21.31092,42.38,6,1.045783,0.9488837,0.002350176,9.5575,2.927145,3.265127,12m,X021721_012_6
012,X021721,-11.875,12.56,21.31092,42.38,7,0.5067698,0.9488837,0,12.96153,2.35083,5.513596,12m,X021721_012_7
013,X021721,-13.34375,10.634,20.70296,42.44,2,0.1611752,0.9896158,0.009694478,16.01103,3.903715,4.101486,11ml,X021721_013_2
015,X021721,-15.71875,7.824,20.481,42,3,0.4009674,1,0.006462985,19.16313,1.862063,10.29134,11ml,X021721_015_3
021,X021721,-14.5,11.60605,19.63035,41.2,2,2.59069,0.9747356,0.01645123,8.500214,2.950354,2.881083,11ml,X021721_021_2
021,X021721,-14.5,11.60605,19.63035,41.2,4,0.15425,0.9873678,0.002350176,17.5859,2.587575,6.796286,11ml,X021721_021_4
034,X021721,-19.3125,5.96693,18.18987,38.87,4,5.931695,0.9914806,0.003525264,9.995684,1.531648,6.526096,13m,X021721_034_4
038,X021721,-11.28125,14.39941,21.80651,38.563,3,2.82143,0.9764982,0.07079906,8.825732,2.656648,3.322131,13l,X021721_038_3
039,X021721,-14.71875,12.95447,19.43885,38.163,2,1.094263,0.9903055,0.007344301,12.35707,2.277947,5.424651,13l,X021721_039_2
040,X021721,-16.65625,11.51882,18.6645,37.938,3,1.00363,0.993722,0.001175088,15.07691,1.772709,8.505012,13l,X021721_040_3
044,X021721,-21.96875,5.5941,16.56316,36.968,6,1.65752,0.9791422,0.06962397,8.406908,1.585356,5.302851,13m,X021721_044_6
044,X021721,-21.96875,5.5941,16.56316,36.968,7,0.09097959,0.9911869,0.008519389,13.67108,1.70511,8.017711,13m,X021721_044_7
047,X021721,-13.0625,16.34317,18.93618,37.863,2,3.135583,0.9876616,0.002643948,13.00124,1.525834,8.520748,12o,X021721_047_2
047,X021721,-13.0625,16.34317,18.93618,37.863,3,0.1286567,0.9985312,0.001762632,32.95243,3.15886,10.43175,12o,X021721_047_3
054,X021721,-24.15625,5.85384,14.46302,35.758,1,3.061806,0.9668038,0.05875441,7.998593,2.327946,3.435902,13m,X021721_054_1
056,X021721,-13.71875,17.643,16.5446,37.388,1,11.00201,0.9967685,0,10.00722,1.345981,7.434888,12l,X021721_056_1
056,X021721,-13.71875,17.643,16.5446,37.388,7,2.834428,0.9923619,0.009106933,13.9022,1.392082,9.986629,12l,X021721_056_7
058,X021721,-16.9375,15.03786,16.15048,36.848,2,2.482248,0.9315511,0.02702703,8.064265,1.728109,4.666527,12o,X021721_058_2
062,X021721,-21.90625,9.9578,15.81848,35.398,5,5.740353,0.985899,0.039953,9.001545,1.663609,5.410855,13l,X021721_062_5
066,X021721,-14.4375,19.59409,13.93795,36.818,2,2.022102,0.9823737,0.007050529,8.719079,2.149899,4.055577,12o,X021721_066_2
067,X021721,-17.03125,18.03995,13.02745,36.438,4,0.07496621,0.9970623,0.004112808,13.33684,2.590115,5.14913,12o,X021721_067_4
070,X021721,-19.1875,13.85117,15.32011,35.153,2,2.493646,0.9867803,0.02408931,8.455828,1.413289,5.983083,AI,X021721_070_2
070,X021721,-19.1875,13.85117,15.32011,35.153,4,10.90396,0.976792,0.02027027,5.645854,1.127467,5.007556,AI,X021721_070_4
071,X021721,-19.875,12.03809,15.84858,34.223,3,0.45071,0.9215629,0.008519389,13.14647,1.807426,7.273588,AI,X021721_071_3
079,X021721,-19.375,17.06286,12.15124,34.758,2,9.65672,0.9759107,0.05434782,7.177884,2.189152,3.278842,12o,X021721_079_2
082,X021721,-22.21875,11.58728,13.79594,32.933,5,0.2673478,0.9938308,0.009106933,12.14891,2.426426,5.006914,AI,X021721_082_5
098,X021721,-22.09375,6.30276,16.57863,30.083,1,37.86887,0.9086369,0.1210341,5.070039,1.475538,3.436061,pu,X021721_098_1
103,X021721,-19.90625,15.99822,11.90827,33.303,2,1.668722,0.9850176,0.007050529,11.05804,1.761934,6.276081,AI,X021721_103_2
103,X021721,-19.90625,15.99822,11.90827,33.303,7,0.4187836,0.9850176,0.002643948,17.31715,2.073652,8.351041,AI,X021721_103_7
108,X021721,-17.96875,8.28798,19.30778,28.529,4,16.22412,1,0.006169213,9.114024,1.519684,5.997314,pu,X021721_108_4
109,X021721,-16.5625,7.33854,21.40863,27.294,3,1.864473,0.9488837,0,9.828233,1.565446,6.278233,cd,X021721_109_3
109,X021721,-16.5625,7.33854,21.40863,27.294,4,5.572385,0.9488837,0.01762632,6.683556,1.512479,4.418941,cd,X021721_109_4
112,X021721,-22.3125,4.2716,16.9393,28.011,3,0.06256251,1,0.00293772,14.97606,1.959283,7.643639,cd,X021721_112_3
119,X021721,-34.8125,11.1,1.3134,25.294,2,8.675795,0.993537,0.01909518,9.182884,1.376808,6.66969,AMG,X021721_119_2
120,X021721,-35.78125,9.47911,0.964359999999999,25.714,3,14.08158,0.9353701,0.03437133,5.712781,1.321596,4.322638,AMG,X021721_120_3
122,X021721,-22.15625,7.5531,15.6952,23.961,3,23.38317,0.9738543,0.1648061,6.960256,1.019658,6.826066,pu,X021721_122_3
130,X021721,-34.375,11.112,1.57772,23.488,3,0.3782323,0.9864865,0.001175088,24.94614,3.908851,6.381963,AMG,X021721_130_3
130,X021721,-34.375,11.112,1.57772,23.488,4,1.080885,0.9920682,0.002056404,8.523327,1.960285,4.348003,AMG,X021721_130_4
135,X021721,-20.1875,4.30844,19.00016,25.153,3,7.813925,0.9803173,0.09988249,7.876942,1.676357,4.698845,cd,X021721_135_3
138,X021721,-30.8125,14.5714,3.03974,22.136,5,0.4997773,1,0,14.82597,1.905905,7.778966,AMG,X021721_138_5
142,X021721,-35.59375,10.59728,1.07,21.86,3,0.4391752,0.9955934,0.002643948,12.79575,1.571073,8.14459,AMG,X021721_142_3
143,X021721,-30.78125,9.63186,6.19258,22.16,3,0.1731488,1,0,20.54157,2.733303,7.515293,AMG,X021721_143_3
156,X021721,-20.4375,8.165,18.746,19.53,1,5.421273,0.9747356,0.0146886,12.01074,1.808594,6.640929,cd,X021721_156_1
012,X021820,-10.78125,12.56,22.46958,42.245,2,12.47475,0.9917744,0.06521739,7.194407,1.189619,6.047655,12m,X021820_012_2
012,X021820,-10.78125,12.56,22.46958,42.245,3,0.5077975,0.980611,0.06316099,8.349275,1.345913,6.203426,12m,X021820_012_3
012,X021820,-10.78125,12.56,22.46958,42.245,4,0.05757757,0.9917744,0.01028202,13.30369,3.910684,3.401884,12m,X021820_012_4
016,X021820,-13.25,6.3299,23.189,41.25,3,2.74457,0.9988249,0.004406581,15.33887,1.998594,7.674829,46df,X021820_016_3
018,X021820,-7.625,15.34155,23.2761,41.475,3,5.215603,0.987074,0.03231492,7.892016,2.096194,3.764926,12m,X021820_018_3
019,X021820,-8.8125,14.61259,23.44475,41.18,3,0.6984726,0.996181,0.002056404,9.377764,3.053686,3.070965,12m,X021820_019_3
029,X021820,-11.09375,13.95857,21.94761,39.92,3,2.684719,0.9553466,0.056698,6.798709,3.229451,2.105221,12m,X021820_029_3
038,X021820,-11.9375,14.4181,21.3041,38.638,3,0.6423031,0.9864865,0.11604,7.123554,1.623153,4.388712,13l,X021820_038_3
040,X021820,-13.5625,11.41367,21.69075,37.563,3,0.8501592,0.9973561,0.003525264,12.96559,1.969629,6.582757,46v,X021820_040_3
040,X021820,-13.5625,11.41367,21.69075,37.563,4,0.3865661,0.9911869,0,12.77654,2.063416,6.191938,46v,X021820_040_4
040,X021820,-13.5625,11.41367,21.69075,37.563,5,0.1561769,0.9911869,0.00146886,17.26617,2.408478,7.168914,46v,X021820_040_5
068,X021820,-16.40625,16.833,15.1114,35.788,3,1.603217,0.9747356,0.03143361,8.005154,3.136845,2.551976,12o,X021820_068_3
079,X021820,-16.5625,16.9881,14.9554,34.338,1,3.95694,0.987074,0.03025852,10.94699,1.783436,6.138145,12o,X021820_079_1
086,X021820,-15.875,6.36356,23.00376,30.728,2,7.276562,0.9785547,0.0440658,6.338346,1.045502,6.062488,8B,X021820_086_2
086,X021820,-15.875,6.36356,23.00376,30.728,4,10.98261,0.9873678,0.02085781,8.787099,1.786377,4.91895,8B,X021820_086_4
091,X021820,-13.375,16.72048,18.27362,32.818,3,2.096764,0.9908931,0.002350176,17.47084,1.854946,9.41852,6VaVb,X021820_091_3
091,X021820,-13.375,16.72048,18.27362,32.818,4,1.775681,0.9958872,0.008225617,14.32213,1.574406,9.096846,6VaVb,X021820_091_4
091,X021820,-13.375,16.72048,18.27362,32.818,6,1.100671,0.990423,0.006756757,13.88951,1.652202,8.406662,6VaVb,X021820_091_6
096,X021820,-14.9375,8.724,22.511,29.888,3,1.558082,0.9951392,0.02585194,12.68846,1.627002,7.798674,8B,X021820_096_3
096,X021820,-14.9375,8.724,22.511,29.888,5,0.1869731,0.9985312,0.001762632,15.65425,2.126406,7.361838,8B,X021820_096_5
097,X021820,-17.25,7.7188,20.9226,29.788,3,2.092057,0.9982374,0.001762632,16.47459,2.020706,8.152889,cd,X021820_097_3
098,X021820,-17,6.2778,21.51415,29.363,2,25.1509,0.9485899,0.157168,6.727582,1.412969,4.761309,cd,X021820_098_2
101,X021820,-12.25,20.35592,15.94604,32.268,3,4.120727,0.9759107,0.0005875441,13.91083,2.410114,5.771855,6VaVb,X021820_101_3
101,X021820,-12.25,20.35592,15.94604,32.268,4,0.3572063,0.9644536,0.001762632,20.69549,2.058776,10.05233,6VaVb,X021820_101_4
103,X021820,-15.9375,16.0652,15.7297,32.538,2,1.603391,0.9900118,0.02144536,11.24029,1.398568,8.037001,44,X021820_103_2
104,X021820,-15.25,14.63158,18.1649,31.488,3,0.8292302,0.9641598,0.003231492,12.33531,2.115799,5.830096,45,X021820_104_3
104,X021820,-15.25,14.63158,18.1649,31.488,4,1.889795,0.9641598,0.006462985,12.25052,1.562617,7.839745,45,X021820_104_4
106,X021820,-16.125,12.57054,19.39828,26.069,3,1.260899,0.9973561,0.001175088,14.04237,1.772869,7.920705,pu,X021820_106_3
107,X021820,-17.25,11.12555,18.84748,25.78,3,4.753494,0.9853114,0.04318449,11.1738,1.591856,7.019354,pu,X021820_107_3
111,X021820,-18.75,5.85018,20.39272,27.682,1,2.006495,1,0,15.4846,2.798248,5.533676,cd,X021820_111_1
117,X021820,-21.75,13.7744,12.7346,25.332,3,13.77282,0.9685664,0.03936545,6.377264,1.087875,5.86213,pu,X021820_117_3
142,X021820,-25.1875,10.5332,11.186,21.5,3,0.9269874,0.993537,0.07050529,8.869625,1.414638,6.269889,pu,X021820_142_3
011,X021821,-8.90625,13.463,23.30514,42.32,2,3.03017,0.985899,0.006169213,15.95095,1.855991,8.594303,12r,X021821_011_2
011,X021821,-8.90625,13.463,23.30514,42.32,6,0.2662747,0.985899,0.0346651,10.57708,2.112135,5.007769,12r,X021821_011_6
012,X021821,-11.875,12.56,21.31092,42.38,4,0.5158772,0.9579906,0.00293772,12.53341,1.90248,6.58793,12m,X021821_012_4
012,X021821,-11.875,12.56,21.31092,42.38,5,0.9923939,0.9579906,0.009988249,9.235601,2.705557,3.413568,12m,X021821_012_5
013,X021821,-13.375,10.634,20.70296,42.44,6,0.2024666,1,0.00146886,18.61508,2.416324,7.703883,11ml,X021821_013_6
015,X021821,-15.75,7.824,20.481,42,3,0.4391623,0.9929495,0.008519389,12.22275,2.660668,4.593867,11ml,X021821_015_3
015,X021821,-15.75,7.824,20.481,42,4,0.4689492,0.9979436,0,32.65215,5.056811,6.457062,11ml,X021821_015_4
020,X021821,-11,13.605,22.1127,41.26,6,1.672907,0.9891304,0.05170388,8.375085,2.124117,3.942855,12m,X021821_020_6
023,X021821,-16.125,8.61294,19.85104,40.55,2,4.216514,0.9541715,0.1465922,7.110548,1.731717,4.106068,11ml,X021821_023_2
028,X021821,-9.15625,15.043,22.80498,40.11,5,3.860471,0.9835488,0.07344301,7.12498,1.179238,6.042021,12l,X021821_028_5
030,X021821,-14.625,11.95531,19.64425,39.86,3,0.2679462,0.9386017,0,37.09704,2.49955,14.84149,13l,X021821_030_3
037,X021821,-11.53125,16.01962,20.1698,39.108,3,0.1443097,0.9905993,0.002643948,14.16293,2.315697,6.116056,12o,X021821_037_3
047,X021821,-13.09375,16.34317,18.93618,37.863,1,4.817194,0.9932432,0.005287896,7.045284,1.242653,5.66955,12o,X021821_047_1
047,X021821,-13.09375,16.34317,18.93618,37.863,5,0.6858359,0.9148061,0.003819037,8.502964,1.310555,6.488064,12o,X021821_047_5
047,X021821,-13.09375,16.34317,18.93618,37.863,9,3.772581,0.9662162,0.001762632,14.39062,2.255276,6.380867,12o,X021821_047_9
048,X021821,-15.125,15.34913,18.11002,37.698,6,11.75974,0.9694477,0.1022327,6.859759,2.22159,3.08777,12o,X021821_048_6
050,X021821,-17.625,11.57415,17.73375,36.563,1,1.184866,0.9518214,0.02614571,9.814015,1.381082,7.106033,13l,X021821_050_1
050,X021821,-17.625,11.57415,17.73375,36.563,5,0.467083,0.9518214,0.003819037,14.33171,1.507123,9.509316,13l,X021821_050_5
054,X021821,-24.1875,5.85384,14.46302,35.758,5,0.4770536,0.9955934,0.005875441,11.41065,2.869716,3.976229,13m,X021821_054_5
056,X021821,-13.75,17.643,16.5446,37.388,2,8.978759,1,0.003231492,11.75242,1.44309,8.143925,12l,X021821_056_2
058,X021821,-16.96875,15.03786,16.15048,36.848,3,2.206652,0.9926557,0.007931845,10.06575,1.872344,5.376016,12o,X021821_058_3
060,X021821,-17.90625,12.68076,17.73482,35.848,3,2.053694,0.9938308,0.01086957,10.75316,1.433014,7.503877,AI,X021821_060_3
061,X021821,-18.625,11.25068,18.27808,35.258,4,10.26307,0.9638661,0.1222092,7.591971,2.126447,3.570262,AI,X021821_061_4
062,X021821,-21.90625,9.9578,15.81848,35.398,2,0.5756037,0.9847239,0.04759107,8.047466,1.556643,5.169756,13l,X021821_062_2
064,X021821,-24.8125,7.0414,14.1608,34.988,2,3.078993,0.9876616,0.01116334,7.53571,1.180779,6.381984,13m,X021821_064_2
067,X021821,-17.0625,18.03995,13.02745,36.438,4,0.1237035,0.9942797,0.0005875441,15.08557,2.982847,5.057441,12o,X021821_067_4
070,X021821,-19.21875,13.85117,15.32011,35.153,2,2.907586,0.9615158,0.04289072,7.628374,1.907816,3.998486,AI,X021821_070_2
070,X021821,-19.21875,13.85117,15.32011,35.153,3,16.6404,0.9941245,0.009694478,6.643736,1.300787,5.107475,AI,X021821_070_3
071,X021821,-19.90625,12.03809,15.84858,34.223,5,0.4762546,0.9955934,0.001175088,13.44608,2.396949,5.609664,AI,X021821_071_5
073,X021821,-23.46875,10.00756,14.18226,34.178,6,0.05670626,0.9967685,0.01968273,12.11851,1.299777,9.323533,AI,X021821_073_6
079,X021821,-19.40625,17.06286,12.15124,34.758,7,7.72074,0.9312574,0.006169213,8.401541,1.259204,6.672105,12o,X021821_079_7
082,X021821,-22.25,11.58728,13.79594,32.933,3,1.153724,0.769389,0.08754407,7.298182,1.489249,4.900578,AI,X021821_082_3
083,X021821,-24.21875,10.165,12.6534,32.788,5,3.763537,0.9615158,0.0420094,7.049625,1.874152,3.761501,AI,X021821_083_5
087,X021821,-22.78125,5.07806,16.49665,31.353,3,7.888371,0.9424207,0.07608695,5.862201,1.274821,4.598449,cd,X021821_087_3
097,X021821,-19.75,7.72582,18.37074,30.148,1,4.454724,0.9982374,0.0005875441,8.303537,1.415636,5.865589,pu,X021821_097_1
098,X021821,-22.125,6.30276,16.57863,30.083,1,4.08025,0.9973561,0.002350176,6.988807,1.320786,5.2914,pu,X021821_098_1
103,X021821,-19.9375,15.99822,11.90827,33.303,3,8.387197,0.9668038,0.1078143,7.962456,2.387394,3.335208,AI,X021821_103_3
109,X021821,-16.625,7.33508,21.08776,27.329,3,0.3399658,0.9955934,0.001175088,17.59017,2.171886,8.09903,cd,X021821_109_3
110,X021821,-21.34375,6.5266,17.32456,29.109,3,4.757744,0.9809048,0.06139835,6.049115,1.565403,3.864255,pu,X021821_110_3
112,X021821,-22.375,4.2716,16.9393,28.011,3,7.690602,0.9662162,0.05934195,6.17223,1.803084,3.423152,cd,X021821_112_3
128,X021821,-30.125,13.22754,4.75629,23.924,4,0.08224145,0.9430082,0.001175088,10.20446,1.858748,5.489963,AMG,X021821_128_4
128,X021821,-30.125,13.22754,4.75629,23.924,6,0.36899,0.9988249,0.001175088,17.65598,2.293541,7.69813,AMG,X021821_128_6
128,X021821,-30.125,13.22754,4.75629,23.924,8,5.05119,0.9952996,0.01439483,9.553737,1.567317,6.095601,AMG,X021821_128_8
130,X021821,-34.5,11.112,1.57772,23.488,2,0.262223,0.9377204,0,14.19775,1.885294,7.530789,AMG,X021821_130_2
138,X021821,-30.875,14.5714,3.03974,22.136,3,0.6029618,0.9932432,0.0005875441,10.81882,1.549534,6.981985,AMG,X021821_138_3
156,X021821,-20.5,8.165,18.746,19.53,2,4.640627,0.9908931,0.06433608,12.96359,1.487369,8.715786,cd,X021821_156_2
003,X021920,-8.0625,12.24368,23.84879,43.885,3,20.99055,0.9242068,0.08607521,6.528664,1.68462,3.875451,12r,X021920_003_3
011,X021920,-9.75,13.449,22.54403,42.39,3,6.691942,0.9612221,0.01380729,6.324517,1.522722,4.153428,12m,X021920_011_3
013,X021920,-10.375,10.678,23.75524,42.11,2,11.2179,0.9800235,0.01615746,8.92453,1.770075,5.041893,46v,X021920_013_2
014,X021920,-11.65625,9.196,23.0895,41.98,3,1.321785,0.9911869,0.003819037,12.26691,2.515682,4.876176,46v,X021920_014_3
014,X021920,-11.65625,9.196,23.0895,41.98,5,1.946566,0.9685664,0.01175088,7.419793,1.444493,5.136606,46v,X021920_014_5
015,X021920,-12.40625,7.84812,23.1945,41.64,3,0.5580374,0.9976498,0.01498237,12.11033,1.689672,7.167267,46v,X021920_015_3
016,X021920,-13.25,6.3299,23.189,41.25,3,3.644332,0.996181,0.002350176,14.82266,2.740925,5.407902,46df,X021920_016_3
019,X021920,-8.875,14.61259,23.44475,41.18,2,9.787299,0.9888366,0.04524089,8.627288,1.505863,5.729133,12m,X021920_019_2
024,X021920,-14.28125,7.105,22.50602,39.85,2,7.079577,0.9732667,0.05434782,8.093637,1.929601,4.194461,46v,X021920_024_2
025,X021920,-16.5625,5.60491,21.11142,39.69,3,7.434086,0.960047,0.03554641,4.4255,1.515504,2.920151,11ml,X021920_025_3
027,X021920,-8.25,15.89137,22.09346,40.505,3,6.026161,0.9785547,0.07079906,5.963999,1.71902,3.469419,12l,X021920_027_3
036,X021920,-9.34375,17.48725,20.291,39.513,2,2.235909,0.9864865,0.02173913,7.127474,1.461973,4.875243,12o,X021920_036_2
036,X021920,-9.34375,17.48725,20.291,39.513,4,6.031785,0.9864865,0.01556992,8.968843,1.449302,6.188387,12o,X021920_036_4
040,X021920,-13.5625,11.41367,21.69075,37.563,3,0.2583258,0.9800235,0.0005875441,12.68139,2.237734,5.667068,46v,X021920_040_3
047,X021920,-12.03125,16.30579,19.91766,37.713,2,1.465887,0.9947121,0.007931845,8.41659,1.696222,4.961961,12o,X021920_047_2
055,X021920,-11.53125,19.14484,17.22044,37.788,3,4.177559,0.972973,0.01116334,7.655648,1.405283,5.447763,12l,X021920_055_3
065,X021920,-23.15625,5.51232,16.09849,34.368,1,10.57578,0.9950058,0.008225617,9.936406,1.706706,5.821978,13m,X021920_065_1
066,X021920,-11.5,19.52796,16.9308,36.308,3,8.08595,0.9615158,0.04641598,7.422598,1.852605,4.006574,12l,X021920_066_3
078,X021920,-14.90625,18.7333,14.6436,35.338,3,8.554832,0.9606345,0.03407755,8.031794,2.332611,3.443263,12o,X021920_078_3
079,X021920,-16.625,16.9881,14.9554,34.338,2,0.4525935,0.9753231,0.01792009,11.81451,2.591985,4.558093,12o,X021920_079_2
086,X021920,-15.875,6.36356,23.00376,30.728,3,6.497838,0.9712104,0.006756757,14.02565,1.287995,10.88952,8B,X021920_086_3
086,X021920,-15.875,6.36356,23.00376,30.728,5,0.3718789,0.9905993,0.001175088,17.72939,2.021739,8.769375,8B,X021920_086_5
091,X021920,-13.375,16.72048,18.27362,32.818,3,2.724955,0.9882491,0.01880141,11.38224,1.796097,6.337207,6VaVb,X021920_091_3
091,X021920,-13.375,16.72048,18.27362,32.818,4,0.03137348,0.9970623,0.002643948,20.05862,2.540415,7.895804,6VaVb,X021920_091_4
096,X021920,-15.0625,8.724,22.511,29.888,2,0.08045898,0.9521152,0.0005875441,31.97866,3.270519,9.777858,8B,X021920_096_2
098,X021920,-17.125,6.2778,21.51415,29.363,1,11.46655,0.9991187,0.001175088,16.48259,1.543513,10.67862,cd,X021920_098_1
101,X021920,-12.25,20.35592,15.94604,32.268,3,3.038582,0.9750293,0.001175088,10.18725,1.686913,6.038987,6VaVb,X021920_101_3
101,X021920,-12.25,20.35592,15.94604,32.268,4,0.3424447,0.9697415,0.002056404,17.78847,2.057781,8.644489,6VaVb,X021920_101_4
101,X021920,-12.25,20.35592,15.94604,32.268,5,1.120874,0.9697415,0.001175088,18.33958,2.739527,6.694435,6VaVb,X021920_101_5
103,X021920,-16.0625,16.0652,15.7297,32.538,3,5.722025,0.9958872,0.01410106,10.83352,1.533859,7.06292,44,X021920_103_3
103,X021920,-16.0625,16.0652,15.7297,32.538,4,5.67261,0.9867803,0.002056404,8.146747,1.329628,6.12709,44,X021920_103_4
104,X021920,-15.5,14.62467,17.92335,31.538,2,3.854046,0.9941245,0.06110458,9.041397,1.697944,5.324908,45,X021920_104_2
106,X021920,-16.25,12.57437,18.97684,26.079,3,2.277465,0.9712104,0.02643948,5.241489,1.096857,4.778642,pu,X021920_106_3
107,X021920,-17.375,11.12555,18.84748,25.78,3,7.311449,0.9629847,0.09488837,11.16201,1.810843,6.163985,pu,X021920_107_3
109,X021920,-15.8125,7.34546,22.05037,27.224,3,9.780734,0.9809048,0.03319624,7.542877,1.202225,6.274096,cd,X021920_109_3
109,X021920,-15.8125,7.34546,22.05037,27.224,4,3.469802,0.9086369,0.006462985,12.14692,1.303925,9.315657,cd,X021920_109_4
113,X021920,-18.53125,2.74312,21.26905,27.651,3,5.031126,0.9700353,0.01703878,7.12827,2.5731,2.770304,cd,X021920_113_3
125,X021920,-21.4375,2.58467,18.2693,26.768,3,0.4396775,0.996181,0.003231492,10.69015,1.988605,5.375706,cd,X021920_125_3
157,X021920,-21.5,6.88722,17.99669,19.56,3,0.5721587,1,0.002350176,16.60533,2.129244,7.798699,cd,X021920_157_3
012,X021921,-11.90625,12.56,21.31092,42.38,3,1.86253,1,0.004406581,11.90974,2.915182,4.085419,12m,X021921_012_3
013,X021921,-13.40625,10.634,20.70296,42.44,2,0.6794967,0.9903055,0.004406581,9.674324,1.713078,5.647333,11ml,X021921_013_2
023,X021921,-16.15625,8.61294,19.85104,40.55,3,0.4832872,0.987074,0.0005875441,7.995677,2.039085,3.921208,11ml,X021921_023_3
030,X021921,-14.65625,11.95531,19.64425,39.86,6,1.979983,0.9853114,0.01645123,9.7332,1.824594,5.334447,13l,X021921_030_6
039,X021921,-14.78125,12.95447,19.43885,38.163,5,0.09931787,1,0.00293772,17.9175,3.103423,5.773464,13l,X021921_039_5
046,X021921,-10.71875,17.70774,19.16726,38.268,3,0.4655617,0.9947121,0.009988249,10.35978,2.740466,3.780297,12o,X021921_046_3
047,X021921,-13.125,16.34317,18.93618,37.863,2,3.01425,0.9885429,0.002643948,8.722978,1.426206,6.11621,12o,X021921_047_2
047,X021921,-13.125,16.34317,18.93618,37.863,4,3.402776,0.9923619,0.01821387,6.928054,1.382086,5.012751,12o,X021921_047_4
047,X021921,-13.125,16.34317,18.93618,37.863,7,0.3934719,1,0.00146886,26.75758,2.165309,12.35739,12o,X021921_047_7
051,X021921,-20.15625,10.22132,16.4078,36.408,1,1.212007,0.9954639,0.007344301,13.40563,2.285509,5.865491,13l,X021921_051_1
056,X021921,-13.75,17.643,16.5446,37.388,1,8.610043,0.9988249,0.0008813161,13.3095,1.557739,8.544115,12l,X021921_056_1
057,X021921,-15.21875,16.4883,16.52234,37.108,7,0.9941682,0.9903055,0.05816686,9.601871,1.616137,5.941249,12o,X021921_057_7
058,X021921,-17,15.03786,16.15048,36.848,3,0.5266791,0.9929351,0.009106933,12.06176,1.471459,8.19714,12o,X021921_058_3
060,X021921,-17.9375,12.69244,17.51983,35.878,5,2.827559,0.9838426,0.05170388,8.288318,1.550362,5.346053,AI,X021921_060_5
060,X021921,-17.9375,12.69244,17.51983,35.878,6,1.900305,0.996181,0.001175088,15.41609,1.850281,8.331758,AI,X021921_060_6
061,X021921,-18.65625,11.25068,18.27808,35.258,4,1.228976,0.9077556,0.113396,6.742113,1.580146,4.266766,AI,X021921_061_4
064,X021921,-24.84375,7.05776,13.88972,35.028,3,4.080706,0.9829612,0.02673326,7.479844,2.115757,3.535305,13m,X021921_064_3
070,X021921,-19.25,13.85117,15.32011,35.153,6,13.37324,0.9905993,0.007344301,6.449903,1.410849,4.571645,AI,X021921_070_6
079,X021921,-19.4375,17.06286,12.15124,34.758,3,4.08178,0.9835488,0.04817861,12.02808,1.742039,6.904599,12o,X021921_079_3
080,X021921,-19.28125,15.45108,13.6902,34.223,2,1.451169,0.9932432,0.08548766,8.072543,2.568765,3.142577,12o,X021921_080_2
087,X021921,-22.8125,5.08584,16.2061,31.398,2,9.705269,0.9967685,0.01057579,10.16389,1.301159,7.811416,cd,X021921_087_2
091,X021921,-19.53125,16.8016,11.9954,33.988,2,0.7737406,0.976792,0.02144536,7.700057,2.992975,2.57271,AI,X021921_091_2
099,X021921,-21.875,4.80248,17.33236,29.628,2,0.5194772,0.9938308,0.01204465,10.20576,1.81335,5.628123,cd,X021921_099_2
105,X021921,-31.84375,13.37867,2.52066,27.038,2,1.333979,0.9873678,0.004406581,7.357432,1.535396,4.79188,AMG,X021921_105_2
109,X021921,-16.6875,7.33508,21.08776,27.329,5,8.697212,0.972973,0.04112808,6.611156,1.305873,5.062634,cd,X021921_109_5
109,X021921,-16.6875,7.33508,21.08776,27.329,6,0.1592703,0.9964747,0.02702703,10.10113,1.176859,8.58313,cd,X021921_109_6
109,X021921,-16.6875,7.33508,21.08776,27.329,8,0.278367,1,0,28.48052,2.45615,11.5956,cd,X021921_109_8
111,X021921,-21.3125,5.9333,18.0012,28.042,3,0.2901375,0.9823737,0.01410106,7.696957,2.245215,3.42816,cd,X021921_111_3
111,X021921,-21.3125,5.9333,18.0012,28.042,7,5.995461,0.9662162,0.1125147,7.510288,1.17125,6.412199,cd,X021921_111_7
118,X021921,-32.375,12.4865,2.6399,25.727,5,0.5712651,0.9861927,0.009400705,7.35284,2.967263,2.477987,AMG,X021921_118_5
119,X021921,-34.9375,11.1,1.3134,25.294,5,3.863187,0.9967685,0.01321974,12.6263,1.425403,8.858056,AMG,X021921_119_5
120,X021921,-35.875,9.47911,0.964359999999999,25.714,2,15.81866,0.9262632,0.190658,5.438952,1.21271,4.484958,AMG,X021921_120_2
128,X021921,-30.15625,13.22754,4.75629,23.924,1,4.682677,0.9970623,0.001175088,15.3668,1.490215,10.3118,AMG,X021921_128_1
128,X021921,-30.15625,13.22754,4.75629,23.924,5,0.7541069,0.9785547,0.00293772,12.75899,2.649124,4.816304,AMG,X021921_128_5
128,X021921,-30.15625,13.22754,4.75629,23.924,6,0.3238247,0.9911869,0.003231492,20.10606,2.376199,8.461439,AMG,X021921_128_6
128,X021921,-30.15625,13.22754,4.75629,23.924,9,0.9799527,0.9773796,0.004406581,7.996253,1.171048,6.828285,AMG,X021921_128_9
130,X021921,-34.5625,11.112,1.57772,23.488,3,1.193397,0.976792,0.009988249,4.061419,1.354766,2.997876,AMG,X021921_130_3
135,X021921,-20.25,4.30844,19.00016,25.153,3,4.80821,0.976792,0.1104583,6.168304,1.399655,4.407017,cd,X021921_135_3
136,X021921,-25.59375,2.72858,14.17523,26.062,5,0.8472776,0.9753231,0.07432432,7.471428,1.23262,6.061419,cd,X021921_136_5
138,X021921,-30.90625,14.5714,3.03974,22.136,3,0.6684959,0.9885429,0.02027027,11.94103,1.95502,6.107883,AMG,X021921_138_3
143,X021921,-30.84375,9.63186,6.19258,22.16,1,0.05999236,1,0.0005875441,21.08027,7.472253,2.821141,AMG,X021921_143_1
156,X021921,-20.53125,8.165,18.746,19.53,3,5.995778,0.9720917,0.07902468,7.272326,1.885856,3.856247,cd,X021921_156_3
157,X021921,-18.09375,6.40546,21.31517,19.32,3,2.383957,0.9820799,0.05816686,9.726952,1.401162,6.942059,cd,X021921_157_3
157,X021921,-18.09375,6.40546,21.31517,19.32,6,7.942307,0.9820799,0.1010576,8.63804,1.369016,6.309672,cd,X021921_157_6
012,X022321,-11.90625,12.56,21.31092,42.38,3,1.92916,0.9800235,0.03877791,9.44696,2.00256,4.717441,12m,X022321_012_3
012,X022321,-11.90625,12.56,21.31092,42.38,4,0.4202089,0.9982374,0.001175088,16.70228,2.167196,7.706862,12m,X022321_012_4
013,X022321,-13.40625,10.634,20.70296,42.44,2,2.367172,0.9773796,0.0146886,7.478319,1.700522,4.39766,11ml,X022321_013_2
029,X022321,-10.90625,13.9539,22.1017,39.9,3,10.2268,0.9550529,0.05552291,4.23102,1.366276,3.096754,12m,X022321_029_3
038,X022321,-11.4375,14.40564,21.63904,38.588,2,3.117185,0.9623972,0.08078731,7.588851,2.169354,3.498207,13l,X022321_038_2
038,X022321,-11.4375,14.40564,21.63904,38.588,4,0.6882197,0.9861927,0.001175088,14.46715,1.884474,7.677021,13l,X022321_038_4
041,X022321,-19.1875,10.12605,17.4321,37.763,3,4.892335,0.9817861,0.05199765,7.610028,1.428802,5.326159,13l,X022321_041_3
046,X022321,-10.84375,17.7132,19.0138,38.288,2,0.5184868,0.9579906,0.002643948,18.70842,1.873163,9.987609,12o,X022321_046_2
048,X022321,-15.15625,15.34913,18.11002,37.698,7,7.065063,0.9553466,0.09811986,7.846448,1.596766,4.913963,12o,X022321_048_7
056,X022321,-13.75,17.643,16.5446,37.388,5,7.046691,0.9982374,0.001175088,9.021424,1.30631,6.906034,12l,X022321_056_5
058,X022321,-17,15.03786,16.15048,36.848,3,0.5043254,0.9268507,0.005875441,16.25085,2.363429,6.875965,12o,X022321_058_3
058,X022321,-17,15.03786,16.15048,36.848,4,0.4806897,0.9268507,0.0005875441,12.42922,1.535021,8.0971,12o,X022321_058_4
060,X022321,-17.9375,12.69244,17.51983,35.878,3,1.059807,0.9932432,0.004994125,10.02113,1.709626,5.861596,AI,X022321_060_3
069,X022321,-18.03125,15.34525,15.228,35.513,2,1.403704,0.9970623,0.01292597,9.462442,1.459239,6.484505,12o,X022321_069_2
083,X022321,-24.25,10.165,12.6534,32.788,3,0.5868464,0.9911869,0.01410106,8.214838,1.638251,5.014397,AI,X022321_083_3
086,X022321,-25.75,6.6203,13.1328,32.213,4,1.779529,0.9336075,0.02908343,5.987536,1.56492,3.826098,pu,X022321_086_4
092,X022321,-20.1875,15.48618,13.11403,33.353,4,1.240233,0.9952996,0.007638073,7.672558,1.528624,5.019258,AI,X022321_092_4
093,X022321,-20.21875,13.99136,14.48362,32.898,6,0.492565,0.9873678,0.01116334,8.454652,1.490349,5.672933,AI,X022321_093_6
112,X022321,-22.4375,4.2716,16.9393,28.011,5,3.412704,0.9715041,0.02379553,5.430816,2.042414,2.659018,cd,X022321_112_5
112,X022321,-22.4375,4.2716,16.9393,28.011,8,0.140219,0.9923619,0.0005875441,10.67263,1.864328,5.72465,cd,X022321_112_8
119,X022321,-34.9375,11.1,1.3134,25.294,5,1.524585,0.9893899,0.009988249,10.49464,2.70776,3.875764,AMG,X022321_119_5
128,X022321,-30.15625,13.22754,4.75629,23.924,4,1.23146,0.993537,0.000293772,12.91792,2.287387,5.647455,AMG,X022321_128_4
128,X022321,-30.15625,13.22754,4.75629,23.924,5,0.7190517,0.993537,0.008519389,11.96134,1.941102,6.162141,AMG,X022321_128_5
128,X022321,-30.15625,13.22754,4.75629,23.924,7,4.727092,0.9885429,0.02585194,8.631076,1.110683,7.77096,AMG,X022321_128_7
138,X022321,-30.96875,14.5714,3.03974,22.136,4,0.7231055,0.9853114,0.009106933,10.61923,1.498762,7.085335,AMG,X022321_138_4
142,X022321,-35.71875,10.59995,0.648499999999999,21.875,8,0.6564144,0.9929495,0.008813161,24.20338,3.688339,6.562135,AMG,X022321_142_8
004,X022421,-9.9375,11.47368,23.04228,43.4,2,0.8471564,0.96651,0.001762632,11.47605,2.227758,5.151391,12r,X022421_004_2
011,X022421,-9.0625,13.461,23.19641,42.33,3,5.606493,0.9747356,0.03084606,6.568831,1.638176,4.009844,12r,X022421_011_3
021,X022421,-14.59375,11.60605,19.63035,41.2,3,0.8444254,0.985899,0.02291422,8.220007,4.111798,1.999127,11ml,X022421_021_3
029,X022421,-10.9375,13.9539,22.1017,39.9,3,1.995398,0.9985312,0.005287896,12.81783,1.426919,8.98287,12m,X022421_029_3
033,X022421,-18.78125,7.529,18.3613,39.08,3,4.254121,0.9820799,0.01850764,7.505122,2.1826,3.438615,13m,X022421_033_3
034,X022421,-19.375,5.96693,18.18987,38.87,1,4.647669,0.9964747,0.002350176,10.65913,2.175466,4.8997,13m,X022421_034_1
046,X022421,-10.875,17.7132,19.0138,38.288,2,0.4643718,0.9969388,0.001175088,20.9826,1.770577,11.85071,12o,X022421_046_2
048,X022421,-15.1875,15.34913,18.11002,37.698,3,6.369951,0.9706228,0.04847239,7.836611,1.672947,4.684317,12o,X022421_048_3
056,X022421,-13.78125,17.6469,16.37557,37.413,1,5.718535,0.9955934,0.002643948,5.540388,1.164976,4.755795,12l,X022421_056_1
058,X022421,-17.03125,15.03786,16.15048,36.848,3,1.540976,0.9878173,0.001762632,13.16526,1.480336,8.893428,12o,X022421_058_3
059,X022421,-17.75,13.55325,16.59125,36.513,6,1.832125,0.9905993,0.02467685,9.202268,1.548744,5.941762,12o,X022421_059_6
060,X022421,-17.96875,12.69244,17.51983,35.878,2,0.3487276,0.9923619,0.007931845,9.757202,1.768981,5.51572,AI,X022421_060_2
062,X022421,-21.96875,9.9726,15.56766,35.433,4,0.1692078,0.9970623,0.003231492,15.02297,1.778225,8.448297,13l,X022421_062_4
064,X022421,-24.875,7.05776,13.88972,35.028,2,3.250317,0.9679788,0.06991775,7.431724,2.383893,3.117474,13m,X022421_064_2
068,X022421,-18.34375,16.8875,13.0862,36.088,3,0.262005,0.9980843,0,14.18584,1.949427,7.276927,12o,X022421_068_3
072,X022421,-21.25,10.8662,15.7036,34.088,4,1.775369,0.9950187,0.001175088,14.37695,1.306277,11.00605,AI,X022421_072_4
074,X022421,-24.84375,8.8403,13.4831,33.988,2,11.70717,0.9427145,0.0619859,5.629223,1.279308,4.400211,13m,X022421_074_2
074,X022421,-24.84375,8.8403,13.4831,33.988,6,0.4548934,0.9477086,0.001762632,26.90261,2.494057,10.78668,13m,X022421_074_6
074,X022421,-24.84375,8.8403,13.4831,33.988,10,0.0702443,0.9512339,0,38.75286,4.265017,9.086216,13m,X022421_074_10
081,X022421,-20.59375,13.97576,14.06094,33.848,3,0.3512007,0.9973561,0.001175088,16.42049,2.16176,7.595889,AI,X022421_081_3
086,X022421,-25.78125,6.6203,13.1328,32.213,2,0.1102973,0.9988249,0.00146886,10.90159,1.625942,6.704786,pu,X022421_086_2
092,X022421,-20.21875,15.48618,13.11403,33.353,1,1.053343,0.9976498,0.002350176,8.669136,2.604902,3.328008,AI,X022421_092_1
093,X022421,-20.25,13.99136,14.48362,32.898,6,0.3826689,0.9618096,0.007638073,11.32844,1.601141,7.075228,AI,X022421_093_6
097,X022421,-20.0625,7.7266,18.0872,30.188,2,2.427816,0.9844301,0.006756757,6.196999,2.819396,2.197988,pu,X022421_097_2
105,X022421,-31.9375,13.37867,2.52066,27.038,6,0.165499,0.9906396,0.001175088,9.338017,1.524337,6.125953,AMG,X022421_105_6
108,X022421,-18.34375,8.27644,19.02384,28.569,3,2.049931,0.9982374,0.03613396,12.10378,1.403023,8.62693,pu,X022421_108_3
109,X022421,-16.75,7.33508,21.08776,27.329,5,11.82257,0.9762045,0.01204465,8.721854,1.319973,6.607599,cd,X022421_109_5
110,X022421,-21.46875,6.5266,17.32456,29.109,3,0.1630788,0.9966159,0.002350176,12.39967,1.83137,6.770704,pu,X022421_110_3
118,X022421,-32.46875,12.4865,2.6399,25.727,1,0.8679268,0.9894242,0.006462985,9.364412,1.630403,5.74362,AMG,X022421_118_1
119,X022421,-35,11.1,0.879080000000002,25.309,2,0.6086066,0.9823737,0.01850764,11.74613,2.293942,5.120497,AMG,X022421_119_2
128,X022421,-30.21875,13.21552,4.34602,23.934,3,0.5836875,0.9982374,0.002350176,13.60642,1.571076,8.660574,AMG,X022421_128_3
142,X022421,-35.78125,10.59995,0.648499999999999,21.875,3,0.9355103,0.9803173,0.01057579,14.85377,2.025271,7.334214,AMG,X022421_142_3
142,X022421,-35.78125,10.59995,0.648499999999999,21.875,4,1.381177,0.9691539,0.01204465,8.58084,3.355555,2.557204,AMG,X022421_142_4
145,X022421,-20.25,6.693,18.278,20.863,4,0.562883,0.9923619,0.009106933,11.77426,1.699099,6.929708,cd,X022421_145_4
150,X022421,-33.1875,12.92149,2.29029,20.558,6,0.8387582,0.9817861,0.03907168,7.869648,1.75142,4.493295,AMG,X022421_150_6
004,X022521,-9.96875,11.47368,23.04228,43.4,2,12.34595,0.9623972,0.1683314,5.618318,1.057881,5.310917,12r,X022521_004_2
004,X022521,-9.96875,11.47368,23.04228,43.4,8,2.484781,0.9929495,0.02115159,9.884855,2.019706,4.894205,12r,X022521_004_8
013,X022521,-13.46875,10.632,20.56422,42.455,2,1.934088,0.9903055,0.004700352,11.52238,1.466207,7.858633,11ml,X022521_013_2
023,X022521,-16.21875,8.61361,19.65626,40.575,3,0.4665942,0.9477086,0.004700352,25.36297,3.274873,7.744719,11ml,X022521_023_3
023,X022521,-16.21875,8.61361,19.65626,40.575,7,0.8527765,0.9994125,0,40.68113,3.976928,10.22929,11ml,X022521_023_7
029,X022521,-10.96875,13.95857,21.94761,39.92,2,2.804891,0.9850176,0.01556992,7.801727,1.9834,3.933512,12m,X022521_029_2
032,X022521,-17.53125,9.011,18.79108,39.325,3,1.10773,0.9847239,0.003525264,10.80678,1.825703,5.919242,13m,X022521_032_3
037,X022521,-11.625,16.01962,20.1698,39.108,5,1.935745,0.996181,0.004700352,11.21342,1.815683,6.175866,12o,X022521_037_5
042,X022521,-21.0625,8.58215,16.51348,37.558,3,0.2042383,0.940658,0.0346651,8.223617,2.584045,3.182459,13l,X022521_042_3
043,X022521,-21.46875,7.08415,16.4706,37.263,7,6.462089,0.9700353,0.1321974,8.48435,1.877519,4.518917,13m,X022521_043_7
046,X022521,-10.90625,17.7132,19.0138,38.288,7,1.293148,0.9333137,0.006462985,11.35207,1.568653,7.236829,12o,X022521_046_7
046,X022521,-10.90625,17.7132,19.0138,38.288,12,0.2456482,0.9961751,0.001175088,24.75353,4.079424,6.067899,12o,X022521_046_12
047,X022521,-13.1875,16.3494,18.7726,37.888,2,4.783489,0.9621034,0.03172738,8.294237,2.444753,3.392669,12o,X022521_047_2
047,X022521,-13.1875,16.3494,18.7726,37.888,4,1.107826,0.9709166,0.006462985,9.577999,1.566237,6.115294,12o,X022521_047_4
048,X022521,-15.21875,15.34913,18.11002,37.698,2,8.870723,0.9888366,0.06110458,9.36814,1.290185,7.26108,12o,X022521_048_2
049,X022521,-16.53125,14.40784,17.65844,37.663,1,2.763889,0.9809048,0.006169213,10.75539,1.653883,6.503113,13l,X022521_049_1
049,X022521,-16.53125,14.40784,17.65844,37.663,8,3.392721,0.9662162,0.01292597,7.326314,1.297977,5.644409,13l,X022521_049_8
051,X022521,-20.21875,10.22755,16.171,36.438,8,8.029732,0.9444771,0.0346651,8.033419,1.304662,6.157474,13l,X022521_051_8
059,X022521,-17.78125,13.55325,16.59125,36.513,6,0.3964117,0.9926557,0.004700352,14.71857,2.086303,7.05486,12o,X022521_059_6
061,X022521,-18.71875,11.26392,18.05452,35.293,3,7.919639,1,0.003231492,12.41749,1.420772,8.739958,AI,X022521_061_3
063,X022521,-24.4375,8.65384,13.9673,35.318,7,2.637029,0.9838426,0.01674501,4.418778,1.221503,3.617491,13l,X022521_063_7
066,X022521,-14.5625,19.59798,13.7619,36.848,7,1.417705,0.9905363,0.007050529,14.012,2.408225,5.818393,12o,X022521_066_7
067,X022521,-17.15625,18.03995,13.02745,36.438,3,1.218826,0.9894242,0.01028202,11.62214,2.392047,4.858658,12o,X022521_067_3
068,X022521,-18.375,16.8875,13.0862,36.088,6,0.1280551,0.9890881,0.003819037,16.25376,1.75764,9.247492,12o,X022521_068_6
070,X022521,-19.3125,13.8574,15.0802,35.188,3,0.8704321,0.9944183,0.003525264,13.81784,1.975892,6.993217,AI,X022521_070_3
071,X022521,-20,12.03809,15.84858,34.223,7,0.4249767,0.9964789,0.001762632,20.45088,2.880292,7.10028,AI,X022521_071_7
077,X022521,-15.125,19.79592,13.14864,35.968,2,0.1701263,0.9988249,0.008813161,10.70326,1.237672,8.647901,12o,X022521_077_2
078,X022521,-14.875,18.7333,14.6436,35.338,6,0.2163811,0.9976498,0.002350176,10.38598,1.718782,6.042637,12o,X022521_078_6
082,X022521,-22.34375,11.58572,13.54356,32.968,7,0.2954417,0.972973,0.004112808,17.92216,2.187441,8.193209,AI,X022521_082_7
087,X022521,-22.875,5.08584,16.2061,31.398,7,0.3549858,0.9955934,0.002643948,11.27764,1.785261,6.31708,cd,X022521_087_7
093,X022521,-20.28125,13.99136,14.48362,32.898,3,1.398444,0.9952996,0.01439483,10.0095,1.358038,7.370556,AI,X022521_093_3
100,X022521,-22.84375,3.31312,16.80044,29.428,6,1.490522,0.9929495,0.05346651,10.80921,2.127879,5.079805,cd,X022521_100_6
100,X022521,-22.84375,3.31312,16.80044,29.428,8,0.264398,0.9811986,0,14.35867,2.48213,5.784818,cd,X022521_100_8
109,X022521,-16.8125,7.33508,21.08776,27.329,1,17.47985,0.9527027,0.04171563,6.029187,1.081872,5.572919,cd,X022521_109_1
109,X022521,-16.8125,7.33508,21.08776,27.329,2,12.43971,0.9941245,0.001175088,13.34834,1.513299,8.820687,cd,X022521_109_2
109,X022521,-16.8125,7.33508,21.08776,27.329,5,20.53259,0.9538778,0.04171563,5.646399,1.081997,5.2185,cd,X022521_109_5
110,X022521,-21.53125,6.5289,17.03254,29.159,4,0.7158502,0.9800235,0.008225617,9.384071,1.762809,5.323364,pu,X022521_110_4
110,X022521,-21.53125,6.5289,17.03254,29.159,5,0.3905352,0.9800235,0.00146886,10.73815,2.047568,5.244344,pu,X022521_110_5
112,X022521,-22.5625,4.27968,16.62189,28.051,8,0.1195775,0.9465335,0.01762632,10.36062,1.484642,6.978532,cd,X022521_112_8
112,X022521,-22.5625,4.27968,16.62189,28.051,11,2.870561,0.9873678,0.004112808,5.454117,1.950253,2.796619,cd,X022521_112_11
119,X022521,-35.0625,11.1,0.879080000000002,25.309,3,0.7988506,0.9920682,0.01351351,8.710065,2.598671,3.351738,AMG,X022521_119_3
138,X022521,-31.09375,14.5714,3.03974,22.136,2,0.6451442,0.9967685,0.008225617,14.68415,1.781956,8.240463,AMG,X022521_138_2
138,X022521,-31.09375,14.5714,3.03974,22.136,5,11.03956,0.9773796,0.06668625,7.606695,1.218257,6.243915,AMG,X022521_138_5
145,X022521,-20.3125,6.693,18.278,20.863,3,0.05842078,0.9994125,0,10.61443,2.02237,5.248508,cd,X022521_145_3
146,X022521,-19.28125,5.72714,19.4741,21.243,6,0.8608015,0.9911869,0.005581669,11.77556,1.450573,8.117869,cd,X022521_146_6
150,X022521,-33.25,12.9148,1.8728,20.568,3,0.7252558,0.8592832,0.008813161,11.08426,1.328703,8.342162,AMG,X022521_150_3
156,X022521,-20.78125,8.21986,18.34324,19.56,2,0.882709,0.9967685,0.05552291,14.36327,1.958548,7.333631,cd,X022521_156_2
014,X022620,-11.65625,9.196,23.0895,41.98,3,1.365669,0.9952996,0.0008813161,12.36702,1.686167,7.334395,46v,X022620_014_3
016,X022620,-13.5,6.32857,23.0009,41.275,3,2.037332,0.9847239,0.03055229,7.599357,1.46505,5.187099,46df,X022620_016_3
016,X022620,-13.5,6.32857,23.0009,41.275,4,5.212677,0.9847239,0,10.59321,1.481489,7.15038,46df,X022620_016_4
019,X022620,-8.875,14.61259,23.44475,41.18,4,1.194002,0.9944183,0.06462985,9.155521,1.413472,6.477327,12m,X022620_019_4
024,X022620,-14.28125,7.105,22.50602,39.85,3,6.926665,0.9676851,0.03848414,7.309549,1.775196,4.117602,46v,X022620_024_3
027,X022620,-8.25,15.89137,22.09346,40.505,4,1.191487,0.9603408,0.02232667,10.25092,1.96631,5.213278,12l,X022620_027_4
036,X022620,-9.34375,17.48725,20.291,39.513,2,2.616864,0.9955934,0.01850764,11.06619,1.876813,5.896269,12o,X022620_036_2
040,X022620,-13.6875,11.41367,21.69075,37.563,3,0.4389021,1,0.0005875441,16.46439,2.202775,7.474386,46v,X022620_040_3
045,X022620,-9.34375,19.04266,18.96161,38.308,3,2.561842,0.9817861,0.01175088,8.939484,2.150118,4.157671,12o,X022620_045_3
055,X022620,-11.53125,19.14484,17.22044,37.788,2,5.909266,0.9967685,0.0199765,9.896885,1.578393,6.270231,12l,X022620_055_2
063,X022620,-21.09375,8.4513,17.16725,34.863,1,1.7865,0.9955934,0.005875441,9.315184,1.524757,6.10929,AI,X022620_063_1
066,X022620,-11.75,19.53574,16.5787,36.368,3,31.44686,0.9917744,0.01880141,8.999213,2.216173,4.0607,12l,X022620_066_3
071,X022620,-18.625,12.01864,17.06768,34.048,2,5.252305,1,0.001175088,17.52839,2.007444,8.731697,AI,X022620_071_2
077,X022620,-12.4375,19.76082,15.66069,35.443,2,1.749229,0.9876616,0.06022327,8.410699,1.748273,4.810861,12l,X022620_077_2
079,X022620,-16.625,16.9881,14.9554,34.338,4,5.824228,0.9306698,0.01321974,8.297603,1.45181,5.715349,12o,X022620_079_4
080,X022620,-18.0625,15.423,15.111,34.013,5,11.59972,0.976792,0.01498237,4.457002,1.164109,3.828681,AI,X022620_080_5
081,X022620,-19.25,13.94456,15.43189,33.648,3,0.2431723,0.9926557,0.002643948,10.85655,2.381642,4.558431,AI,X022620_081_3
085,X022620,-17.65625,7.67629,20.52635,31.328,2,8.415474,0.9462397,0.1677438,5.007284,1.345145,3.722487,cd,X022620_085_2
085,X022620,-17.65625,7.67629,20.52635,31.328,4,1.93607,0.9074618,0.03789659,3.501267,1.11456,3.141389,cd,X022620_085_4
085,X022620,-17.65625,7.67629,20.52635,31.328,7,29.62786,0.9976498,0.006169213,12.50336,1.559086,8.019674,cd,X022620_085_7
089,X022620,-13.1875,20.12353,14.77475,33.698,3,3.242331,0.9944183,0.02614571,9.971445,1.597382,6.242369,6VaVb,X022620_089_3
097,X022620,-17.25,7.7188,20.9226,29.788,3,3.939364,0.974148,0.01439483,9.645858,1.302293,7.406826,cd,X022620_097_3
097,X022620,-17.25,7.7188,20.9226,29.788,4,2.095554,0.9841363,0.00293772,15.67406,1.892987,8.280068,cd,X022620_097_4
101,X022620,-12.25,20.35592,15.94604,32.268,3,0.6390539,0.9964747,0.004112808,14.48325,1.855662,7.804894,6VaVb,X022620_101_3
101,X022620,-12.25,20.35592,15.94604,32.268,4,0.2646465,0.9982374,0,19.46175,2.223628,8.752251,6VaVb,X022620_101_4
103,X022620,-16.1875,16.06126,15.50491,32.583,2,1.512476,0.9882491,0.09488837,8.125362,1.501059,5.413087,44,X022620_103_2
103,X022620,-16.1875,16.06126,15.50491,32.583,5,5.864094,0.9485899,0.08284371,6.763453,1.50992,4.479345,44,X022620_103_5
103,X022620,-16.1875,16.06126,15.50491,32.583,6,2.213077,0.9485899,0.06756756,8.081635,1.185482,6.817171,44,X022620_103_6
103,X022620,-16.1875,16.06126,15.50491,32.583,7,0.7129111,0.9785547,0.007638073,10.5425,1.709167,6.168209,44,X022620_103_7
104,X022620,-15.625,14.62467,17.92335,31.538,3,0.124309,0.9967685,0.002056404,14.17365,1.627652,8.708032,45,X022620_104_3
104,X022620,-15.625,14.62467,17.92335,31.538,4,5.395024,0.9653349,0.05875441,7.3324,1.742087,4.208974,45,X022620_104_4
106,X022620,-16.375,12.57437,18.97684,26.079,4,1.341803,1,0.002350176,18.35287,2.887867,6.355164,pu,X022620_106_4
109,X022620,-15.8125,7.34546,22.05037,27.224,1,8.800316,0.9947121,0.005875441,9.382886,1.115725,8.409673,cd,X022620_109_1
109,X022620,-15.8125,7.34546,22.05037,27.224,3,4.98622,0.9997062,0.002643948,20.82491,1.903869,10.9382,cd,X022620_109_3
117,X022620,-22.125,13.77139,12.37091,25.342,4,0.9345133,0.9811986,0.07696828,8.04086,1.977146,4.066903,pu,X022620_117_4
117,X022620,-22.125,13.77139,12.37091,25.342,5,2.228007,0.9720917,0.03965922,4.504127,1.578141,2.854071,pu,X022620_117_5
131,X022620,-23.875,10.22383,12.71579,23.282,3,0.9998352,0.9905993,0.03848414,8.295402,2.458641,3.373979,pu,X022620_131_3
142,X022620,-25.6875,10.53587,10.7645,21.515,3,0.03422991,0.9985312,0,20.21113,3.230034,6.257252,pu,X022620_142_3
011,X022621,-9.125,13.459,23.08768,42.34,3,0.4553606,0.9870518,0.0126322,11.41261,3.078137,3.707635,12r,X022621_011_3
012,X022621,-12,12.56,21.18218,42.395,4,0.9943776,0.9527027,0.004112808,10.59092,1.725548,6.137717,12m,X022621_012_4
012,X022621,-12,12.56,21.18218,42.395,5,1.969958,0.9527027,0.01527615,8.429935,2.538417,3.320941,12m,X022621_012_5
013,X022621,-13.5,10.632,20.56422,42.455,6,2.940496,0.9750293,0.02379553,7.74565,1.99491,3.882707,11ml,X022621_013_6
013,X022621,-13.5,10.632,20.56422,42.455,7,0.1375517,1,0.003525264,20.43007,1.865338,10.95248,11ml,X022621_013_7
014,X022621,-14.4375,9.128,20.42475,42.32,5,1.853162,0.9435958,0.04905993,7.823234,2.190886,3.570808,11ml,X022621_014_5
015,X022621,-13.96875,7.83472,21.687,41.84,2,3.580293,0.9882491,0.004406581,7.319599,1.745597,4.193179,11ml,X022621_015_2
015,X022621,-13.96875,7.83472,21.687,41.84,7,1.308913,0.9985312,0.001175088,7.824052,1.186263,6.595547,11ml,X022621_015_7
023,X022621,-16.21875,8.61361,19.65626,40.575,2,0.9671892,0.9885429,0.008225617,8.492596,3.454705,2.458269,11ml,X022621_023_2
029,X022621,-11,13.95857,21.94761,39.92,3,34.13445,0.9250881,0.1089894,4.539475,1.010423,4.492648,12m,X022621_029_3
030,X022621,-14.75,11.95531,19.64425,39.86,5,1.769551,0.9853114,0.01204465,6.087872,2.06769,2.944287,13l,X022621_030_5
031,X022621,-14.9375,10.41193,20.28124,39.475,3,13.3117,0.9629847,0.07138661,6.045316,1.311471,4.60957,13l,X022621_031_3
032,X022621,-17.5625,9.011,18.79108,39.325,5,0.7885155,0.9908931,0.009988249,12.54266,1.803481,6.954699,13m,X022621_032_5
032,X022621,-17.5625,9.011,18.79108,39.325,6,0.2336054,0.9952996,0.001762632,22.53928,2.962996,7.606922,13m,X022621_032_6
032,X022621,-17.5625,9.011,18.79108,39.325,7,0.3485913,0.9882491,0.007638073,10.07678,1.372898,7.339789,13m,X022621_032_7
033,X022621,-18.8125,7.529,18.3613,39.08,1,1.905338,0.9841363,0.02408931,9.751142,1.66695,5.849691,13m,X022621_033_1
037,X022621,-11.625,16.01962,20.1698,39.108,4,1.765548,0.9876616,0.02761457,8.958741,2.138898,4.188485,12o,X022621_037_4
041,X022621,-19.25,10.13384,17.23268,37.788,5,1.564415,0.9964747,0.0005875441,23.02341,3.198957,7.197162,13l,X022621_041_5
046,X022621,-10.9375,17.71866,18.86034,38.308,3,0.6351081,0.9538778,0.004406581,10.18076,1.385795,7.346513,12o,X022621_046_3
046,X022621,-10.9375,17.71866,18.86034,38.308,6,0.2461082,1,0.002643948,30.18391,3.175169,9.506235,12o,X022621_046_6
047,X022621,-13.21875,16.3494,18.7726,37.888,3,15.53219,0.9532902,0.1145711,6.385044,1.769345,3.608705,12o,X022621_047_3
048,X022621,-15.25,15.34913,18.11002,37.698,2,2.678503,0.9762045,0.007344301,6.621647,1.31705,5.027633,12o,X022621_048_2
048,X022621,-15.25,15.34913,18.11002,37.698,3,7.175155,0.9917744,0.03290247,11.06329,1.468396,7.53427,12o,X022621_048_3
049,X022621,-16.5625,14.40784,17.65844,37.663,2,5.412256,0.9656287,0.01351351,7.065023,1.515945,4.660476,13l,X022621_049_2
049,X022621,-16.5625,14.40784,17.65844,37.663,3,1.204073,0.9656287,0.007050529,10.25232,1.796276,5.707541,13l,X022621_049_3
054,X022621,-21.75,5.77288,16.80614,35.478,3,0.7923447,0.9864865,0.01527615,9.707931,2.77016,3.504465,13m,X022621_054_3
057,X022621,-15.3125,16.4883,16.52234,37.108,4,1.317548,0.9967685,0.02350176,11.55926,1.431687,8.073877,12o,X022621_057_4
058,X022621,-17.09375,15.04409,15.94562,36.878,3,0.3232753,0.9952107,0.007050529,13.98135,1.426551,9.800805,12o,X022621_058_3
059,X022621,-17.8125,13.55325,16.59125,36.513,4,7.09528,0.9947121,0.01028202,9.223408,1.299293,7.098789,12o,X022621_059_4
059,X022621,-17.8125,13.55325,16.59125,36.513,6,0.594174,0.9947121,0.0005875441,14.34119,1.735328,8.264252,12o,X022621_059_6
059,X022621,-17.8125,13.55325,16.59125,36.513,9,0.8457806,0.9967685,0.002056404,15.25189,1.542793,9.885898,12o,X022621_059_9
060,X022621,-18.03125,12.69244,17.51983,35.878,5,0.2426452,0.9952996,0.009988249,12.03049,1.600974,7.514481,AI,X022621_060_5
063,X022621,-24.46875,8.65384,13.9673,35.318,2,4.774754,0.9726792,0.01498237,8.271376,1.84577,4.481261,13l,X022621_063_2
065,X022621,-25.53125,5.65956,13.74292,34.728,2,5.046539,0.9823737,0.06756756,8.019333,1.877024,4.272365,13m,X022621_065_2
068,X022621,-18.40625,16.8875,13.0862,36.088,5,1.095771,0.9838426,0.008813161,8.743369,2.124471,4.115552,12o,X022621_068_5
068,X022621,-18.40625,16.8875,13.0862,36.088,8,2.232063,0.9959975,0.001762632,13.98933,1.585825,8.821481,12o,X022621_068_8
072,X022621,-21.3125,10.8662,15.7036,34.088,5,1.230779,0.9970623,0.08754407,12.18467,1.454774,8.375639,AI,X022621_072_5
072,X022621,-21.3125,10.8662,15.7036,34.088,6,1.12444,0.9932432,0.01028202,10.91606,1.614192,6.762552,AI,X022621_072_6
073,X022621,-23.65625,10.00756,14.18226,34.178,6,1.851094,0.996181,0.004406581,12.5154,2.142448,5.841636,AI,X022621_073_6
079,X022621,-19.5,17.06286,12.15124,34.758,2,21.18728,0.9250881,0.07373678,6.615824,1.551029,4.265442,12o,X022621_079_2
087,X022621,-22.90625,5.08584,16.2061,31.398,6,0.08808763,0.9988249,0.002350176,15.08696,2.712696,5.561612,cd,X022621_087_6
098,X022621,-22.34375,6.30432,16.27016,30.128,3,3.4433,0.9650411,0.03349001,6.797697,2.204411,3.08368,pu,X022621_098_3
103,X022621,-20.0625,15.99428,11.68348,33.348,3,1.182467,0.9909657,0.009400705,12.5716,1.562954,8.043484,AI,X022621_103_3
109,X022621,-16.875,7.33508,21.08776,27.329,3,5.365325,0.9964747,0.0146886,10.5896,1.175255,9.010468,cd,X022621_109_3
109,X022621,-16.875,7.33508,21.08776,27.329,6,9.820012,0.9982374,0.001175088,14.50335,1.574172,9.213315,cd,X022621_109_6
112,X022621,-22.625,4.27968,16.62189,28.051,5,2.510501,0.983255,0.01321974,5.767689,2.331604,2.4737,cd,X022621_112_5
118,X022621,-32.59375,12.4865,2.6399,25.727,2,14.71159,0.96651,0.01674501,5.958784,1.17141,5.086848,AMG,X022621_118_2
118,X022621,-32.59375,12.4865,2.6399,25.727,4,1.037359,0.9803173,0.007344301,7.300258,2.31748,3.150084,AMG,X022621_118_4
122,X022621,-22.6875,7.56512,15.28944,23.976,5,13.65491,0.9594595,0.09694477,6.162411,1.170833,5.263268,pu,X022621_122_5
128,X022621,-30.34375,13.21552,4.34602,23.934,5,0.681562,0.9994125,0.003231492,18.43238,3.016693,6.110128,AMG,X022621_128_5
130,X022621,-34.875,11.109,1.21854,23.498,3,0.2533205,0.9932432,0.005581669,14.7788,2.130945,6.935329,AMG,X022621_130_3
156,X022621,-20.84375,8.21986,18.34324,19.56,2,1.346948,0.9726792,0.05816686,7.338941,1.848024,3.971236,cd,X022621_156_2
003,X022720,-8.125,12.24368,23.84879,43.885,2,4.433694,1,0.0005875441,16.52457,2.251155,7.340486,12r,X022720_003_2
012,X022720,-10.90625,12.56,22.34084,42.26,2,3.514473,0.9770858,0.05493537,6.564294,1.16274,5.645541,12m,X022720_012_2
014,X022720,-11.65625,9.196,23.0895,41.98,2,3.379821,0.9770858,0.003231492,9.00466,1.7933,5.021279,46v,X022720_014_2
014,X022720,-11.65625,9.196,23.0895,41.98,3,0.09539672,0.9994125,0.004406581,23.93576,3.129303,7.648911,46v,X022720_014_3
015,X022720,-12.46875,7.84812,23.1945,41.64,2,0.7108106,0.9923619,0.01527615,5.868862,1.460944,4.017171,46v,X022720_015_2
016,X022720,-13.625,6.32724,22.8128,41.3,3,0.7221377,0.9864865,0.01057579,13.38588,1.515123,8.834848,46df,X022720_016_3
016,X022720,-13.625,6.32724,22.8128,41.3,5,4.192915,0.9856052,0.02878966,8.519152,1.613436,5.280129,46df,X022720_016_5
018,X022720,-7.6875,15.34022,23.16004,41.49,4,3.371531,0.9973561,0.02320799,9.335584,1.725225,5.411228,12m,X022720_018_4
027,X022720,-8.25,15.89137,22.09346,40.505,5,1.439003,0.9621034,0.01175088,8.920978,2.590558,3.443651,12l,X022720_027_5
036,X022720,-9.34375,17.48725,20.291,39.513,3,5.252752,0.9800235,0.04347826,9.946833,1.912712,5.200382,12o,X022720_036_3
045,X022720,-9.40625,19.04266,18.96161,38.308,3,0.217932,0.985899,0.008225617,17.82134,2.090668,8.524234,12o,X022720_045_3
048,X022720,-13.3125,15.23223,20.05742,37.398,3,2.83352,0.9797297,0.04817861,8.596437,1.801248,4.772491,12o,X022720_048_3
051,X022720,-17.40625,10.15279,19.0126,36.078,4,6.015611,0.9582844,0.1098707,6.145085,1.714195,3.584822,13l,X022720_051_4
051,X022720,-17.40625,10.15279,19.0126,36.078,7,2.581308,0.9673913,0.03730905,7.070092,1.811272,3.903384,13l,X022720_051_7
055,X022720,-11.53125,19.14484,17.22044,37.788,3,10.26761,0.9694477,0.1703878,7.243826,1.602956,4.519044,12l,X022720_055_3
057,X022720,-14.15625,16.46105,17.54279,36.958,3,0.9575433,0.9647474,0.07138661,9.633125,1.43434,6.716067,12o,X022720_057_3
063,X022720,-21.09375,8.4513,17.16725,34.863,2,2.831589,0.9970623,0.0005875441,10.03711,1.382568,7.259754,AI,X022720_063_2
066,X022720,-11.9375,19.53963,16.40265,36.398,2,25.43837,0.9800235,0.01527615,6.717457,1.465503,4.583723,12l,X022720_066_2
071,X022720,-18.625,12.01864,17.06768,34.048,3,5.521645,0.9911869,0.02967098,7.845258,1.352558,5.800313,AI,X022720_071_3
078,X022720,-14.96875,18.7333,14.6436,35.338,3,2.146233,0.9353701,0.02115159,7.508693,2.309805,3.25079,12o,X022720_078_3
079,X022720,-16.625,16.9881,14.9554,34.338,3,11.11759,0.9606345,0.09841363,6.627712,1.50002,4.418415,12o,X022720_079_3
079,X022720,-16.625,16.9881,14.9554,34.338,4,8.653964,0.9905993,0.007931845,11.03098,1.701014,6.484946,12o,X022720_079_4
081,X022720,-19.375,13.9508,15.1577,33.688,3,2.070924,0.9838426,0.007344301,8.048429,3.14873,2.556087,AI,X022720_081_3
085,X022720,-17.65625,7.67629,20.52635,31.328,3,0.7877322,0.9873678,0.005287896,13.24023,2.033126,6.512253,cd,X022720_085_3
086,X022720,-16,6.37134,22.70464,30.773,2,7.338899,0.9565217,0.005287896,10.10222,1.609087,6.27823,8B,X022720_086_2
091,X022720,-13.75,16.72672,17.79068,32.908,3,1.823141,0.9809048,0.02878966,10.43336,1.666921,6.259059,6VaVb,X022720_091_3
097,X022720,-17.25,7.7188,20.9226,29.788,3,5.398953,0.9609283,0.02702703,9.39651,1.538293,6.108399,cd,X022720_097_3
098,X022720,-17.25,6.2778,21.51415,29.363,1,7.154357,0.9873678,0.004700352,12.45342,1.826022,6.819975,cd,X022720_098_1
101,X022720,-12.375,20.35592,15.94604,32.268,1,0.4020256,0.9923619,0.001762632,20.68363,2.68164,7.713051,6VaVb,X022720_101_1
109,X022720,-15.8125,7.34546,22.05037,27.224,3,5.609575,0.996181,0.005581669,10.10993,1.525097,6.629041,cd,X022720_109_3
131,X022720,-24,10.22383,12.71579,23.282,3,0.553421,0.9952996,0.01880141,8.984725,2.895619,3.102868,pu,X022720_131_3
142,X022720,-25.8125,10.53587,10.7645,21.515,3,3.171225,0.9688601,0.03055229,4.701888,1.428388,3.291745,pu,X022720_142_3
020,X030121,-11.28125,13.617,21.7685,41.3,2,2.023356,0.9591657,0.01086957,6.983987,1.76785,3.950554,12m,X030121_020_2
029,X030121,-11,13.95857,21.94761,39.92,3,5.198874,0.9682726,0.02849589,7.009086,1.941055,3.610967,12m,X030121_029_3
033,X030121,-18.8125,7.529,18.3613,39.08,3,1.5482,0.9988249,0.007344301,13.08565,1.620894,8.073107,13m,X030121_033_3
041,X030121,-19.25,10.13384,17.23268,37.788,3,0.1192771,0.9982374,0.01380729,16.15057,1.66617,9.693227,13l,X030121_041_3
044,X030121,-19.6875,5.50995,18.84862,36.698,3,3.004006,0.9853114,0.06110458,7.254047,1.843942,3.933988,13m,X030121_044_3
046,X030121,-10.9375,17.71866,18.86034,38.308,4,1.075349,0.9817861,0.008225617,9.975767,1.678872,5.941945,12o,X030121_046_4
046,X030121,-10.9375,17.71866,18.86034,38.308,5,0.2621259,1,0.0005875441,30.40098,2.046421,14.85568,12o,X030121_046_5
048,X030121,-15.25,15.34913,18.11002,37.698,2,7.165149,0.989718,0.008813161,12.57168,1.463198,8.591922,12o,X030121_048_2
048,X030121,-15.25,15.34913,18.11002,37.698,5,4.081252,0.989718,0.006169213,8.403255,1.281236,6.558709,12o,X030121_048_5
049,X030121,-16.5625,14.40784,17.65844,37.663,3,1.342067,0.9929495,0.01674501,10.50562,2.481896,4.232899,13l,X030121_049_3
053,X030121,-23.03125,7.25194,15.40268,35.898,6,1.414029,0.996181,0.02262045,10.41924,1.864483,5.588274,13m,X030121_053_6
059,X030121,-17.8125,13.55325,16.59125,36.513,2,0.2528519,0.9985312,0.005875441,15.93491,2.470262,6.450697,12o,X030121_059_2
061,X030121,-18.71875,11.26392,18.05452,35.293,3,7.5214,0.9847239,0.004700352,5.234487,1.286729,4.068058,AI,X030121_061_3
068,X030121,-18.40625,16.8875,13.0862,36.088,4,4.078995,0.974148,0.01204465,7.502882,2.596177,2.889973,12o,X030121_068_4
068,X030121,-18.40625,16.8875,13.0862,36.088,6,0.7679411,0.9500588,0.003819037,12.83986,1.661374,7.72846,12o,X030121_068_6
069,X030121,-18.125,15.34525,15.228,35.513,4,0.3704028,0.934195,0.005581669,10.57427,1.48952,7.099109,12o,X030121_069_4
069,X030121,-18.125,15.34525,15.228,35.513,6,0.5012339,0.934195,0.009988249,9.495718,1.657689,5.728288,12o,X030121_069_6
070,X030121,-19.375,13.8574,15.0802,35.188,5,0.8085446,0.9932432,0.006756757,11.94422,1.954033,6.112598,AI,X030121_070_5
073,X030121,-23.65625,10.00756,14.18226,34.178,3,1.724656,0.9929495,0.0126322,8.717595,1.248738,6.981126,AI,X030121_073_3
079,X030121,-19.5,17.06286,12.15124,34.758,1,8.07155,1,0.0008813161,18.97207,2.067593,9.175922,12o,X030121_079_1
080,X030121,-19.375,15.45108,13.6902,34.223,5,0.9000654,0.9950295,0.00293772,13.97183,1.930055,7.239085,12o,X030121_080_5
081,X030121,-20.65625,13.982,13.78675,33.888,6,0.2009509,0.9994125,0.003819037,13.33787,2.634371,5.06302,AI,X030121_081_6
087,X030121,-22.90625,5.08584,16.2061,31.398,3,0.04528718,0.9985074,0,21.4676,2.654208,8.088137,cd,X030121_087_3
093,X030121,-20.375,13.99448,14.22891,32.943,4,7.084667,0.9762045,0.01175088,7.463114,2.569832,2.904125,AI,X030121_093_4
098,X030121,-22.375,6.30432,16.27016,30.128,4,1.058868,0.9350764,0.01527615,7.336024,2.345494,3.12771,pu,X030121_098_4
099,X030121,-22.0625,4.80482,17.03324,29.673,3,1.637185,0.9888366,0.01439483,9.670677,1.659315,5.828114,cd,X030121_099_3
100,X030121,-22.9375,3.31312,16.80044,29.428,1,8.930496,0.9365453,0.06374853,5.290803,1.819695,2.907522,cd,X030121_100_1
105,X030121,-32.0625,13.37867,2.52066,27.038,2,0.6538239,0.9844301,0.05963572,8.632857,1.345891,6.41423,AMG,X030121_105_2
109,X030121,-16.875,7.33508,21.08776,27.329,1,10.3985,0.989373,0.002350176,13.04391,1.410503,9.247701,cd,X030121_109_1
109,X030121,-16.875,7.33508,21.08776,27.329,3,4.754712,0.9976498,0.01204465,11.19433,1.231758,9.088088,cd,X030121_109_3
109,X030121,-16.875,7.33508,21.08776,27.329,5,13.17374,0.9336075,0.03819036,6.015116,1.122406,5.359129,cd,X030121_109_5
119,X030121,-35.1875,11.1,0.879080000000002,25.309,3,0.6510981,0.9929495,0.001762632,26.30482,3.505534,7.503799,AMG,X030121_119_3
123,X030121,-20.8125,5.89968,18.16924,26.973,5,2.218363,0.9529965,0.006169213,9.618241,1.760162,5.464407,cd,X030121_123_5
128,X030121,-30.4375,13.21552,4.34602,23.934,3,0.9933959,0.8407755,0.04876616,8.550253,1.512342,5.65365,AMG,X030121_128_3
130,X030121,-34.9375,11.109,1.21854,23.498,3,1.384743,0.9955693,0.006756757,10.92572,1.403489,7.784681,AMG,X030121_130_3
130,X030121,-34.9375,11.109,1.21854,23.498,4,0.06768393,0.9937971,0.003819037,13.55148,2.092707,6.475574,AMG,X030121_130_4
136,X030121,-22.90625,2.71652,16.80062,25.657,6,0.8240909,0.9958872,0.003525264,13.78947,1.918796,7.186522,cd,X030121_136_6
145,X030121,-20.5,6.70772,17.8739,20.883,7,0.1419946,1,0.001175088,15.68783,2.087955,7.513491,cd,X030121_145_7
150,X030121,-33.375,12.9148,1.8728,20.568,3,13.88479,0.9597532,0.153349,6.527395,1.422566,4.588467,AMG,X030121_150_3
014,X030220,-11.65625,9.196,23.0895,41.98,3,2.369021,0.9756169,0.01674501,7.207926,2.362575,3.050877,46v,X030220_014_3
016,X030220,-13.75,6.32724,22.8128,41.3,3,3.512967,0.9879553,0.0546416,9.118622,1.669824,5.46083,46df,X030220_016_3
018,X030220,-7.6875,15.34022,23.16004,41.49,5,0.5352573,1,0.01351351,11.02351,1.521421,7.245536,12m,X030220_018_5
019,X030220,-9,14.6146,23.296,41.2,2,1.345148,1,0.01527615,9.981972,4.223047,2.36369,12m,X030220_019_2
025,X030220,-17.25,5.60759,20.21758,39.81,1,8.48704,0.9706228,0.05111633,7.379915,2.104769,3.506282,11ml,X030220_025_1
025,X030220,-17.25,5.60759,20.21758,39.81,8,0.3724433,0.993537,0.001762632,9.314693,1.663677,5.598858,11ml,X030220_025_8
028,X030220,-9.9375,15.055,22.0686,40.2,3,1.040185,0.9988249,0.003231492,13.90188,1.722072,8.07276,12l,X030220_028_3
029,X030220,-11.28125,13.96791,21.63943,39.96,4,3.517799,0.9914806,0.02027027,12.42608,1.659309,7.488708,12m,X030220_029_4
036,X030220,-9.375,17.49348,20.16792,39.528,2,2.93207,0.9221504,0.05787309,9.709417,1.924049,5.046345,12o,X030220_036_2
037,X030220,-10.90625,15.99627,20.8358,39.008,3,11.74357,0.9612221,0.05552291,6.174684,1.217358,5.072202,12o,X030220_037_3
038,X030220,-12.0625,14.42433,21.13663,38.663,4,0.5135472,0.9955934,0.01498237,12.3528,2.109664,5.855339,13l,X030220_038_4
040,X030220,-13.8125,11.42068,21.489,37.588,3,0.951161,0.9988249,0.003231492,11.72768,1.654025,7.090391,46v,X030220_040_3
046,X030220,-10.46875,17.70228,19.32072,38.248,3,18.52044,0.9629847,0.1230905,7.826086,1.939987,4.034091,12o,X030220_046_3
055,X030220,-11.59375,19.14484,17.22044,37.788,2,6.19387,0.9092245,0.005875441,13.9436,1.653552,8.432512,12l,X030220_055_2
057,X030220,-14.21875,16.46105,17.54279,36.958,3,0.9242199,0.956228,0.05581669,9.944052,1.46061,6.80815,12o,X030220_057_3
057,X030220,-14.21875,16.46105,17.54279,36.958,4,0.05054843,0.9762045,0.005581669,14.83728,2.108615,7.036504,12o,X030220_057_4
057,X030220,-14.21875,16.46105,17.54279,36.958,5,2.760877,0.956228,0.04347826,8.253908,1.698388,4.859849,12o,X030220_057_5
077,X030220,-12.625,19.76316,15.49322,35.478,3,2.506278,0.9903055,0.1227967,13.32911,2.738584,4.867154,12l,X030220_077_3
078,X030220,-15.03125,18.7333,14.6436,35.338,2,1.657504,0.9971278,0.01733255,14.85151,2.317859,6.407423,12o,X030220_078_2
079,X030220,-16.6875,16.99433,14.72172,34.373,3,1.449229,0.9938308,0.02497062,9.043833,1.584118,5.709067,12o,X030220_079_3
081,X030220,-19.4375,13.9508,15.1577,33.688,3,1.364298,0.9926557,0.04054054,8.821139,1.912053,4.613439,AI,X030220_081_3
088,X030220,-18.5,3.40558,21.05164,30.498,3,6.637275,0.9676851,0.04788484,4.563976,1.082564,4.215894,cd,X030220_088_3
089,X030220,-13.375,20.12742,14.6065,33.728,3,0.4780848,0.9891304,0.03907168,9.32609,1.534399,6.078007,6VaVb,X030220_089_3
091,X030220,-13.75,16.72672,17.79068,32.908,3,2.656223,0.9853114,0.02761457,9.025037,1.754973,5.142551,6VaVb,X030220_091_3
091,X030220,-13.75,16.72672,17.79068,32.908,4,0.7211794,0.9952996,0.006756757,13.81945,1.650195,8.374434,6VaVb,X030220_091_4
098,X030220,-17.25,6.2778,21.51415,29.363,1,6.660561,0.9952996,0.00146886,16.49499,2.543718,6.484597,cd,X030220_098_1
098,X030220,-17.25,6.2778,21.51415,29.363,4,7.102953,0.9879553,0.01351351,6.355184,0.9842436,6.456922,cd,X030220_098_4
101,X030220,-12.4375,20.35986,15.76857,32.303,2,7.027862,0.9797297,0.01028202,12.35744,2.382255,5.187286,6VaVb,X030220_101_2
104,X030220,-15.75,14.61776,17.6818,31.588,3,0.4908696,0.9976498,0.005581669,17.81164,1.594553,11.17031,45,X030220_104_3
104,X030220,-15.75,14.61776,17.6818,31.588,4,1.304697,0.996181,0.01380729,9.837072,1.683108,5.844589,45,X030220_104_4
107,X030220,-17.75,11.1281,18.42476,25.79,3,6.703897,0.9905993,0.05287896,7.222636,1.762954,4.096893,pu,X030220_107_3
109,X030220,-15.875,7.34546,22.05037,27.224,3,4.291281,0.9964747,0.001175088,14.934,2.485721,6.007914,cd,X030220_109_3
131,X030220,-24.25,10.22424,12.33812,23.297,5,2.95862,0.9914806,0.1219154,7.384175,1.720516,4.291838,pu,X030220_131_5
142,X030220,-26.0625,10.53854,10.343,21.53,6,1.625631,0.993537,0.0819624,7.33571,2.504838,2.928617,pu,X030220_142_6
149,X030220,-26.5,13.8115,8.684,20.403,3,6.61009,0.9738543,0.03202115,6.203717,2.092585,2.964619,pu,X030220_149_3
004,X030221,-10.0625,11.46764,22.87244,43.415,4,1.894604,0.9905993,0.02438308,8.145578,2.044477,3.984188,12r,X030221_004_4
007,X030221,-13.71875,7.55962,21.40484,43.17,3,3.25789,0.9929495,0.01410106,10.08375,1.731683,5.823091,11ml,X030221_007_3
024,X030221,-16.03125,7.123,20.78909,40.075,4,1.424317,0.9635723,0.005581669,13.31338,1.358036,9.803409,11ml,X030221_024_4
029,X030221,-11.03125,13.95857,21.94761,39.92,3,2.875363,0.972973,0.106933,8.024669,1.591819,5.041195,12m,X030221_029_3
029,X030221,-11.03125,13.95857,21.94761,39.92,4,4.374304,0.9750293,0.01028202,8.050708,1.411472,5.703768,12m,X030221_029_4
031,X030221,-14.96875,10.41193,20.28124,39.475,2,6.244574,0.9465335,0.05346651,6.753935,1.66507,4.056247,13l,X030221_031_2
031,X030221,-14.96875,10.41193,20.28124,39.475,6,9.060193,0.9973561,0.006756757,7.642819,1.559034,4.902279,13l,X030221_031_6
033,X030221,-18.8125,7.529,18.3613,39.08,4,1.442561,0.9988249,0.001175088,12.88251,1.987253,6.482569,13m,X030221_033_4
041,X030221,-19.28125,10.13384,17.23268,37.788,5,0.7341136,0.9962582,0.008813161,10.58005,1.507479,7.018373,13l,X030221_041_5
046,X030221,-10.96875,17.71866,18.86034,38.308,4,5.508773,0.9662162,0.01292597,7.874564,2.037156,3.865469,12o,X030221_046_4
046,X030221,-10.96875,17.71866,18.86034,38.308,8,1.018155,0.9673913,0.003525264,18.09985,1.864742,9.706359,12o,X030221_046_8
046,X030221,-10.96875,17.71866,18.86034,38.308,9,0.510442,0.9911869,0.002056404,22.16558,2.334499,9.494792,12o,X030221_046_9
048,X030221,-15.25,15.34913,18.11002,37.698,6,8.286872,1,0.003231492,13.84741,1.274353,10.86623,12o,X030221_048_6
048,X030221,-15.25,15.34913,18.11002,37.698,9,4.65275,1,0.006169213,6.011888,0.9866684,6.093119,12o,X030221_048_9
049,X030221,-16.5625,14.40784,17.65844,37.663,4,0.9996446,0.9941245,0.002056404,12.74857,2.176511,5.857341,13l,X030221_049_4
051,X030221,-20.28125,10.22755,16.171,36.438,3,2.279469,0.9994125,0.004112808,16.97717,2.513908,6.753297,13l,X030221_051_3
056,X030221,-13.875,17.6469,16.37557,37.413,3,3.200458,0.9856052,0.01498237,10.115,2.011467,5.028667,12l,X030221_056_3
059,X030221,-17.84375,13.55325,16.59125,36.513,2,2.405005,0.9309636,0.01028202,9.323503,1.467077,6.355158,12o,X030221_059_2
059,X030221,-17.84375,13.55325,16.59125,36.513,3,2.227799,0.9309636,0.02585194,9.114476,1.172311,7.774795,12o,X030221_059_3
059,X030221,-17.84375,13.55325,16.59125,36.513,9,0.5428395,0.9982374,0.002350176,16.91597,1.81336,9.328522,12o,X030221_059_9
061,X030221,-18.75,11.26392,18.05452,35.293,3,5.493357,0.956228,0.01233843,4.335355,1.459003,2.97145,AI,X030221_061_3
065,X030221,-25.625,5.67592,13.48119,34.768,3,0.9391295,0.9785547,0.03055229,9.250221,1.751569,5.281105,13m,X030221_065_3
068,X030221,-18.4375,16.8875,13.0862,36.088,2,0.1664756,0.9582844,0.01556992,10.58073,2.418133,4.375579,12o,X030221_068_2
068,X030221,-18.4375,16.8875,13.0862,36.088,3,1.983616,0.9762045,0.007050529,5.763965,1.337861,4.308343,12o,X030221_068_3
073,X030221,-23.6875,10.0208,13.93455,34.213,3,1.089122,0.9427145,0.00293772,14.75888,1.71356,8.612994,AI,X030221_073_3
079,X030221,-19.53125,17.06909,11.91756,34.793,4,9.95403,0.9838426,0.004994125,7.73526,1.319256,5.863351,12o,X030221_079_4
080,X030221,-19.40625,15.45108,13.6902,34.223,2,0.8596259,0.9670975,0.006756757,12.83903,1.69199,7.588122,12o,X030221_080_2
080,X030221,-19.40625,15.45108,13.6902,34.223,4,0.444737,0.9670975,0.03407755,10.36818,1.424787,7.277,12o,X030221_080_4
086,X030221,-26,6.62808,12.83368,32.258,2,2.500913,0.9726792,0.01645123,7.053859,2.238688,3.150889,pu,X030221_086_2
087,X030221,-23.03125,5.08584,16.2061,31.398,2,2.313531,0.9867803,0.02027027,7.130649,2.319385,3.07437,cd,X030221_087_2
091,X030221,-16.6875,16.76416,14.89304,33.448,3,1.399182,0.9964747,0.009400705,12.92743,1.747307,7.398485,AI,X030221_091_3
093,X030221,-20.5,13.99448,14.22891,32.943,5,1.550394,0.9791422,0.01380729,7.270796,1.625326,4.473438,AI,X030221_093_5
097,X030221,-20.3125,7.72738,17.80366,30.228,5,0.133376,0.9976498,0,13.28448,3.020846,4.397601,pu,X030221_097_5
098,X030221,-22.5,6.30432,16.27016,30.128,6,3.299081,0.9941245,0.01028202,10.12159,2.694599,3.756252,pu,X030221_098_6
100,X030221,-23.0625,3.31624,16.50288,29.468,1,5.691366,0.9985312,0.0008813161,22.44841,4.495084,4.993992,cd,X030221_100_1
109,X030221,-17,7.33162,20.76689,27.364,2,4.415449,0.9588719,0.03025852,5.647165,1.135928,4.971412,cd,X030221_109_2
109,X030221,-17,7.33162,20.76689,27.364,3,7.289539,0.9762045,0.009400705,11.65268,1.295194,8.996861,cd,X030221_109_3
109,X030221,-17,7.33162,20.76689,27.364,7,10.93432,0.9638661,0.03084606,8.419074,1.004633,8.380252,cd,X030221_109_7
110,X030221,-21.71875,6.5289,17.03254,29.159,5,0.08361124,0.9941245,0.005287896,12.73619,1.859145,6.850563,pu,X030221_110_5
112,X030221,-22.75,4.27968,16.62189,28.051,2,1.209899,0.9932432,0.00293772,10.1469,1.653979,6.134841,cd,X030221_112_2
112,X030221,-22.75,4.27968,16.62189,28.051,4,3.421616,0.9932432,0.01116334,10.83171,1.311305,8.26025,cd,X030221_112_4
123,X030221,-20.8125,5.89968,18.16924,26.973,3,0.2699485,0.9883959,0,13.21732,1.931522,6.842953,cd,X030221_123_3
128,X030221,-30.5,13.21552,4.34602,23.934,5,7.337681,0.9632785,0.01086957,7.419288,2.231988,3.324072,AMG,X030221_128_5
128,X030221,-30.5,13.21552,4.34602,23.934,6,0.5083168,0.9952996,0.001762632,16.74987,2.035731,8.227937,AMG,X030221_128_6
130,X030221,-35,11.109,1.21854,23.498,2,0.9240112,0.9958872,0.002350176,12.13642,2.441738,4.970402,AMG,X030221_130_2
135,X030221,-20.625,4.30977,18.70578,25.193,2,0.08680371,1,0.004700352,18.76514,1.820262,10.30904,cd,X030221_135_2
150,X030221,-33.40625,12.9148,1.8728,20.568,3,7.146052,0.9597532,0.08666275,6.167807,1.682783,3.665241,AMG,X030221_150_3
155,X030221,-31.375,10.75818,7.27312,20.58,2,75.28256,0.9988249,0.005287896,7.941298,0.868582,9.142831,AMG,X030221_155_2
007,X030320,-12.0625,7.58552,23.06864,42.97,2,0.6910794,0.9976498,0.008225617,13.94937,1.534744,9.089049,46v,X030320_007_2
011,X030320,-9.9375,13.445,22.32657,42.41,3,5.923454,0.9359577,0.07755582,8.392257,1.859664,4.512782,12m,X030320_011_3
014,X030320,-11.71875,9.196,23.0895,41.98,3,2.290476,0.9914806,0.01175088,8.574278,1.481575,5.787272,46v,X030320_014_3
019,X030320,-9,14.6146,23.296,41.2,2,0.4083197,0.9994125,0.000293772,7.582901,1.573284,4.819793,12m,X030320_019_2
027,X030320,-8.28125,15.88948,21.97184,40.52,2,0.7542328,0.9994125,0.002643948,11.9059,2.210171,5.386867,12l,X030320_027_2
031,X030320,-14.65625,10.41126,20.46868,39.45,1,1.214143,0.9817861,0.003819037,7.741075,2.659289,2.910957,13l,X030320_031_1
045,X030320,-9.40625,19.04266,18.96161,38.308,2,0.6328383,0.9377204,0.002350176,11.50506,1.652955,6.960297,12o,X030320_045_2
047,X030320,-12.21875,16.31202,19.75408,37.738,3,1.723777,0.9888366,0.02320799,12.34056,1.595282,7.735657,12o,X030320_047_3
057,X030320,-14.21875,16.46105,17.54279,36.958,1,5.5957,0.9779671,0.009988249,8.090535,1.851456,4.369823,12o,X030320_057_1
066,X030320,-12,19.53963,16.40265,36.398,3,1.787567,0.9142185,0.07755582,10.77983,1.352084,7.972756,12l,X030320_066_3
076,X030320,-21.59375,5.2512,17.85502,32.508,2,2.198036,0.9864865,0,9.114895,2.063818,4.41652,cd,X030320_076_2
086,X030320,-16.0625,6.37134,22.70464,30.773,2,20.12323,0.96651,0.07931845,7.26603,1.27843,5.683559,8B,X030320_086_2
089,X030320,-13.4375,20.13131,14.43825,33.758,3,3.069434,0.976792,0.004406581,9.622959,1.748849,5.502453,6VaVb,X030320_089_3
091,X030320,-13.75,16.72672,17.79068,32.908,2,1.886112,0.9873678,0.007050529,11.99721,1.828469,6.561343,6VaVb,X030320_091_2
097,X030320,-17.25,7.7188,20.9226,29.788,3,3.004239,0.9723854,0.03290247,9.685123,1.544926,6.26899,cd,X030320_097_3
098,X030320,-17.25,6.2778,21.51415,29.363,2,13.67954,0.9485899,0.06874266,6.234064,1.29256,4.823037,cd,X030320_098_2
098,X030320,-17.25,6.2778,21.51415,29.363,4,8.315074,0.9720917,0.01292597,9.649589,1.440807,6.697351,cd,X030320_098_4
101,X030320,-12.4375,20.35986,15.76857,32.303,3,1.858853,0.8457697,0.01615746,9.035351,1.954834,4.622055,6VaVb,X030320_101_3
101,X030320,-12.4375,20.35986,15.76857,32.303,4,0.5685282,0.9958872,0.001762632,24.80957,2.859814,8.67524,6VaVb,X030320_101_4
106,X030320,-16.5625,12.57437,18.97684,26.079,3,5.645481,0.9676851,0.05728555,8.440681,1.512689,5.579919,pu,X030320_106_3
106,X030320,-16.5625,12.57437,18.97684,26.079,4,0.4786749,0.9503525,0.001175088,20.41743,2.003586,10.19044,pu,X030320_106_4
106,X030320,-16.5625,12.57437,18.97684,26.079,5,2.097073,0.9503525,0.008519389,15.0556,2.292387,6.567653,pu,X030320_106_5
107,X030320,-17.8125,11.1281,18.42476,25.79,2,15.47055,0.9776734,0.1621622,7.769798,1.262497,6.154311,pu,X030320_107_2
107,X030320,-17.8125,11.1281,18.42476,25.79,3,0.2503391,0.9668038,0.006756757,11.64322,2.640756,4.409047,pu,X030320_107_3
109,X030320,-15.875,7.34546,22.05037,27.224,3,1.939158,0.9879553,0.005875441,4.998801,1.161616,4.303318,cd,X030320_109_3
109,X030320,-15.875,7.34546,22.05037,27.224,4,1.651792,1,0,25.50518,2.081477,12.2534,cd,X030320_109_4
112,X030320,-17.4375,4.14232,22.01786,27.371,2,0.6234878,0.9991187,0.005287896,11.78637,1.684576,6.996641,cd,X030320_112_2
007,X030321,-13.71875,7.55962,21.40484,43.17,5,3.083496,0.9955934,0.05787309,9.222494,1.723777,5.350168,11ml,X030321_007_5
011,X030321,-9.28125,13.457,22.97895,42.35,3,0.4302521,0.9952996,0.002350176,10.67232,3.2022,3.332809,12r,X030321_011_3
015,X030321,-13.96875,7.83472,21.687,41.84,5,1.64489,0.9973561,0.00293772,10.84149,2.71825,3.98841,11ml,X030321_015_5
029,X030321,-11.0625,13.95857,21.94761,39.92,2,3.916344,0.9606345,0.05052879,6.647505,1.479589,4.492806,12m,X030321_029_2
029,X030321,-11.0625,13.95857,21.94761,39.92,4,1.150281,1,0,23.82143,1.991854,11.95943,12m,X030321_029_4
033,X030321,-18.84375,7.531,18.14585,39.11,2,1.51421,0.9994125,0,13.53204,1.80235,7.508,13m,X030321_033_2
041,X030321,-19.3125,10.13384,17.23268,37.788,4,0.7181181,0.9847239,0.01233843,11.26171,1.473687,7.641856,13l,X030321_041_4
041,X030321,-19.3125,10.13384,17.23268,37.788,5,5.703197,0.9550529,0.1316099,6.386285,1.391238,4.590363,13l,X030321_041_5
048,X030321,-15.28125,15.34913,18.11002,37.698,4,8.956923,0.979436,0.009694478,8.09343,1.947475,4.155858,12o,X030321_048_4
048,X030321,-15.28125,15.34913,18.11002,37.698,5,2.534825,0.979436,0.09106933,10.35552,1.814957,5.705657,12o,X030321_048_5
048,X030321,-15.28125,15.34913,18.11002,37.698,6,5.308514,0.9850176,0.009400705,5.805198,1.080527,5.372563,12o,X030321_048_6
051,X030321,-20.3125,10.22755,16.171,36.438,3,1.824969,0.9814923,0.04054054,11.63087,1.491229,7.799524,13l,X030321_051_3
051,X030321,-20.3125,10.22755,16.171,36.438,5,0.9824735,0.9814923,0.007638073,17.60377,1.633087,10.77944,13l,X030321_051_5
053,X030321,-23.09375,7.25194,15.40268,35.898,3,0.3153426,0.9956376,0.0493537,9.991803,1.337799,7.468837,13m,X030321_053_3
056,X030321,-13.90625,17.6469,16.37557,37.413,2,2.946326,0.9997062,0.002350176,11.85308,1.637719,7.237552,12l,X030321_056_2
058,X030321,-17.15625,15.04409,15.94562,36.878,5,0.5630901,0.9895517,0.009988249,11.13933,1.481465,7.51913,12o,X030321_058_5
059,X030321,-17.875,13.56104,16.35756,36.548,2,4.457887,0.9861927,0.02262045,9.488117,1.909469,4.968981,12o,X030321_059_2
069,X030321,-18.1875,15.34525,15.228,35.513,3,3.182044,0.9597532,0.07285547,8.458898,2.147595,3.938776,12o,X030321_069_3
069,X030321,-18.1875,15.34525,15.228,35.513,4,0.8608915,0.9685664,0.006169213,11.87693,1.9277,6.161195,12o,X030321_069_4
070,X030321,-19.4375,13.8574,15.0802,35.188,3,0.8882918,0.9720917,0.007344301,10.26807,1.925228,5.333427,AI,X030321_070_3
072,X030321,-21.375,10.8662,15.7036,34.088,6,0.6150256,0.9919942,0.00146886,12.32544,1.836977,6.70963,AI,X030321_072_6
073,X030321,-23.71875,10.0208,13.93455,34.213,1,10.92885,0.9292009,0.04494712,6.001753,1.816719,3.303622,AI,X030321_073_1
073,X030321,-23.71875,10.0208,13.93455,34.213,6,1.008475,0.9462397,0.003819037,12.49639,1.511829,8.265742,AI,X030321_073_6
073,X030321,-23.71875,10.0208,13.93455,34.213,9,0.7786161,0.9982374,0.003525264,9.593465,1.250119,7.674038,AI,X030321_073_9
074,X030321,-24.96875,8.8403,13.4831,33.988,4,0.1837908,0.9944183,0.006169213,5.902395,1.243584,4.746278,13m,X030321_074_4
078,X030321,-15,18.7333,14.6436,35.338,3,1.911537,0.9932432,0.006169213,12.00556,2.079812,5.772424,12o,X030321_078_3
079,X030321,-19.5625,17.06909,11.91756,34.793,2,7.23836,0.9682726,0.009988249,7.514051,1.348323,5.572887,12o,X030321_079_2
079,X030321,-19.5625,17.06909,11.91756,34.793,6,3.237756,0.9738543,0.001762632,13.88952,2.015826,6.890241,12o,X030321_079_6
080,X030321,-19.4375,15.45108,13.6902,34.223,6,6.639313,0.9688601,0.05082256,5.403189,1.087514,4.968386,12o,X030321_080_6
080,X030321,-19.4375,15.45108,13.6902,34.223,7,0.5371843,0.9480023,0.01145711,9.431322,1.396042,6.755756,12o,X030321_080_7
087,X030321,-23.09375,5.09362,15.91555,31.443,6,6.169883,0.9820799,0.07373678,7.273078,2.038313,3.568184,cd,X030321_087_6
091,X030321,-16.6875,16.76416,14.89304,33.448,2,1.203215,0.979436,0.01145711,12.30899,1.545813,7.962794,AI,X030321_091_2
093,X030321,-20.53125,13.99448,14.22891,32.943,4,0.9050392,0.9803173,0.00293772,6.965873,3.650871,1.908003,AI,X030321_093_4
097,X030321,-20.375,7.72738,17.80366,30.228,3,0.4794064,0.9900118,0.0126322,7.790904,2.387844,3.262736,pu,X030321_097_3
100,X030321,-23.0625,3.31624,16.50288,29.468,2,3.994401,0.9950058,0.008519389,13.34333,2.045496,6.523273,cd,X030321_100_2
103,X030321,-20.125,15.99428,11.68348,33.348,3,0.2754293,0.9925492,0.008225617,17.75285,1.973594,8.99519,AI,X030321_103_3
104,X030321,-18.75,14.53484,14.7832,32.188,2,0.7119675,0.9873678,0.02262045,7.867658,1.82951,4.300418,AI,X030321_104_2
105,X030321,-32.1875,13.37867,2.52066,27.038,3,23.28814,0.9955934,0.02878966,8.072203,2.132827,3.784743,AMG,X030321_105_3
112,X030321,-22.875,4.27968,16.62189,28.051,2,0.1750989,0.9944183,0,10.35509,2.763645,3.746895,cd,X030321_112_2
118,X030321,-32.78125,12.485,2.2176,25.742,2,0.6644549,0.9937232,0,21.43889,2.128039,10.07448,AMG,X030321_118_2
123,X030321,-20.8125,5.89968,18.16924,26.973,4,10.42104,0.9744418,0.06462985,6.263295,2.005755,3.122662,cd,X030321_123_4
128,X030321,-30.53125,13.21552,4.34602,23.934,2,10.38282,0.9694477,0.06962397,6.275039,1.590831,3.944504,AMG,X030321_128_2
128,X030321,-30.53125,13.21552,4.34602,23.934,6,7.409609,0.9538778,0.03290247,6.390878,2.054459,3.110736,AMG,X030321_128_6
128,X030321,-30.53125,13.21552,4.34602,23.934,7,1.160135,0.8760282,0.03143361,9.919685,2.925032,3.391309,AMG,X030321_128_7
128,X030321,-30.53125,13.21552,4.34602,23.934,9,0.4203316,0.9908931,0.001175088,17.19534,2.467966,6.967413,AMG,X030321_128_9
130,X030321,-35.03125,11.109,1.21854,23.498,1,0.9153777,0.9855733,0.0005875441,15.48788,2.20632,7.019783,AMG,X030321_130_1
130,X030321,-35.03125,11.109,1.21854,23.498,5,6.504663,0.9644536,0.1330787,6.484486,1.39406,4.651511,AMG,X030321_130_5
135,X030321,-20.6875,4.3111,18.4114,25.233,2,4.040096,0.9826674,0.01292597,4.830744,1.49947,3.221634,cd,X030321_135_2
145,X030321,-20.6875,6.70772,17.8739,20.883,5,0.5659619,0.9900118,0.005581669,12.66443,2.400496,5.275754,cd,X030321_145_5
146,X030321,-19.65625,5.75123,19.05795,21.273,3,0.3858619,0.9950058,0.003819037,5.436759,1.182749,4.596713,cd,X030321_146_3
155,X030321,-31.4375,10.80367,6.89578,20.605,4,58.00648,0.9988249,0.02967098,7.979677,1.035992,7.702452,AMG,X030321_155_4
004,X030420,-9.96875,11.47368,23.04228,43.4,2,0.3596167,0.9673913,0.001762632,13.61802,1.996946,6.819425,12r,X030420_004_2
004,X030420,-9.96875,11.47368,23.04228,43.4,5,2.074099,0.9559342,0.005875441,6.274816,1.55966,4.023194,12r,X030420_004_5
005,X030420,-10.75,10.37113,22.78939,43.685,3,1.70967,0.9900118,0.01028202,14.00477,2.312577,6.055916,11ml,X030420_005_3
014,X030420,-11.78125,9.192,22.93275,42,1,2.685856,0.815805,0.0126322,6.085452,1.916929,3.174584,46v,X030420_014_1
016,X030420,-13.8125,6.32591,22.6247,41.325,2,0.4823039,0.9923619,0.01057579,9.78983,3.1301,3.127642,46df,X030420_016_2
019,X030420,-9.03125,14.6146,23.296,41.2,3,4.205198,0.9809048,0.01615746,5.221917,2.337941,2.233553,12m,X030420_019_3
029,X030420,-11.34375,13.96791,21.63943,39.96,3,0.4457764,0.9964747,0.01909518,11.64092,1.362079,8.546432,12m,X030420_029_3
045,X030420,-9.4375,19.04812,18.83152,38.328,3,0.4191768,0.9994125,0.0005875441,21.82266,3.03297,7.195147,12o,X030420_045_3
046,X030420,-10.53125,17.70228,19.32072,38.248,3,22.00856,0.9653349,0.10047,7.876291,1.655712,4.757043,12o,X030420_046_3
048,X030420,-13.5,15.24392,19.86268,37.428,3,3.779661,0.9955934,0.03584019,9.522894,1.79918,5.292907,12o,X030420_048_3
053,X030420,-21,7.18962,17.52764,35.618,4,7.905344,0.9944183,0.1292597,7.730124,1.430994,5.401925,13m,X030420_053_4
057,X030420,-14.21875,16.46105,17.54279,36.958,3,4.800291,0.9753231,0.0273208,7.059258,2.637114,2.676887,12o,X030420_057_3
072,X030420,-20.09375,10.82725,17.02,33.888,3,6.744637,0.9982374,0.003819037,14.62134,2.076208,7.042332,AI,X030420_072_3
076,X030420,-21.59375,5.2512,17.85502,32.508,4,0.1726696,0.9788484,0.001175088,6.269269,2.052336,3.0547,cd,X030420_076_4
078,X030420,-15.09375,18.74109,14.43328,35.373,4,8.653485,0.9864865,0.01703878,8.800982,1.667497,5.277959,12o,X030420_078_4
086,X030420,-16.09375,6.37134,22.70464,30.773,2,23.00707,0.976792,0.05111633,7.204343,1.284462,5.608842,8B,X030420_086_2
089,X030420,-13.46875,20.13131,14.43825,33.758,3,0.8659728,0.9911869,0.003231492,10.25356,1.47176,6.966867,6VaVb,X030420_089_3
089,X030420,-13.46875,20.13131,14.43825,33.758,5,0.127333,0.9911869,0.001175088,17.19063,2.187162,7.859787,6VaVb,X030420_089_5
091,X030420,-13.75,16.72672,17.79068,32.908,2,1.085188,0.9544653,0.03084606,8.441756,1.652315,5.109047,6VaVb,X030420_091_2
091,X030420,-13.75,16.72672,17.79068,32.908,5,2.15263,0.9544653,0.005287896,11.53604,1.799915,6.409214,6VaVb,X030420_091_5
095,X030420,-18.1875,9.80133,18.62633,30.543,2,0.3271522,0.9991187,0.01028202,10.29312,1.446421,7.116265,pu,X030420_095_2
098,X030420,-17.3125,6.27936,21.20568,29.408,2,24.31291,0.9694477,0.1313161,7.112952,1.34878,5.273621,cd,X030420_098_2
101,X030420,-12.4375,20.35986,15.76857,32.303,3,2.242769,0.9435958,0.0146886,9.387735,1.885316,4.979397,6VaVb,X030420_101_3
101,X030420,-12.4375,20.35986,15.76857,32.303,5,0.7357392,0.9988249,0,27.80911,3.095608,8.983409,6VaVb,X030420_101_5
106,X030420,-16.5625,12.57437,18.97684,26.079,3,2.788134,0.979436,0.04964747,7.186776,2.096015,3.428781,pu,X030420_106_3
107,X030420,-17.8125,11.1281,18.42476,25.79,3,2.440213,0.9952996,0.02085781,8.808919,1.739325,5.064562,pu,X030420_107_3
109,X030420,-15.9375,7.34546,22.05037,27.224,3,2.568399,0.9920682,0.0005875441,5.037054,1.004713,5.013427,cd,X030420_109_3
109,X030420,-15.9375,7.34546,22.05037,27.224,5,5.465942,1,0.0005875441,21.7473,1.580435,13.76033,cd,X030420_109_5
111,X030420,-19.1875,5.86057,20.09378,27.727,2,4.705724,0.9653349,0.1413043,6.094622,1.058283,5.758972,cd,X030420_111_2
112,X030420,-17.4375,4.14232,22.01786,27.371,3,2.793407,0.9950058,0.01028202,7.927994,1.489116,5.323958,cd,X030420_112_3
117,X030420,-23.125,13.76236,11.27984,25.372,2,2.145879,0.9697415,0.09576968,6.889178,2.170208,3.174433,pu,X030420_117_2
142,X030420,-26.5,10.54121,9.9215,21.545,3,0.4949571,0.9430082,0.007344301,4.908786,1.242157,3.951824,pu,X030420_142_3
143,X030420,-27.4375,9.5569,9.3397,22,2,23.2471,0.9785547,0.01439483,5.466548,1.305261,4.188087,AMG,X030420_143_2
011,X030421,-9.3125,13.457,22.97895,42.35,3,0.7975578,0.9908931,0.005875441,10.17301,2.969081,3.426315,12m,X030421_011_3
029,X030421,-11.0625,13.95857,21.94761,39.92,3,2.220299,0.9988249,0.002350176,17.9285,2.137701,8.386813,12m,X030421_029_3
033,X030421,-18.875,7.531,18.14585,39.11,2,1.761793,0.996181,0.003525264,13.15688,2.587724,5.084344,13m,X030421_033_2
041,X030421,-19.34375,10.13384,17.23268,37.788,2,0.5986292,0.987074,0.01204465,8.245541,1.236024,6.67102,13l,X030421_041_2
046,X030421,-11.03125,17.71866,18.86034,38.308,2,9.982367,0.9532902,0.01968273,7.054842,1.325115,5.323946,12o,X030421_046_2
046,X030421,-11.03125,17.71866,18.86034,38.308,3,0.1767534,0.9841363,0.002056404,17.12317,3.896705,4.394269,12o,X030421_046_3
048,X030421,-15.3125,15.36082,17.91528,37.728,3,4.834547,0.9629847,0.01703878,7.772363,1.300325,5.977246,12o,X030421_048_3
048,X030421,-15.3125,15.36082,17.91528,37.728,4,0.9412481,0.9629847,0.04553467,10.20128,1.323812,7.705994,12o,X030421_048_4
049,X030421,-16.625,14.42108,17.47928,37.688,3,0.6805059,0.9947121,0.000293772,11.88207,1.605399,7.40132,13l,X030421_049_3
051,X030421,-20.34375,10.22755,16.171,36.438,3,6.036373,0.9527027,0.05199765,6.166256,1.940772,3.177218,13l,X030421_051_3
056,X030421,-13.9375,17.6508,16.20654,37.438,3,2.668011,0.9988249,0.009400705,10.44188,1.56253,6.682676,12l,X030421_056_3
059,X030421,-17.90625,13.56104,16.35756,36.548,3,0.4556424,0.9723854,0.006169213,11.25988,1.659459,6.785271,12o,X030421_059_3
059,X030421,-17.90625,13.56104,16.35756,36.548,5,2.200815,0.9723854,0.004112808,16.49863,2.174423,7.587589,12o,X030421_059_5
060,X030421,-18.125,12.69244,17.51983,35.878,3,1.093239,0.9967685,0.003525264,14.48252,1.650219,8.776122,AI,X030421_060_3
061,X030421,-18.8125,11.26392,18.05452,35.293,3,6.885778,0.979436,0.01615746,5.724577,1.351291,4.236376,AI,X030421_061_3
062,X030421,-22.125,9.9726,15.56766,35.433,4,1.967386,0.9970623,0.01292597,12.28371,3.540853,3.469138,13l,X030421_062_4
062,X030421,-22.125,9.9726,15.56766,35.433,7,0.191511,1,0.02820211,10.75448,1.774994,6.058884,13l,X030421_062_7
068,X030421,-18.5,16.8875,13.0862,36.088,8,0.7433603,0.9895697,0.006756757,15.335,1.616334,9.487519,12o,X030421_068_8
071,X030421,-20.125,12.04198,15.60476,34.258,2,0.08210278,0.9641598,0.00293772,15.12562,2.485756,6.084917,AI,X030421_071_2
079,X030421,-19.59375,17.06909,11.91756,34.793,3,0.9496305,0.9941245,0.01880141,9.412833,1.540394,6.110665,12o,X030421_079_3
091,X030421,-16.6875,16.76416,14.89304,33.448,3,7.535855,0.9574031,0.06492362,7.615623,1.665813,4.571714,AI,X030421_091_3
092,X030421,-20.5625,15.48852,12.85542,33.398,4,52.22823,0.976792,0.07021151,5.886183,1.08721,5.414027,AI,X030421_092_4
092,X030421,-20.5625,15.48852,12.85542,33.398,5,2.363184,0.9894242,0.01938896,10.89281,1.871774,5.81951,AI,X030421_092_5
093,X030421,-20.59375,13.9976,13.9742,32.988,2,1.05777,0.989718,0.004994125,8.549331,2.851755,2.997919,AI,X030421_093_2
093,X030421,-20.59375,13.9976,13.9742,32.988,4,1.661047,0.9817861,0.01527615,9.537661,1.752885,5.441122,AI,X030421_093_4
103,X030421,-20.15625,15.99428,11.68348,33.348,2,11.09766,0.9970623,0.002643948,10.41408,1.29084,8.067677,AI,X030421_103_2
103,X030421,-20.15625,15.99428,11.68348,33.348,6,2.29336,0.9647474,0.003231492,6.474293,1.639774,3.948282,AI,X030421_103_6
110,X030421,-21.90625,6.5312,16.74052,29.209,3,0.2303118,1,0.00146886,12.89326,1.733736,7.436692,pu,X030421_110_3
112,X030421,-22.9375,4.28776,16.30448,28.091,2,0.09208801,0.9991187,0.004700352,13.52422,4.347834,3.110565,cd,X030421_112_2
112,X030421,-22.9375,4.28776,16.30448,28.091,6,1.927037,0.976792,0.01351351,4.546967,1.744257,2.606822,cd,X030421_112_6
118,X030421,-32.84375,12.485,2.2176,25.742,2,3.625877,0.9753231,0.01028202,7.329584,2.44611,2.996425,AMG,X030421_118_2
119,X030421,-35.375,11.1,0.879080000000002,25.309,5,0.4176489,0.9659224,0.02085781,9.36538,2.02858,4.616717,AMG,X030421_119_5
119,X030421,-35.375,11.1,0.879080000000002,25.309,6,0.1093456,0.9659224,0.003525264,13.05433,3.131231,4.169073,AMG,X030421_119_6
123,X030421,-20.8125,5.89968,18.16924,26.973,5,3.935935,0.9753231,0.08725029,6.536683,1.42653,4.582225,cd,X030421_123_5
128,X030421,-30.5625,13.21552,4.34602,23.934,2,10.21535,0.9388954,0.1042891,5.481524,1.315559,4.166687,AMG,X030421_128_2
128,X030421,-30.5625,13.21552,4.34602,23.934,3,0.736438,0.9700353,0.03437133,8.375256,1.703508,4.916474,AMG,X030421_128_3
147,X030421,-17.90625,4.07042,21.71181,23.374,2,0.7577848,0.9814923,0.008225617,5.942198,3.51461,1.690714,cd,X030421_147_2
155,X030421,-31.5625,10.80367,6.89578,20.605,5,101.9538,0.9988249,0.2047591,4.707692,1.05658,4.455595,AMG,X030421_155_5
007,X030520,-12.125,7.58552,23.06864,42.97,3,0.7910182,0.9976498,0.004994125,15.23079,2.307912,6.59938,46v,X030520_007_3
013,X030520,-10.6875,10.672,23.33902,42.155,4,6.354496,0.9885429,0.02085781,9.430651,2.245263,4.200243,46v,X030520_013_4
036,X030520,-9.4375,17.49348,20.16792,39.528,2,0.381645,1,0.01086957,14.95921,1.561026,9.582929,12o,X030520_036_2
037,X030520,-10.96875,15.99627,20.8358,39.008,5,5.663203,0.9941245,0.002350176,5.559232,1.199953,4.632875,12o,X030520_037_5
038,X030520,-12.125,14.43056,20.96916,38.688,3,0.4193808,0.9682726,0.006756757,14.13664,1.837888,7.691783,13l,X030520_038_3
046,X030520,-10.53125,17.70228,19.32072,38.248,2,17.8732,0.9756169,0.09341951,7.765269,1.579342,4.916773,12o,X030520_046_2
047,X030520,-12.25,16.31202,19.75408,37.738,6,5.5298,0.953584,0.0525852,8.098903,1.91858,4.221301,12o,X030520_047_6
047,X030520,-12.25,16.31202,19.75408,37.738,7,0.2413852,0.9967685,0.004700352,17.10916,1.849298,9.251703,12o,X030520_047_7
048,X030520,-13.5,15.24392,19.86268,37.428,5,3.506643,0.9900118,0.09430082,7.839087,1.542399,5.082397,12o,X030520_048_5
061,X030520,-16.40625,11.11828,20.51368,34.908,3,2.31294,0.9900118,0.09518214,7.849764,1.57357,4.988506,AI,X030520_061_3
066,X030520,-12.0625,19.54352,16.2266,36.428,1,21.7879,0.9873678,0.03701528,8.57414,1.428257,6.003219,12l,X030520_066_1
066,X030520,-12.0625,19.54352,16.2266,36.428,4,1.663523,0.9861927,0.04817861,8.106288,1.70129,4.764788,12l,X030520_066_4
068,X030520,-16.75,16.8439,14.70636,35.848,3,0.1367197,0.9932432,0.002056404,11.40967,1.778096,6.416792,12o,X030520_068_3
069,X030520,-16.90625,15.3063,16.4198,35.338,2,19.0895,0.9629847,0.1891892,5.449427,1.331001,4.094232,AI,X030520_069_2
074,X030520,-22.84375,8.73131,15.39697,33.708,6,0.1325655,0.9985701,0.005875441,9.03133,1.639006,5.510247,13m,X030520_074_6
076,X030520,-21.65625,5.2512,17.85502,32.508,7,2.011074,0.9894242,0.01821387,5.646103,2.511224,2.248347,cd,X030520_076_7
077,X030520,-12.75,19.7655,15.32575,35.513,1,20.34417,0.970329,0.1183901,7.421887,1.276951,5.812196,12l,X030520_077_1
078,X030520,-15.15625,18.74109,14.43328,35.373,3,5.751037,0.987074,0.02379553,9.695788,1.509755,6.422094,12o,X030520_078_3
079,X030520,-16.8125,16.99433,14.72172,34.373,6,0.4309857,0.9929495,0.006756757,11.43156,1.8951,6.032169,12o,X030520_079_6
085,X030520,-17.8125,7.68018,20.2397,31.368,5,2.14321,0.9712104,0.05728555,8.413027,1.424819,5.90463,cd,X030520_085_5
085,X030520,-17.8125,7.68018,20.2397,31.368,6,0.4475184,0.9712104,0.02085781,12.71851,1.475333,8.62077,cd,X030520_085_6
086,X030520,-16.09375,6.37134,22.70464,30.773,2,33.18549,0.9515276,0.1574618,5.683227,1.350312,4.208825,8B,X030520_086_2
089,X030520,-13.46875,20.13131,14.43825,33.758,2,0.1052702,0.9994125,0.00146886,20.45086,2.807252,7.285007,6VaVb,X030520_089_2
090,X030520,-16.625,18.24806,13.24312,33.583,6,5.958443,0.9641598,0.03789659,6.951507,2.281771,3.04654,12o,X030520_090_6
091,X030520,-13.75,16.72672,17.79068,32.908,2,0.7861406,0.9982374,0.0005875441,14.3926,1.726601,8.335803,6VaVb,X030520_091_2
097,X030520,-17.3125,7.7188,20.9226,29.788,3,7.899734,0.9603408,0.07491187,7.891907,1.799849,4.384761,cd,X030520_097_3
098,X030520,-17.3125,6.27936,21.20568,29.408,1,18.37808,0.943302,0.1063455,6.016344,1.205666,4.99006,cd,X030520_098_1
098,X030520,-17.3125,6.27936,21.20568,29.408,4,9.499928,0.9914806,0.004700352,11.61842,1.326808,8.756668,cd,X030520_098_4
101,X030520,-12.4375,20.35986,15.76857,32.303,3,2.111784,0.9377204,0.02967098,8.434774,1.711995,4.926868,6VaVb,X030520_101_3
101,X030520,-12.4375,20.35986,15.76857,32.303,5,0.6064014,0.9982374,0.002350176,22.27388,2.47947,8.983323,6VaVb,X030520_101_5
104,X030520,-15.9375,14.61085,17.44025,31.638,3,4.601719,0.9644536,0.04377203,7.592342,2.02493,3.749434,45,X030520_104_3
104,X030520,-15.9375,14.61085,17.44025,31.638,5,5.114009,0.9917744,0.01145711,7.315151,1.131077,6.467422,45,X030520_104_5
109,X030520,-15.9375,7.34546,22.05037,27.224,2,7.492101,0.9468272,0,20.77759,1.519714,13.67204,cd,X030520_109_2
142,X030520,-26.625,10.54121,9.9215,21.545,7,0.4523541,0.9888366,0.01439483,11.37629,1.621427,7.016221,pu,X030520_142_7
142,X030520,-26.625,10.54121,9.9215,21.545,8,1.401906,0.9694477,0.008519389,5.439521,1.855746,2.931177,pu,X030520_142_8
143,X030520,-27.4375,9.5569,9.3397,22,2,53.6736,0.9594595,0.09371328,5.73992,1.426265,4.02444,AMG,X030520_143_2
149,X030520,-26.8125,13.79945,8.308,20.408,3,6.733154,0.9764982,0.09900118,8.281115,2.079861,3.981571,pu,X030520_149_3
012,X030521,-10.09375,12.56,23.11328,42.17,2,6.322405,0.9726792,0.07168037,8.076762,1.994197,4.050132,12m,X030521_012_2
012,X030521,-10.09375,12.56,23.11328,42.17,6,15.91194,0.960047,0.08372503,6.500059,1.124916,5.778261,12m,X030521_012_6
020,X030521,-11.40625,13.623,21.5964,41.32,3,0.543003,0.9826674,0.01909518,7.180418,2.287179,3.139422,12m,X030521_020_3
029,X030521,-11.09375,13.95857,21.94761,39.92,2,3.491086,0.9829612,0.006462985,9.289393,1.370054,6.780313,12m,X030521_029_2
029,X030521,-11.09375,13.95857,21.94761,39.92,4,2.227099,0.9829612,0.004700352,8.119386,2.024724,4.010119,12m,X030521_029_4
031,X030521,-15.0625,10.4126,20.0938,39.5,6,0.4292637,0.9952996,0.007050529,11.63815,2.587948,4.497058,13l,X030521_031_6
033,X030521,-18.875,7.531,18.14585,39.11,5,1.751991,0.9973561,0.001175088,14.69732,1.622211,9.060053,13m,X030521_033_5
037,X030521,-8.96875,15.93089,22.7006,38.728,3,1.056158,0.9662162,0.003231492,14.01021,2.40902,5.815732,12o,X030521_037_3
041,X030521,-19.375,10.13384,17.23268,37.788,3,7.757642,0.972973,0.1225029,8.932407,1.479957,6.035584,13l,X030521_041_3
046,X030521,-11.0625,17.71866,18.86034,38.308,4,2.435512,0.9800235,0.01057579,9.778419,2.546541,3.839883,12o,X030521_046_4
048,X030521,-15.34375,15.36082,17.91528,37.728,4,4.588616,0.9938308,0.01145711,11.39621,1.462194,7.793913,12o,X030521_048_4
049,X030521,-16.65625,14.42108,17.47928,37.688,1,0.7636055,0.9982374,0.003525264,12.015,3.016979,3.982461,13l,X030521_049_1
051,X030521,-20.375,10.22755,16.171,36.438,1,8.603284,0.9988249,0.002643948,15.166,2.607421,5.816474,13l,X030521_051_1
054,X030521,-21.875,5.77288,16.80614,35.478,3,0.4886566,0.9923664,0.006462985,11.47423,2.564103,4.474949,13m,X030521_054_3
056,X030521,-13.96875,17.6508,16.20654,37.438,4,2.255451,0.9885429,0.01380729,8.256923,1.426948,5.78642,12l,X030521_056_4
060,X030521,-18.15625,12.70412,17.30484,35.908,2,1.52613,0.9453584,0.003819037,12.63527,1.485151,8.507738,AI,X030521_060_2
060,X030521,-18.15625,12.70412,17.30484,35.908,3,2.593501,0.9453584,0.01615746,10.88755,1.678105,6.488004,AI,X030521_060_3
062,X030521,-22.15625,9.9726,15.56766,35.433,4,0.2216594,0.9973561,0.07726204,20.15342,2.732547,7.375327,13l,X030521_062_4
064,X030521,-25.0625,7.05776,13.88972,35.028,2,7.405904,0.9623972,0.03349001,5.377729,1.18185,4.550264,13m,X030521_064_2
068,X030521,-18.53125,16.8875,13.0862,36.088,3,0.9149619,0.9876616,0.004994125,9.217873,2.190711,4.207709,12o,X030521_068_3
068,X030521,-18.53125,16.8875,13.0862,36.088,6,0.4959038,0.9876616,0.0005875441,14.97482,2.608822,5.740072,12o,X030521_068_6
072,X030521,-21.4375,10.8662,15.7036,34.088,7,0.4285952,0.9935962,0,12.51209,2.467429,5.070903,AI,X030521_072_7
074,X030521,-25.03125,8.8403,13.4831,33.988,5,1.624231,0.9947121,0.03319624,13.97453,1.532981,9.115915,13m,X030521_074_5
077,X030521,-15.3125,19.79826,12.98117,36.003,3,0.7587116,0.989718,0.002350176,9.427987,2.870538,3.284397,12o,X030521_077_3
079,X030521,-19.65625,17.06909,11.91756,34.793,2,5.125414,0.9670975,0.02115159,7.92276,1.261433,6.28076,12o,X030521_079_2
079,X030521,-19.65625,17.06909,11.91756,34.793,4,2.162491,0.9670975,0.01028202,11.18514,1.450074,7.713498,12o,X030521_079_4
080,X030521,-19.53125,15.45576,13.4534,34.258,1,7.386082,0.9588719,0.05611046,8.665444,1.728138,5.014326,12o,X030521_080_1
082,X030521,-22.53125,11.58572,13.54356,32.968,2,0.6958355,0.9944183,0.008225617,14.4799,1.716646,8.434999,AI,X030521_082_2
091,X030521,-16.6875,16.76416,14.89304,33.448,2,0.3260169,0.996181,0.01380729,14.83211,1.759377,8.430319,AI,X030521_091_2
092,X030521,-20.625,15.49086,12.59681,33.443,1,50.20167,0.9532902,0.1157462,5.322439,1.160038,4.588159,AI,X030521_092_1
100,X030521,-23.1875,3.31624,16.50288,29.468,3,0.7572795,0.9964747,0.01762632,9.440298,1.694466,5.571252,cd,X030521_100_3
103,X030521,-20.21875,15.99428,11.68348,33.348,1,9.010676,0.9764982,0.02085781,8.375536,2.114348,3.961285,AI,X030521_103_1
104,X030521,-18.84375,14.53484,14.7832,32.188,3,0.5242042,0.9979436,0.002643948,16.08292,1.655339,9.715784,AI,X030521_104_3
104,X030521,-18.84375,14.53484,14.7832,32.188,6,0.9159552,0.9788484,0.01968273,8.259749,2.247232,3.675521,AI,X030521_104_6
110,X030521,-21.96875,6.5312,16.74052,29.209,3,4.893276,0.9571093,0.04347826,5.654621,1.525398,3.706982,pu,X030521_110_3
111,X030521,-22.5,5.97486,16.80544,28.222,4,0.9509788,0.9955584,0.008519389,12.87696,2.139695,6.018126,cd,X030521_111_4
112,X030521,-23,4.28776,16.30448,28.091,3,3.768201,0.9900118,0.01145711,5.830644,2.109689,2.763746,cd,X030521_112_3
119,X030521,-35.4375,11.1,0.444760000000002,25.324,2,5.430716,0.9606345,0.02350176,7.267852,1.402349,5.182626,AMG,X030521_119_2
123,X030521,-20.875,5.89968,18.16924,26.973,1,7.494462,0.9979436,0.00146886,13.33828,1.34228,9.937032,cd,X030521_123_1
130,X030521,-35.125,11.106,0.859360000000002,23.508,4,0.0655855,0.9468272,0.001762632,16.42226,2.371441,6.925012,AMG,X030521_130_4
146,X030521,-19.78125,5.75123,19.05795,21.273,2,0.1312476,0.9923619,0.008813161,11.14705,2.220529,5.02,cd,X030521_146_2
007,X030620,-12.1875,7.58293,22.90226,42.99,3,2.417722,0.9726792,0.04465335,9.741286,1.521101,6.404103,46v,X030620_007_3
008,X030620,-14.25,6.03093,21.77368,42.855,3,3.278869,0.9809048,0.02555817,7.896355,2.59331,3.044894,11ml,X030620_008_3
013,X030620,-10.71875,10.672,23.33902,42.155,3,2.622351,0.9606345,0.05611046,7.993549,1.587878,5.03411,46v,X030620_013_3
013,X030620,-10.71875,10.672,23.33902,42.155,4,1.628414,0.9606345,0.0672738,11.79642,1.712068,6.890162,46v,X030620_013_4
019,X030620,-9.09375,14.61661,23.14725,41.22,2,1.020816,0.991228,0.05082256,10.06129,1.429422,7.03871,12m,X030620_019_2
027,X030620,-8.375,15.88948,21.97184,40.52,1,13.2079,0.9556404,0.1621622,6.635624,1.357658,4.887552,12l,X030620_027_1
028,X030620,-10.03125,15.057,21.94587,40.215,4,0.2053678,0.9459459,0.002350176,16.12656,2.010792,8.020004,12l,X030620_028_4
037,X030620,-11,16.00094,20.7026,39.028,2,4.666855,0.9697415,0.02027027,4.240994,1.036728,4.090747,12o,X030620_037_2
037,X030620,-11,16.00094,20.7026,39.028,4,0.1389904,0.9994125,0.006756757,11.51583,3.148368,3.657715,12o,X030620_037_4
038,X030620,-12.15625,14.43056,20.96916,38.688,2,3.008004,0.989718,0.06991775,8.614308,1.911493,4.506587,13l,X030620_038_2
038,X030620,-12.15625,14.43056,20.96916,38.688,3,2.143483,0.9894242,0.039953,6.568049,1.195731,5.492918,13l,X030620_038_3
040,X030620,-14.0625,11.42769,21.28725,37.613,2,1.942981,0.9850176,0.04230317,7.632341,1.833223,4.163346,46v,X030620_040_2
046,X030620,-10.59375,17.70228,19.32072,38.248,2,9.84353,0.9900118,0.05787309,8.660741,1.536264,5.637535,12o,X030620_046_2
047,X030620,-12.3125,16.31202,19.75408,37.738,3,3.050957,0.9829612,0.1089894,10.24352,1.488717,6.880768,12o,X030620_047_3
055,X030620,-11.71875,19.14718,17.07088,37.813,2,2.603852,0.9882491,0.009694478,10.86857,1.773148,6.129537,12l,X030620_055_2
055,X030620,-11.71875,19.14718,17.07088,37.813,4,15.5323,0.9518214,0.08431257,6.569353,1.919014,3.423296,12l,X030620_055_4
066,X030620,-12.0625,19.54352,16.2266,36.428,3,22.81743,0.9820799,0.07197415,6.732797,1.441548,4.670533,12l,X030620_066_3
071,X030620,-18.9375,12.02253,16.82386,34.083,3,8.870465,0.9588719,0.1712691,7.280657,1.020307,7.13575,AI,X030620_071_3
077,X030620,-12.8125,19.7655,15.32575,35.513,1,21.27087,0.9908931,0.01204465,10.29541,1.156749,8.900292,12l,X030620_077_1
077,X030620,-12.8125,19.7655,15.32575,35.513,4,2.986719,0.947121,0.01733255,4.800754,1.130818,4.245381,12l,X030620_077_4
085,X030620,-17.875,7.68018,20.2397,31.368,3,1.853793,0.9926557,0.02497062,9.738068,1.627759,5.982502,cd,X030620_085_3
089,X030620,-13.53125,20.13131,14.43825,33.758,3,1.77844,0.9750293,0.004112808,9.152414,1.370249,6.679379,6VaVb,X030620_089_3
089,X030620,-13.53125,20.13131,14.43825,33.758,4,0.6770653,0.9750293,0.005875441,9.93154,1.569501,6.327832,6VaVb,X030620_089_4
091,X030620,-13.8125,16.72672,17.79068,32.908,2,0.8904111,0.9856052,0.004406581,8.502975,2.446382,3.475735,6VaVb,X030620_091_2
095,X030620,-18.25,9.80133,18.62633,30.543,4,5.223989,1,0.006169213,13.37982,1.66247,8.048159,pu,X030620_095_4
097,X030620,-17.375,7.71958,20.63906,29.828,3,3.457283,0.9876616,0.02262045,9.569615,1.407932,6.796929,cd,X030620_097_3
098,X030620,-17.375,6.27936,21.20568,29.408,4,9.155124,0.9982374,0.03730905,10.68717,1.447491,7.38324,cd,X030620_098_4
104,X030620,-16.0625,14.61085,17.44025,31.638,2,2.467555,0.9841363,0.01086957,11.59762,2.236505,5.1856,45,X030620_104_2
109,X030620,-15.9375,7.34546,22.05037,27.224,2,10.03554,0.9988249,0.007931845,11.30743,1.19476,9.464186,cd,X030620_109_2
117,X030620,-23.375,13.76236,11.27984,25.372,3,5.468687,0.9779671,0.03290247,3.811898,1.00429,3.795614,pu,X030620_117_3
118,X030620,-23.0625,12.5195,11.9305,25.397,1,3.388389,0.8313748,0.06551117,4.413932,1.570523,2.810486,pu,X030620_118_1
119,X030620,-24.5625,11.1,11.30276,24.949,3,0.2587916,0.9949074,0.002350176,9.940871,2.052507,4.843283,pu,X030620_119_3
011,X030821,-9.34375,13.455,22.87022,42.36,3,4.680419,0.9809048,0.02173913,9.612226,1.640747,5.858444,12m,X030821_011_3
011,X030821,-9.34375,13.455,22.87022,42.36,5,0.08256379,0.9932432,0.005875441,13.56991,2.030344,6.683553,12m,X030821_011_5
012,X030821,-10.09375,12.56,23.11328,42.17,6,1.375633,0.9947121,0.01968273,10.47,1.438243,7.279717,12m,X030821_012_6
016,X030821,-15.375,6.31527,21.1199,41.525,3,1.130027,0.9885429,0.09195065,6.635224,1.345112,4.93284,11ml,X030821_016_3
020,X030821,-11.40625,13.623,21.5964,41.32,3,0.3908997,0.9994125,0.001762632,10.34182,1.323322,7.815048,12m,X030821_020_3
029,X030821,-11.09375,13.95857,21.94761,39.92,3,3.031757,0.987074,0.004112808,9.635445,1.597918,6.029999,12m,X030821_029_3
033,X030821,-18.875,7.531,18.14585,39.11,3,1.338407,0.9994125,0.01028202,13.15643,1.641206,8.016317,13m,X030821_033_3
041,X030821,-19.375,10.13384,17.23268,37.788,5,5.707619,0.9565217,0.1072268,7.188563,1.34697,5.336839,13l,X030821_041_5
041,X030821,-19.375,10.13384,17.23268,37.788,6,2.283392,0.9565217,0.01439483,10.46527,1.328537,7.877291,13l,X030821_041_6
046,X030821,-11.0625,17.71866,18.86034,38.308,3,0.3079126,0.9676851,0.006756757,13.1568,1.940681,6.779476,12o,X030821_046_3
056,X030821,-13.96875,17.6508,16.20654,37.438,4,2.074131,0.9829612,0.004994125,9.550152,1.244771,7.672214,12l,X030821_056_4
060,X030821,-18.15625,12.70412,17.30484,35.908,6,0.3512079,0.9885429,0,16.37057,1.855282,8.823762,AI,X030821_060_6
060,X030821,-18.15625,12.70412,17.30484,35.908,7,1.960572,0.9885429,0.005581669,12.45189,1.800967,6.914002,AI,X030821_060_7
061,X030821,-18.875,11.26392,18.05452,35.293,1,0.6053404,0.9656287,0.009106933,5.377793,3.213459,1.673521,AI,X030821_061_1
062,X030821,-22.15625,9.9726,15.56766,35.433,3,0.4904049,0.9753231,0.05346651,8.560713,1.590476,5.382484,13l,X030821_062_3
063,X030821,-24.59375,8.66942,13.72115,35.353,3,3.911722,0.9700353,0.04524089,8.813239,1.535461,5.7398,13l,X030821_063_3
068,X030821,-18.53125,16.8875,13.0862,36.088,2,0.4245656,0.8957109,0.004700352,7.372183,1.630146,4.522407,12o,X030821_068_2
068,X030821,-18.53125,16.8875,13.0862,36.088,4,0.5290965,0.9917744,0.005581669,10.36808,2.274504,4.558393,12o,X030821_068_4
081,X030821,-20.8125,13.982,13.78675,33.888,2,1.26816,0.9788484,0.008225617,8.932358,2.137874,4.178149,AI,X030821_081_2
092,X030821,-20.625,15.49086,12.59681,33.443,1,45.80029,0.9380141,0.1718566,5.118795,1.133335,4.516578,AI,X030821_092_1
103,X030821,-20.21875,15.99428,11.68348,33.348,5,1.40624,0.9694477,0,22.15069,3.127321,7.08296,AI,X030821_103_5
104,X030821,-18.84375,14.53484,14.7832,32.188,3,0.4859562,0.9853114,0.01703878,7.955109,1.789447,4.445568,AI,X030821_104_3
105,X030821,-32.34375,13.37408,2.15284,27.048,4,1.022643,0.9938308,0.01527615,10.85399,2.000031,5.426908,AMG,X030821_105_4
110,X030821,-21.96875,6.5312,16.74052,29.209,3,5.704845,0.9653349,0.04964747,5.311063,1.751645,3.032043,pu,X030821_110_3
110,X030821,-21.96875,6.5312,16.74052,29.209,4,0.05637255,0.9964747,0.00293772,14.01771,2.505136,5.59559,pu,X030821_110_4
112,X030821,-23,4.28776,16.30448,28.091,3,3.205856,0.9894242,0.01821387,5.366695,1.511762,3.549961,cd,X030821_112_3
119,X030821,-35.4375,11.1,0.444760000000002,25.324,3,0.2533965,0.9775495,0.01615746,11.56243,2.885893,4.006535,AMG,X030821_119_3
128,X030821,-30.6875,13.2035,3.93575,23.944,1,7.270696,0.9811986,0.0913631,7.782172,1.14022,6.825147,AMG,X030821_128_1
135,X030821,-20.84375,4.3111,18.4114,25.233,5,1.280177,0.9844301,0.05875441,8.547713,2.052603,4.164328,cd,X030821_135_5
139,X030821,-32.09375,13.45,3.024,21.981,3,4.586671,0.9386017,0.1113396,5.532739,1.754768,3.152975,AMG,X030821_139_3
156,X030821,-21.40625,8.32958,17.53772,19.62,5,0.2446452,0.9976498,0.007050529,12.55225,1.772533,7.081531,cd,X030821_156_5
007,X030920,-12.25,7.58293,22.90226,42.99,2,5.399169,0.96651,0.03672151,8.864402,1.933442,4.584777,46v,X030920_007_2
036,X030920,-9.5625,17.49971,20.04484,39.543,2,7.127635,0.9623972,0.08813161,8.32533,1.941016,4.289161,12o,X030920_036_2
040,X030920,-14.125,11.42769,21.28725,37.613,3,0.4359733,0.989718,0.004994125,11.73891,1.495501,7.849484,46v,X030920_040_3
040,X030920,-14.125,11.42769,21.28725,37.613,4,1.043434,0.989718,0.02761457,10.23757,1.969491,5.198081,46v,X030920_040_4
047,X030920,-12.375,16.31825,19.5905,37.763,2,0.5112064,0.9908735,0.008519389,10.66294,2.171225,4.911026,12o,X030920_047_2
049,X030920,-14.78125,14.27544,19.45004,37.413,3,0.4922205,0.9905993,0.01175088,9.03802,2.734819,3.304796,13l,X030920_049_3
055,X030920,-11.71875,19.14718,17.07088,37.813,3,21.75579,0.9353701,0.09312573,5.435007,1.822779,2.981714,12l,X030920_055_3
055,X030920,-11.71875,19.14718,17.07088,37.813,4,2.176672,0.9947121,0.004406581,13.31038,1.968815,6.760607,12l,X030920_055_4
061,X030920,-16.53125,11.13152,20.29012,34.943,3,10.62848,0.9990557,0.005287896,13.61803,1.417786,9.605136,AI,X030920_061_3
066,X030920,-12.1875,19.54352,16.2266,36.428,2,5.999976,0.9952996,0.02350176,7.626442,1.168543,6.526453,12l,X030920_066_2
068,X030920,-16.875,16.8439,14.70636,35.848,3,1.883361,0.9565217,0.02027027,7.487332,1.445464,5.179883,12o,X030920_068_3
081,X030920,-19.75,13.95704,14.88351,33.728,3,0.2297544,0.9826674,0.01733255,11.49231,1.486312,7.732098,AI,X030920_081_3
095,X030920,-18.25,9.80133,18.62633,30.543,3,6.008979,0.9923619,0.03055229,8.512903,1.266277,6.722782,pu,X030920_095_3
097,X030920,-17.375,7.71958,20.63906,29.828,1,3.434679,0.9900118,0.01733255,10.52556,1.441274,7.30296,cd,X030920_097_1
098,X030920,-17.375,6.27936,21.20568,29.408,2,16.82093,0.9253819,0.1421857,5.65776,1.098564,5.150142,cd,X030920_098_2
098,X030920,-17.375,6.27936,21.20568,29.408,4,12.1291,0.9908931,0.01674501,10.4357,1.389265,7.511671,cd,X030920_098_4
101,X030920,-12.6875,20.3638,15.5911,32.338,3,4.910515,0.987074,0.0199765,10.27948,2.155762,4.768372,6VaVb,X030920_101_3
106,X030920,-16.8125,12.5782,18.5554,26.089,3,2.656116,0.9950058,0.007638073,15.65277,2.598477,6.023826,pu,X030920_106_3
106,X030920,-16.8125,12.5782,18.5554,26.089,4,1.140902,0.9944183,0.01057579,8.890526,1.716821,5.178481,pu,X030920_106_4
107,X030920,-18.0625,11.13065,18.00204,25.8,3,3.553624,0.9811986,0.04553467,7.415043,1.71959,4.3121,pu,X030920_107_3
109,X030920,-15.9375,7.34546,22.05037,27.224,1,30.93109,0.9682726,0.1891892,6.035849,1.315178,4.589378,cd,X030920_109_1
118,X030920,-23.1875,12.5195,11.9305,25.397,3,0.4551874,0.9958872,0.02115159,8.74555,3.00914,2.906328,pu,X030920_118_3
131,X030920,-25.0625,10.22506,11.58278,23.327,3,0.1277127,0.9994125,0.02115159,17.24508,1.955162,8.820279,pu,X030920_131_3
143,X030920,-27.6875,9.5569,9.3397,22,1,57.90292,0.9468272,0.08813161,5.944861,0.9314681,6.382249,AMG,X030920_143_1
011,X030921,-9.375,13.455,22.87022,42.36,1,20.85288,0.9515276,0.1319036,5.663565,1.16495,4.861638,12m,X030921_011_1
012,X030921,-10.09375,12.56,23.11328,42.17,3,3.856757,0.9750293,0.0913631,7.64968,1.527645,5.007499,12m,X030921_012_3
013,X030921,-13.6875,10.63,20.42548,42.47,3,4.033898,0.9609283,0.03584019,6.570638,2.076116,3.16487,11ml,X030921_013_3
015,X030921,-14.125,7.83338,21.53625,41.86,3,1.065167,0.9894242,0.002643948,8.39956,2.984126,2.814747,11ml,X030921_015_3
016,X030921,-15.40625,6.31527,21.1199,41.525,3,0.6952642,0.9817861,0.03642773,7.299222,1.339706,5.448378,11ml,X030921_016_3
029,X030921,-11.125,13.96324,21.79352,39.94,3,2.857913,1,0.001175088,12.43731,2.084972,5.965218,12m,X030921_029_3
033,X030921,-18.90625,7.531,18.14585,39.11,3,1.536237,0.9929495,0.01821387,11.86657,1.812254,6.54796,13m,X030921_033_3
041,X030921,-19.40625,10.13384,17.23268,37.788,3,3.084996,0.9679788,0.01762632,9.626755,1.304459,7.379882,13l,X030921_041_3
041,X030921,-19.40625,10.13384,17.23268,37.788,4,1.655103,0.9679788,0.003525264,14.12541,1.775894,7.95397,13l,X030921_041_4
046,X030921,-11.09375,17.72412,18.70688,38.328,3,1.277738,0.9941245,0.006169213,15.0278,2.40431,6.250359,12o,X030921_046_3
050,X030921,-16.34375,11.536,19.146,36.388,3,25.05969,0.9386017,0.1762632,5.713748,1.166336,4.898888,13l,X030921_050_3
055,X030921,-11.8125,19.14952,16.92132,37.838,3,0.5737969,0.9923619,0.02027027,9.246641,3.441168,2.687065,12l,X030921_055_3
056,X030921,-14,17.6508,16.20654,37.438,3,8.159357,0.9679788,0.006169213,7.174743,1.266621,5.664476,12l,X030921_056_3
058,X030921,-17.25,15.04409,15.94562,36.878,3,0.8017786,0.9938308,0.004700352,11.62043,2.901635,4.004788,12o,X030921_058_3
060,X030921,-18.1875,12.70412,17.30484,35.908,3,0.8002943,0.9283196,0.0005875441,11.92663,2.385701,4.999213,AI,X030921_060_3
060,X030921,-18.1875,12.70412,17.30484,35.908,4,1.732871,0.9835488,0,17.05809,1.781947,9.572725,AI,X030921_060_4
068,X030921,-18.5625,16.89295,12.88368,36.118,4,2.434942,0.989718,0.01351351,8.353177,1.352149,6.177707,12o,X030921_068_4
070,X030921,-19.53125,13.86363,14.84029,35.223,3,0.6698687,0.9809048,0.004700352,7.752975,1.328337,5.836603,AI,X030921_070_3
072,X030921,-21.46875,10.87399,15.44032,34.128,4,1.716474,0.9982374,0.001175088,17.20274,3.233285,5.320515,AI,X030921_072_4
080,X030921,-19.5625,15.45576,13.4534,34.258,3,2.956712,0.9876616,0.01410106,8.172571,2.508806,3.257553,12o,X030921_080_3
080,X030921,-19.5625,15.45576,13.4534,34.258,4,10.68295,0.9647474,0.04289072,6.025608,1.100355,5.476059,12o,X030921_080_4
085,X030921,-26.84375,7.80077,11.35355,32.608,2,0.3157893,0.9976498,0.006756757,10.89426,1.699384,6.410712,AI,X030921_085_2
087,X030921,-23.21875,5.09362,15.91555,31.443,3,0.2558895,0.9957871,0.01439483,10.66388,1.941909,5.491439,cd,X030921_087_3
088,X030921,-25.96875,3.57382,13.51756,31.578,1,3.380069,0.9676851,0.009400705,5.731314,1.64148,3.491553,cd,X030921_088_1
091,X030921,-16.71875,16.76416,14.89304,33.448,3,3.85205,0.9670975,0.008813161,7.42804,1.753272,4.236673,AI,X030921_091_3
098,X030921,-22.75,6.30588,15.96169,30.173,3,0.7122132,0.9867803,0.03113984,8.569827,2.884852,2.97063,pu,X030921_098_3
104,X030921,-18.90625,14.52793,14.54165,32.238,3,0.4329835,0.9958872,0,9.165111,2.416418,3.79285,AI,X030921_104_3
108,X030921,-19.59375,8.23028,17.88808,28.729,4,0.2581504,0.9976498,0.06110458,10.20735,1.154254,8.843242,pu,X030921_108_4
110,X030921,-22.03125,6.5312,16.74052,29.209,2,5.006071,0.9917744,0.06286722,8.251241,1.941008,4.251009,pu,X030921_110_2
120,X030921,-36.5625,9.47309,0.158839999999998,25.754,3,0.1639863,0.9817861,0.0005875441,18.25595,1.964686,9.292043,AMG,X030921_120_3
128,X030921,-30.75,13.2035,3.93575,23.944,3,4.192118,0.9773796,0.009400705,7.59403,2.780396,2.731277,AMG,X030921_128_3
130,X030921,-35.1875,11.106,0.859360000000002,23.508,5,0.5951864,0.983255,0.007050529,10.9017,3.467049,3.144375,AMG,X030921_130_5
136,X030921,-22.96875,2.71652,16.80062,25.657,3,0.5478399,0.9867803,0.02408931,9.193347,2.736225,3.359865,cd,X030921_136_3
156,X030921,-21.46875,8.32958,17.53772,19.62,3,0.6536755,0.9994125,0.03701528,13.79384,2.204934,6.255896,cd,X030921_156_3
027,X031020,-8.40625,15.88759,21.85022,40.535,3,1.472354,0.9529965,0.02232667,3.823845,1.407719,2.716341,12l,X031020_027_3
036,X031020,-9.625,17.50594,19.92176,39.558,3,3.073222,0.970329,0.003819037,9.411695,1.801559,5.224196,12o,X031020_036_3
037,X031020,-11.125,16.00561,20.5694,39.048,3,0.7393824,0.9903055,0.02908343,9.83798,1.304559,7.541228,12o,X031020_037_3
040,X031020,-14.125,11.42769,21.28725,37.613,3,0.4426158,0.993537,0.01321974,11.52216,1.798694,6.405852,46v,X031020_040_3
047,X031020,-12.40625,16.31825,19.5905,37.763,3,8.027255,0.976792,0.07197415,7.483193,2.099431,3.564392,12o,X031020_047_3
048,X031020,-13.625,15.25561,19.66794,37.458,3,2.613793,0.9764982,0.01556992,9.566101,1.5151,6.31384,12o,X031020_048_3
048,X031020,-13.625,15.25561,19.66794,37.458,5,1.679298,0.9979436,0.006169213,7.560809,1.125755,6.716212,12o,X031020_048_5
049,X031020,-14.8125,14.28868,19.27088,37.438,3,0.7469124,0.9588719,0.01586369,9.018374,1.747563,5.160542,13l,X031020_049_3
049,X031020,-14.8125,14.28868,19.27088,37.438,4,0.2311823,0.9588719,0.002643948,9.01649,1.549528,5.818862,13l,X031020_049_4
051,X031020,-18.09375,10.17148,18.3022,36.168,8,0.9622598,0.9950058,0.0126322,7.865657,3.230319,2.434947,13l,X031020_051_8
052,X031020,-20.65625,8.69447,16.79885,36.058,1,0.2134161,1,0,14.63703,1.917052,7.63518,13l,X031020_052_1
061,X031020,-16.53125,11.13152,20.29012,34.943,1,9.035942,0.9982374,0.01439483,11.85353,1.170004,10.13118,AI,X031020_061_1
066,X031020,-12.25,19.54741,16.05055,36.458,3,0.9874242,0.9300823,0.0126322,8.961185,1.159131,7.730954,12l,X031020_066_3
068,X031020,-16.9375,16.84935,14.50384,35.878,2,0.7457376,0.9903055,0.01762632,9.39952,1.91265,4.914397,12o,X031020_068_2
077,X031020,-12.875,19.7655,15.32575,35.513,3,15.39018,0.9615158,0.02408931,8.666396,1.944749,4.456306,12l,X031020_077_3
085,X031020,-17.9375,7.68018,20.2397,31.368,3,2.026955,0.9547591,0.06051704,8.653772,1.668073,5.187887,cd,X031020_085_3
085,X031020,-17.9375,7.68018,20.2397,31.368,4,1.00936,0.9547591,0.02438308,11.44775,1.569987,7.291616,cd,X031020_085_4
089,X031020,-13.65625,20.1352,14.27,33.788,1,1.534683,0.9527027,0.007931845,12.29127,2.039767,6.02582,6VaVb,X031020_089_1
089,X031020,-13.65625,20.1352,14.27,33.788,5,9.423908,0.9441833,0.02702703,6.092705,1.820033,3.347579,6VaVb,X031020_089_5
097,X031020,-17.4375,7.71958,20.63906,29.828,3,3.621901,0.9779671,0.03319624,9.784413,1.475563,6.630968,cd,X031020_097_3
098,X031020,-17.4375,6.27936,21.20568,29.408,3,11.56743,0.9383079,0.04612221,6.194382,1.104747,5.607059,cd,X031020_098_3
098,X031020,-17.4375,6.27936,21.20568,29.408,4,11.59406,0.9785547,0.01351351,9.452112,1.340169,7.052923,cd,X031020_098_4
101,X031020,-12.6875,20.3638,15.5911,32.338,3,1.29151,0.9541715,0.002056404,9.069945,1.551776,5.844882,6VaVb,X031020_101_3
101,X031020,-12.6875,20.3638,15.5911,32.338,4,2.86601,0.9541715,0.009106933,6.092899,1.125411,5.413933,6VaVb,X031020_101_4
106,X031020,-16.875,12.5782,18.5554,26.089,2,2.81264,0.987074,0.1292597,7.093561,1.464289,4.844371,pu,X031020_106_2
109,X031020,-16.0625,7.342,21.7295,27.259,4,3.477284,0.9430082,0.001762632,20.32673,1.708667,11.89625,cd,X031020_109_4
109,X031020,-16.0625,7.342,21.7295,27.259,6,24.0587,0.9629847,0.1001763,5.591435,0.8862649,6.308989,cd,X031020_109_6
118,X031020,-23.375,12.5195,11.9305,25.397,3,8.178622,0.9759107,0.0819624,7.151696,1.385991,5.159988,pu,X031020_118_3
141,X031020,-27.5625,11.711,8.7508,21.82,3,1.062223,0.9985312,0.01028202,10.7586,1.710455,6.289906,AMG,X031020_141_3
004,X031021,-10.3125,11.4616,22.7026,43.43,3,8.951089,0.9629847,0.1589307,6.519436,1.944333,3.353045,12m,X031021_004_3
011,X031021,-9.40625,13.455,22.87022,42.36,2,0.5143568,0.9823737,0.01674501,9.489088,2.71013,3.501341,12m,X031021_011_2
011,X031021,-9.40625,13.455,22.87022,42.36,4,0.114096,0.9823737,0.006462985,14.81934,2.127172,6.966688,12m,X031021_011_4
012,X031021,-10.09375,12.56,23.11328,42.17,3,1.653536,0.9917744,0.02497062,9.309844,1.520586,6.122535,12m,X031021_012_3
014,X031021,-14.625,9.12,20.11125,42.36,3,0.5073416,0.9876616,0.00293772,10.9485,2.71132,4.03807,11ml,X031021_014_3
015,X031021,-14.1875,7.83338,21.53625,41.86,4,3.314492,0.9717979,0.09753232,6.654637,1.60927,4.13519,11ml,X031021_015_4
015,X031021,-14.1875,7.83338,21.53625,41.86,6,0.5566314,0.9861927,0.00293772,10.68111,2.526858,4.227033,11ml,X031021_015_6
020,X031021,-11.46875,13.623,21.5964,41.32,2,0.9482961,0.9900118,0.01556992,12.09746,1.468218,8.239553,12m,X031021_020_2
024,X031021,-16.25,7.125,20.59832,40.1,4,1.190999,0.996181,0.04318449,8.916306,1.671278,5.335023,11ml,X031021_024_4
029,X031021,-11.15625,13.96324,21.79352,39.94,3,2.032332,0.9903055,0.03848414,9.211116,1.998151,4.60982,12m,X031021_029_3
033,X031021,-18.9375,7.531,18.14585,39.11,3,1.707558,0.9979436,0.006169213,12.49804,1.74897,7.14594,13m,X031021_033_3
043,X031021,-21.71875,7.09272,16.24548,37.288,2,0.8366796,0.9994125,0,11.77446,2.690297,4.376641,13m,X031021_043_2
047,X031021,-13.40625,16.35563,18.60902,37.913,4,7.331613,0.9908931,0.02173913,6.859692,1.229726,5.578228,12o,X031021_047_4
047,X031021,-13.40625,16.35563,18.60902,37.913,5,1.235108,0.9955934,0.003819037,14.29869,1.774858,8.056245,12o,X031021_047_5
048,X031021,-15.40625,15.36082,17.91528,37.728,3,3.865161,0.9958872,0.001175088,12.17455,1.675015,7.268322,12o,X031021_048_3
050,X031021,-16.375,11.54145,18.94425,36.413,3,25.56911,0.9811986,0.05640423,6.376263,1.184416,5.383467,13l,X031021_050_3
053,X031021,-23.28125,7.25973,15.13706,35.933,3,0.6061552,0.9958304,0.01321974,10.67025,1.377428,7.746501,13m,X031021_053_3
054,X031021,-21.9375,5.77288,16.80614,35.478,4,0.9467167,0.9888366,0.03554641,10.80774,3.134215,3.448308,13m,X031021_054_4
059,X031021,-18,13.56104,16.35756,36.548,3,4.265822,0.9694477,0.06551117,8.054822,1.648412,4.886412,12o,X031021_059_3
060,X031021,-18.21875,12.70412,17.30484,35.908,4,16.82033,0.9917744,0.005287896,8.790583,1.317989,6.669693,AI,X031021_060_4
061,X031021,-18.9375,11.27716,17.83096,35.328,2,1.076424,0.9955934,0.006462985,10.90485,1.944084,5.60925,AI,X031021_061_2
062,X031021,-22.21875,9.9874,15.31684,35.468,3,0.3287822,0.9917744,0.001762632,10.25083,3.275921,3.129144,13l,X031021_062_3
065,X031021,-25.78125,5.67592,13.48119,34.768,3,0.4821827,0.9955934,0.0146886,10.56723,1.961261,5.387979,13m,X031021_065_3
068,X031021,-18.59375,16.89295,12.88368,36.118,4,2.394473,0.9923619,0.008519389,7.257497,1.16366,6.236783,12o,X031021_068_4
068,X031021,-18.59375,16.89295,12.88368,36.118,5,0.09597744,0.9788484,0.006462985,12.26256,2.406409,5.095794,12o,X031021_068_5
069,X031021,-18.3125,15.35304,14.98964,35.548,3,4.088085,0.9817861,0.05346651,11.63775,1.901308,6.120915,12o,X031021_069_3
069,X031021,-18.3125,15.35304,14.98964,35.548,5,0.158591,0.9923619,0,18.73967,2.41295,7.766293,12o,X031021_069_5
069,X031021,-18.3125,15.35304,14.98964,35.548,7,0.7926318,0.9817861,0.001762632,14.15441,1.583799,8.936997,12o,X031021_069_7
078,X031021,-15.15625,18.74109,14.43328,35.373,6,1.857437,0.9843938,0.004406581,16.36298,1.480885,11.04946,12o,X031021_078_6
079,X031021,-19.71875,17.06909,11.91756,34.793,2,21.20091,0.9233255,0.03819036,6.397236,1.662497,3.847969,12o,X031021_079_2
080,X031021,-19.59375,15.45576,13.4534,34.258,3,4.827829,0.9532902,0.03907168,6.905852,1.473831,4.685646,12o,X031021_080_3
080,X031021,-19.59375,15.45576,13.4534,34.258,4,0.6593397,0.9712104,0.01615746,11.00308,2.270209,4.846725,12o,X031021_080_4
080,X031021,-19.59375,15.45576,13.4534,34.258,5,11.59296,0.9879553,0.01292597,8.441356,1.184911,7.124043,12o,X031021_080_5
081,X031021,-20.875,13.982,13.78675,33.888,4,1.102429,0.9835488,0.002056404,10.03224,2.239409,4.479862,AI,X031021_081_4
088,X031021,-26,3.57382,13.51756,31.578,3,4.049771,0.9618096,0.01145711,6.467655,1.796211,3.600721,cd,X031021_088_3
091,X031021,-16.75,16.76416,14.89304,33.448,3,1.565405,0.9903055,0.0199765,13.44652,1.684027,7.984742,AI,X031021_091_3
095,X031021,-25.03125,9.57847,11.89147,31.533,4,0.6827198,0.9873678,0.01380729,8.281658,1.729971,4.787165,AI,X031021_095_4
103,X031021,-20.3125,15.99034,11.45869,33.393,3,1.642307,0.9923619,0.03202115,13.4624,2.567071,5.244266,AI,X031021_103_3
103,X031021,-20.3125,15.99034,11.45869,33.393,4,1.350799,0.9950058,0,13.8453,2.729698,5.0721,AI,X031021_103_4
104,X031021,-18.9375,14.52793,14.54165,32.238,3,2.406554,0.9958872,0.04435958,10.0113,1.276855,7.840599,AI,X031021_104_3
104,X031021,-18.9375,14.52793,14.54165,32.238,7,0.5854107,0.9485899,0.004994125,7.83124,1.908065,4.104284,AI,X031021_104_7
112,X031021,-23.09375,4.28776,16.30448,28.091,5,11.02898,0.9347826,0.06110458,5.305825,1.241442,4.273921,cd,X031021_112_5
112,X031021,-23.09375,4.28776,16.30448,28.091,6,0.1870666,0.9958872,0.01733255,14.35545,2.055863,6.98269,cd,X031021_112_6
123,X031021,-21,5.89968,18.16924,26.973,3,0.1919551,0.9915425,0.01175088,9.416617,1.532117,6.146149,cd,X031021_123_3
128,X031021,-30.8125,13.2035,3.93575,23.944,1,18.53329,0.9988249,0.00293772,11.70446,1.733304,6.752689,AMG,X031021_128_1
128,X031021,-30.8125,13.2035,3.93575,23.944,6,0.4310747,0.9606345,0.003525264,5.339974,1.20924,4.415976,AMG,X031021_128_6
130,X031021,-35.25,11.106,0.859360000000002,23.508,4,0.140385,0.9747356,0,18.41129,2.422536,7.600006,AMG,X031021_130_4
139,X031021,-32.21875,13.45,3.024,21.981,2,3.345338,0.9876616,0.09723854,7.908214,1.701065,4.648979,AMG,X031021_139_2
146,X031021,-19.90625,5.77532,18.6418,21.303,5,0.196862,0.996181,0.000293772,16.77545,1.859576,9.021118,cd,X031021_146_5
013,X031120,-10.84375,10.67,23.20028,42.17,3,1.597196,0.9835488,0.01086957,6.365297,1.90813,3.335883,46v,X031120_013_3
013,X031120,-10.84375,10.67,23.20028,42.17,4,1.759198,0.9979436,0.003231492,8.423927,2.183601,3.857814,46v,X031120_013_4
022,X031120,-13.03125,10.06274,22.18624,40.56,5,6.946615,0.9647474,0.002643948,11.1392,1.932575,5.763918,11ml,X031120_022_5
040,X031120,-14.1875,11.4347,21.0855,37.638,2,0.5606688,0.9976498,0.01233843,13.43031,1.560236,8.607871,46v,X031120_040_2
047,X031120,-12.4375,16.31825,19.5905,37.763,2,2.608467,0.949765,0.03848414,6.955777,1.779929,3.907895,12o,X031120_047_2
047,X031120,-12.4375,16.31825,19.5905,37.763,3,1.724987,0.949765,0.01204465,9.188046,1.791979,5.127319,12o,X031120_047_3
048,X031120,-13.65625,15.25561,19.66794,37.458,2,5.603725,0.9662162,0.03848414,6.868407,2.18177,3.148089,12o,X031120_048_2
052,X031120,-20.71875,8.69447,16.79885,36.058,3,0.503684,0.9462397,0,11.62796,1.707619,6.809459,13l,X031120_052_3
057,X031120,-14.53125,16.4665,17.3387,36.988,4,0.8510842,0.9826674,0.03143361,10.04011,2.558846,3.923688,12o,X031120_057_4
057,X031120,-14.53125,16.4665,17.3387,36.988,5,4.753568,0.9826674,0.006462985,7.094639,1.453929,4.879632,12o,X031120_057_5
061,X031120,-16.59375,11.13152,20.29012,34.943,3,7.388968,0.9800235,0.1395417,8.475532,1.120289,7.565486,AI,X031120_061_3
061,X031120,-16.59375,11.13152,20.29012,34.943,4,2.792688,0.9800235,0.07549942,6.311976,1.819908,3.468294,AI,X031120_061_4
065,X031120,-24.03125,5.57776,15.05157,34.528,3,4.710802,0.9924457,0.007931845,15.67614,1.962169,7.989191,13m,X031120_065_3
066,X031120,-12.25,19.54741,16.05055,36.458,3,0.9012655,0.9950058,0.001762632,11.86384,1.818863,6.522672,12l,X031120_066_3
070,X031120,-17,13.7951,17.4793,34.838,4,1.199148,0.9788484,0.006169213,7.812161,2.980494,2.621096,AI,X031120_070_4
071,X031120,-19.125,12.02642,16.58004,34.118,3,0.455686,0.9941245,0.008519389,8.713537,1.415648,6.155159,AI,X031120_071_3
077,X031120,-12.875,19.7655,15.32575,35.513,3,2.810436,1,0.002350176,12.79295,1.340491,9.543482,12l,X031120_077_3
077,X031120,-12.875,19.7655,15.32575,35.513,5,3.338897,0.9550529,0.03202115,7.904838,1.63399,4.837753,12l,X031120_077_5
080,X031120,-18.625,15.43704,14.4006,34.118,3,0.455976,0.9691539,0.01645123,9.959207,1.380344,7.215019,12o,X031120_080_3
080,X031120,-18.625,15.43704,14.4006,34.118,4,0.1306001,0.9691539,0.000293772,7.542609,2.249576,3.352903,12o,X031120_080_4
089,X031120,-13.71875,20.1352,14.27,33.788,3,1.019629,1,0.000293772,15.49501,2.181427,7.103155,6VaVb,X031120_089_3
091,X031120,-14.125,16.73296,17.30774,32.998,3,0.2758521,0.9923619,0.007931845,15.80172,2.084913,7.579081,6VaVb,X031120_091_3
095,X031120,-18.5625,9.7912,18.3202,30.588,2,6.595337,0.926557,0.003231492,8.217647,1.655363,4.964256,pu,X031120_095_2
097,X031120,-17.5625,7.71958,20.63906,29.828,3,3.89216,0.9814923,0.03113984,9.435285,1.305764,7.225875,cd,X031120_097_3
097,X031120,-17.5625,7.71958,20.63906,29.828,4,1.20722,0.9814923,0.006756757,14.75883,1.737279,8.495372,cd,X031120_097_4
098,X031120,-17.4375,6.27936,21.20568,29.408,3,2.288819,0.9853114,0.008225617,6.633678,1.200725,5.524727,cd,X031120_098_3
098,X031120,-17.4375,6.27936,21.20568,29.408,4,12.22302,0.9976498,0.006756757,11.86193,1.352444,8.770736,cd,X031120_098_4
106,X031120,-17,12.5782,18.5554,26.089,3,4.151207,0.9709166,0.1251469,6.838585,1.92814,3.546727,pu,X031120_106_3
106,X031120,-17,12.5782,18.5554,26.089,4,0.2556741,0.993537,0.003525264,16.00138,1.625077,9.846539,pu,X031120_106_4
107,X031120,-18.25,11.13065,18.00204,25.8,2,0.9001866,0.9609283,0.01762632,10.80465,1.421543,7.600647,pu,X031120_107_2
107,X031120,-18.25,11.13065,18.00204,25.8,6,4.40912,0.9609283,0.02614571,6.928909,1.408981,4.917675,pu,X031120_107_6
109,X031120,-16.0625,7.342,21.7295,27.259,2,21.02982,0.974148,0.09518214,5.966551,1.403578,4.250958,cd,X031120_109_2
109,X031120,-16.0625,7.342,21.7295,27.259,4,4.130077,0.972973,0.04817861,6.886212,1.212423,5.679713,cd,X031120_109_4
118,X031120,-23.5625,12.518,11.5082,25.412,3,8.863927,0.9447709,0.05111633,7.364014,1.325747,5.554614,pu,X031120_118_3
118,X031120,-23.5625,12.518,11.5082,25.412,5,1.061318,0.9856052,0.003231492,10.97215,1.779895,6.164495,pu,X031120_118_5
118,X031120,-23.5625,12.518,11.5082,25.412,6,4.680367,0.979436,0.007344301,6.381582,1.318523,4.839948,pu,X031120_118_6
119,X031120,-25,11.1,10.86844,24.964,1,3.889802,0.9723854,0.01028202,5.308758,1.616291,3.284531,pu,X031120_119_1
119,X031120,-25,11.1,10.86844,24.964,2,0.04062593,0.9976498,0.002056404,12.4471,3.49378,3.562646,pu,X031120_119_2
131,X031120,-25.375,10.22547,11.20511,23.342,3,4.943459,0.9908931,0.01821387,8.606187,1.84099,4.674759,pu,X031120_131_3
132,X031120,-30.625,8.89055,6.70514,23.417,3,10.85259,0.949765,0.1797885,5.234405,1.31625,3.976756,AMG,X031120_132_3
011,X031121,-9.4375,13.455,22.87022,42.36,6,0.3478464,0.9988249,0.002350176,16.02139,2.312533,6.928071,12m,X031121_011_6
012,X031121,-10.09375,12.56,23.11328,42.17,2,1.606077,0.9932432,0.02996475,9.247931,1.958703,4.721457,12m,X031121_012_2
014,X031121,-14.65625,9.12,20.11125,42.36,1,0.3422006,0.9817861,0.0005875441,12.20014,2.940403,4.149139,11ml,X031121_014_1
015,X031121,-14.21875,7.83338,21.53625,41.86,8,7.694712,0.9444771,0.05552291,6.612581,2.044171,3.234847,11ml,X031121_015_8
029,X031121,-11.1875,13.96324,21.79352,39.94,5,1.427384,1,0.005581669,19.01968,1.885442,10.08765,12m,X031121_029_5
029,X031121,-11.1875,13.96324,21.79352,39.94,6,21.23532,0.9952996,0.004406581,7.991939,1.238946,6.450595,12m,X031121_029_6
033,X031121,-18.96875,7.531,18.14585,39.11,1,1.646577,0.9911869,0.01821387,10.4619,1.737568,6.021003,13m,X031121_033_1
041,X031121,-19.46875,10.14163,17.03326,37.813,3,3.324977,0.9797297,0.02702703,10.70743,1.707697,6.270098,13l,X031121_041_3
043,X031121,-21.75,7.09272,16.24548,37.288,4,12.29451,0.9709166,0.1474736,6.533662,1.68599,3.875268,13m,X031121_043_4
047,X031121,-13.4375,16.35563,18.60902,37.913,2,2.394296,0.9779671,0.02027027,9.849633,1.640411,6.004369,12o,X031121_047_2
047,X031121,-13.4375,16.35563,18.60902,37.913,4,5.158135,0.9747356,0.05199765,5.472844,1.141815,4.79311,12o,X031121_047_4
047,X031121,-13.4375,16.35563,18.60902,37.913,6,0.06652281,0.9964747,0.006462985,21.34383,5.303833,4.024228,12o,X031121_047_6
048,X031121,-15.4375,15.36082,17.91528,37.728,5,9.532638,0.9838426,0.005875441,8.407184,1.699816,4.945937,12o,X031121_048_5
049,X031121,-16.75,14.42108,17.47928,37.688,1,29.07561,0.9509401,0.01615746,5.592362,1.34313,4.163678,13l,X031121_049_1
049,X031121,-16.75,14.42108,17.47928,37.688,5,4.101839,0.9873678,0.0293772,9.629973,1.577407,6.104939,13l,X031121_049_5
051,X031121,-20.46875,10.23378,15.9342,36.468,2,16.24349,0.9809048,0.09547591,7.04468,1.419685,4.962144,13l,X031121_051_2
051,X031121,-20.46875,10.23378,15.9342,36.468,3,2.424808,0.9952996,0.002350176,14.83293,1.860541,7.972375,13l,X031121_051_3
054,X031121,-21.96875,5.77288,16.80614,35.478,5,2.141599,0.9920682,0.02232667,11.65377,2.134535,5.45963,13m,X031121_054_5
058,X031121,-17.3125,15.05032,15.74076,36.908,3,1.263017,0.9762045,0.004406581,11.06019,3.107726,3.558934,12o,X031121_058_3
059,X031121,-18.03125,13.56104,16.35756,36.548,7,1.341795,0.940658,0.000293772,12.3636,1.441882,8.574628,12o,X031121_059_7
061,X031121,-18.96875,11.27716,17.83096,35.328,5,0.8422557,0.996181,0.006462985,9.869663,1.357324,7.271412,AI,X031121_061_5
061,X031121,-18.96875,11.27716,17.83096,35.328,6,2.27708,0.9811986,0.01145711,13.24488,1.376814,9.619952,AI,X031121_061_6
065,X031121,-25.8125,5.67592,13.48119,34.768,6,2.725921,0.993537,0.007050529,12.19733,1.588896,7.676606,13m,X031121_065_6
068,X031121,-18.625,16.89295,12.88368,36.118,3,2.653913,0.9785547,0.006756757,11.05275,2.272461,4.86378,12o,X031121_068_3
070,X031121,-19.59375,13.86363,14.84029,35.223,3,6.23773,0.9324324,0.007931845,9.178367,1.531666,5.992406,AI,X031121_070_3
070,X031121,-19.59375,13.86363,14.84029,35.223,4,0.6057569,0.996181,0.003525264,17.72861,1.661469,10.67044,AI,X031121_070_4
073,X031121,-23.875,10.0208,13.93455,34.213,6,0.4749407,0.9947121,0.02820211,11.0863,1.581605,7.009523,AI,X031121_073_6
079,X031121,-19.75,17.07532,11.68388,34.828,3,8.082349,0.9735605,0.02908343,9.252505,1.295582,7.141584,12o,X031121_079_3
079,X031121,-19.75,17.07532,11.68388,34.828,4,7.949129,0.9826674,0.01968273,5.732045,1.071854,5.347787,12o,X031121_079_4
080,X031121,-19.625,15.45576,13.4534,34.258,3,3.125293,0.8998237,0.01145711,8.373816,1.837346,4.557561,12o,X031121_080_3
080,X031121,-19.625,15.45576,13.4534,34.258,6,14.02187,0.9588719,0.04230317,5.59582,1.26005,4.44095,12o,X031121_080_6
081,X031121,-20.90625,13.982,13.78675,33.888,5,0.7800142,0.9914806,0.005581669,10.42712,2.181226,4.780394,AI,X031121_081_5
082,X031121,-22.625,11.58416,13.29118,33.003,4,2.970186,0.9958872,0.006169213,11.00746,1.62376,6.778994,AI,X031121_082_4
087,X031121,-23.3125,5.09362,15.91555,31.443,5,4.92143,0.9841363,0.09988249,6.728441,1.951482,3.447862,cd,X031121_087_5
087,X031121,-23.3125,5.09362,15.91555,31.443,6,0.970316,0.9841363,0.008519389,10.55425,1.582356,6.66996,cd,X031121_087_6
088,X031121,-26.03125,3.57382,13.51756,31.578,5,3.546629,0.9753231,0.01674501,6.069522,2.21574,2.739276,cd,X031121_088_5
091,X031121,-16.78125,16.76416,14.89304,33.448,4,3.377321,0.9838426,0.05552291,9.03772,1.890955,4.779448,AI,X031121_091_4
092,X031121,-20.75,15.49086,12.59681,33.443,5,3.633646,0.9844301,0.02761457,8.838845,2.084865,4.23953,AI,X031121_092_5
095,X031121,-25.0625,9.57847,11.89147,31.533,4,5.451131,0.9488837,0.09371328,6.531199,1.808464,3.611462,AI,X031121_095_4
097,X031121,-20.625,7.72816,17.52012,30.268,5,0.1393811,1,0.001175088,16.18869,2.621524,6.175297,pu,X031121_097_5
100,X031121,-23.3125,3.31936,16.20532,29.508,3,0.08056943,0.9976498,0.1025264,10.55181,1.179568,8.94548,cd,X031121_100_3
104,X031121,-18.96875,14.52793,14.54165,32.238,3,1.423164,0.934195,0.00146886,8.873937,1.650237,5.377371,AI,X031121_104_3
104,X031121,-18.96875,14.52793,14.54165,32.238,6,6.396716,0.9838426,0.123678,6.951134,1.595185,4.357573,AI,X031121_104_6
112,X031121,-23.15625,4.28776,16.30448,28.091,7,1.520671,0.9932432,0.005581669,9.052511,1.563701,5.789156,cd,X031121_112_7
118,X031121,-33.0625,12.485,2.2176,25.742,1,19.74686,0.9591657,0,9.501084,1.650214,5.757487,AMG,X031121_118_1
118,X031121,-33.0625,12.485,2.2176,25.742,5,1.429714,0.9691539,0.03143361,8.704487,2.175536,4.001077,AMG,X031121_118_5
128,X031121,-30.84375,13.2035,3.93575,23.944,3,0.6392838,0.9888366,0.00293772,11.33511,3.339462,3.394294,AMG,X031121_128_3
132,X031121,-36.875,8.9708,0.422840000000001,23.717,1,0.4813919,0.993537,0.001175088,9.967649,2.927583,3.404737,AMG,X031121_132_1
139,X031121,-32.25,13.45,3.024,21.981,5,3.253831,0.9885429,0.10047,7.99359,1.135215,7.041478,AMG,X031121_139_5
145,X031121,-21,6.72244,17.4698,20.903,4,0.5384942,0.9876616,0.008813161,8.418196,2.554142,3.2959,cd,X031121_145_4
145,X031121,-21,6.72244,17.4698,20.903,5,0.1168336,0.9876616,0.005581669,14.71985,1.641798,8.965689,cd,X031121_145_5
146,X031121,-19.96875,5.77532,18.6418,21.303,5,0.4049343,0.9905993,0.009106933,9.710562,2.951049,3.290546,cd,X031121_146_5
155,X031121,-32.3125,10.89465,6.1411,20.655,1,1.454732,0.9917744,0.2029965,9.212571,1.220286,7.549517,AMG,X031121_155_1
008,X031220,-14.5,6.02834,21.57884,42.88,3,18.22952,0.9289072,0.06227967,5.940439,1.525272,3.894674,11ml,X031220_008_3
008,X031220,-14.5,6.02834,21.57884,42.88,4,0.03283426,1,0,32.71762,2.454204,13.33125,11ml,X031220_008_4
036,X031220,-9.65625,17.50594,19.92176,39.558,3,0.6948751,0.9527027,0,19.91433,2.153787,9.24619,12o,X031220_036_3
037,X031220,-11.21875,16.00561,20.5694,39.048,2,18.38447,0.987074,0.008225617,6.016478,1.236263,4.866665,12o,X031220_037_2
038,X031220,-12.28125,14.43056,20.96916,38.688,1,9.659948,0.9764982,0.02291422,7.560424,1.350096,5.599916,13l,X031220_038_1
040,X031220,-14.25,11.4347,21.0855,37.638,3,2.486007,0.9876616,0.01116334,10.74931,1.70793,6.293761,46v,X031220_040_3
048,X031220,-13.6875,15.25561,19.66794,37.458,1,3.85458,0.9759107,0.03701528,7.510761,2.2232,3.378356,12o,X031220_048_1
057,X031220,-14.5625,16.47195,17.13461,37.018,3,5.379676,0.9782609,0.02085781,8.637276,1.648429,5.2397,12o,X031220_057_3
074,X031220,-23.46875,8.76245,14.85015,33.788,1,1.111879,0.9914806,0.005581669,10.63631,2.144798,4.959119,13m,X031220_074_1
077,X031220,-12.875,19.7655,15.32575,35.513,4,2.127587,0.9942307,0.0126322,12.52387,1.534855,8.159645,12l,X031220_077_4
077,X031220,-12.875,19.7655,15.32575,35.513,5,2.633534,0.9656287,0.005875441,10.83348,1.228586,8.817847,12l,X031220_077_5
077,X031220,-12.875,19.7655,15.32575,35.513,6,1.504344,0.9656287,0.007638073,17.53137,2.38431,7.352807,12l,X031220_077_6
080,X031220,-18.6875,15.43704,14.4006,34.118,3,0.04381781,0.9991187,0.0005875441,17.69255,2.931979,6.034337,12o,X031220_080_3
081,X031220,-19.9375,13.96328,14.60932,33.768,3,0.2340203,0.9989172,0,11.63288,1.540102,7.553316,AI,X031220_081_3
085,X031220,-18.0625,7.68018,20.2397,31.368,3,1.574514,0.9694477,0.01968273,10.23286,1.713186,5.973001,cd,X031220_085_3
085,X031220,-18.0625,7.68018,20.2397,31.368,4,0.7011535,0.9694477,0.001175088,12.80439,1.546307,8.280628,cd,X031220_085_4
090,X031220,-16.90625,18.24884,13.02968,33.618,3,0.1877923,0.9650411,0.001762632,12.55472,1.479054,8.488344,12o,X031220_090_3
090,X031220,-16.90625,18.24884,13.02968,33.618,6,5.502197,0.9973561,0.004700352,8.9379,1.354154,6.600356,12o,X031220_090_6
091,X031220,-14.25,16.73296,17.30774,32.998,3,0.8273278,0.9835488,0.01410106,8.929266,1.752738,5.094466,6VaVb,X031220_091_3
098,X031220,-17.5625,6.27936,21.20568,29.408,1,11.71978,0.9324324,0.05757932,7.418741,1.006455,7.371163,cd,X031220_098_1
098,X031220,-17.5625,6.27936,21.20568,29.408,7,2.666991,0.9955934,0.004700352,5.774491,1.054146,5.477887,cd,X031220_098_7
101,X031220,-12.8125,20.36774,15.41363,32.373,2,3.019137,0.96651,0.02408931,11.33423,2.559488,4.428318,6VaVb,X031220_101_2
106,X031220,-17,12.5782,18.5554,26.089,3,2.332486,0.9853114,0.02761457,8.403387,1.507411,5.574716,pu,X031220_106_3
106,X031220,-17,12.5782,18.5554,26.089,4,0.1621977,0.9853114,0.0008813161,12.10942,1.85547,6.526334,pu,X031220_106_4
107,X031220,-18.25,11.13065,18.00204,25.8,2,9.554697,0.9850176,0.05934195,7.708464,1.355935,5.684982,pu,X031220_107_2
109,X031220,-16.1875,7.342,21.7295,27.259,3,0.03907342,1,0,22.59733,2.322132,9.731283,cd,X031220_109_3
112,X031220,-18.0625,4.15848,21.38304,27.451,3,1.617277,0.9867803,0.01880141,7.322636,2.23067,3.282707,cd,X031220_112_3
113,X031220,-19.90625,2.77772,19.7743,27.851,3,3.359823,0.9582844,0.007050529,4.581495,1.650563,2.775716,cd,X031220_113_3
119,X031220,-25.125,11.1,10.86844,24.964,2,3.132313,0.9762045,0.001762632,6.362928,1.469032,4.331375,pu,X031220_119_2
119,X031220,-25.125,11.1,10.86844,24.964,4,0.4125207,0.9847239,0.03172738,8.07557,1.868735,4.32141,pu,X031220_119_4
132,X031220,-30.6875,8.89055,6.70514,23.417,3,10.03896,0.9259694,0.0945946,5.073402,1.458859,3.47765,AMG,X031220_132_3
141,X031220,-27.6875,11.711,8.36945,21.83,3,0.756174,0.9923619,0.02320799,9.240698,2.318431,3.985755,AMG,X031220_141_3
007,X031221,-14.03125,7.55444,21.07208,43.21,2,0.1281125,0.9970623,0.007931845,10.22658,2.936682,3.48236,11ml,X031221_007_2
011,X031221,-9.46875,13.453,22.76149,42.37,3,0.1400721,0.9973561,0.001175088,17.51631,2.573214,6.807172,12m,X031221_011_3
015,X031221,-14.25,7.83204,21.3855,41.88,2,3.896396,0.9764982,0.03936545,7.423871,1.894693,3.918245,11ml,X031221_015_2
029,X031221,-11.21875,13.96324,21.79352,39.94,1,18.7428,0.9964747,0.008225617,7.663682,1.144942,6.693508,12m,X031221_029_1
029,X031221,-11.21875,13.96324,21.79352,39.94,3,0.9039562,0.9864865,0.01086957,9.695445,1.502194,6.454189,12m,X031221_029_3
029,X031221,-11.21875,13.96324,21.79352,39.94,5,1.703769,0.9982374,0.004700352,20.08908,1.941148,10.34907,12m,X031221_029_5
032,X031221,-15.6875,8.991,20.66548,39.075,3,1.719365,0.9920682,0.02115159,9.033836,1.845154,4.895981,13m,X031221_032_3
033,X031221,-19,7.531,18.14585,39.11,3,6.167099,0.9709166,0.02379553,8.270365,2.112584,3.914809,13m,X031221_033_3
041,X031221,-19.5,10.14163,17.03326,37.813,3,0.4401899,0.9350764,0.01733255,11.52391,1.464225,7.870313,13l,X031221_041_3
041,X031221,-19.5,10.14163,17.03326,37.813,4,1.739355,0.9750293,0,18.52639,1.672002,11.08036,13l,X031221_041_4
043,X031221,-21.78125,7.09272,16.24548,37.288,1,3.3714,0.9955934,0.02085781,8.101524,2.451609,3.304574,13m,X031221_043_1
046,X031221,-11.1875,17.72412,18.70688,38.328,3,0.3545334,0.9926557,0.01733255,13.02355,2.206391,5.902648,12o,X031221_046_3
047,X031221,-13.46875,16.35563,18.60902,37.913,3,1.886617,0.9850176,0.006169213,10.69931,1.577684,6.781653,12o,X031221_047_3
047,X031221,-13.46875,16.35563,18.60902,37.913,4,0.09299143,0.9997062,0.001175088,26.15894,5.605033,4.667045,12o,X031221_047_4
048,X031221,-15.46875,15.36082,17.91528,37.728,3,9.378612,0.9762045,0.0146886,7.130095,1.793487,3.975549,12o,X031221_048_3
051,X031221,-20.5,10.23378,15.9342,36.468,3,2.892902,0.9841363,0.01792009,11.33849,1.468491,7.721183,13l,X031221_051_3
056,X031221,-14.09375,17.6508,16.20654,37.438,3,0.766032,0.9888366,0.00146886,9.603848,1.585295,6.058082,12l,X031221_056_3
058,X031221,-17.34375,15.05032,15.74076,36.908,1,2.12163,0.9480023,0.0326087,11.88568,1.429994,8.311702,12o,X031221_058_1
058,X031221,-17.34375,15.05032,15.74076,36.908,2,0.8314795,0.9480023,0.007931845,9.194662,2.002769,4.590974,12o,X031221_058_2
058,X031221,-17.34375,15.05032,15.74076,36.908,8,0.2925528,0.9923619,0.006462985,15.55911,1.826898,8.516684,12o,X031221_058_8
061,X031221,-19,11.27716,17.83096,35.328,2,4.252099,0.9979436,0.002643948,11.33437,1.741396,6.508781,AI,X031221_061_2
062,X031221,-22.28125,9.9874,15.31684,35.468,3,0.4636091,0.9879553,0.001175088,9.769632,2.938094,3.32516,13l,X031221_062_3
065,X031221,-25.84375,5.67592,13.48119,34.768,3,8.550596,0.9612221,0.03290247,6.104438,2.091406,2.918821,13m,X031221_065_3
068,X031221,-18.65625,16.89295,12.88368,36.118,3,2.82982,0.9856052,0.006756757,10.46969,2.136151,4.901191,12o,X031221_068_3
069,X031221,-18.375,15.35304,14.98964,35.548,3,0.5943426,0.9914806,0.005875441,13.53436,2.11571,6.397079,12o,X031221_069_3
070,X031221,-19.625,13.86363,14.84029,35.223,2,4.512146,0.940658,0.01351351,8.975574,1.653928,5.426822,AI,X031221_070_2
070,X031221,-19.625,13.86363,14.84029,35.223,6,0.7793598,0.9814923,0,32.95656,3.195249,10.31424,AI,X031221_070_6
072,X031221,-21.5625,10.87399,15.44032,34.128,2,5.388997,0.922738,0.056698,6.104131,2.205828,2.767275,AI,X031221_072_2
072,X031221,-21.5625,10.87399,15.44032,34.128,5,1.323625,0.9988249,0.0008813161,13.88693,1.962418,7.076438,AI,X031221_072_5
077,X031221,-12.96875,19.76784,15.15828,35.548,2,2.296609,0.9844301,0.05229142,7.733097,1.344266,5.752653,12l,X031221_077_2
079,X031221,-19.78125,17.07532,11.68388,34.828,2,7.743009,0.9958872,0.005581669,11.94819,1.321769,9.039546,12o,X031221_079_2
079,X031221,-19.78125,17.07532,11.68388,34.828,7,10.79777,0.9923619,0.009106933,7.621785,1.078265,7.068562,12o,X031221_079_7
080,X031221,-19.65625,15.45576,13.4534,34.258,3,0.1682526,0.9952996,0.01116334,15.72816,2.404865,6.540142,12o,X031221_080_3
081,X031221,-20.9375,13.98824,13.51256,33.928,6,0.9484731,0.9876616,0.01615746,10.11155,1.900679,5.319967,AI,X031221_081_6
081,X031221,-20.9375,13.98824,13.51256,33.928,7,0.6349235,0.9967685,0.002643948,15.83685,1.791355,8.840709,AI,X031221_081_7
087,X031221,-23.34375,5.09362,15.91555,31.443,2,4.297508,0.9597532,0.09077556,5.972001,1.776627,3.361426,cd,X031221_087_2
087,X031221,-23.34375,5.09362,15.91555,31.443,4,1.036986,0.9949799,0.003819037,12.29397,1.566304,7.849029,cd,X031221_087_4
092,X031221,-20.78125,15.49086,12.59681,33.443,2,2.450385,0.9911869,0.01145711,11.01037,1.528016,7.205664,AI,X031221_092_2
095,X031221,-25.09375,9.57847,11.89147,31.533,3,0.9387974,0.9948454,0.01292597,10.60348,1.564707,6.776656,AI,X031221_095_3
098,X031221,-22.875,6.30588,15.96169,30.173,3,0.2534579,0.9988249,0.0005875441,10.23083,1.815263,5.636002,pu,X031221_098_3
104,X031221,-19,14.52793,14.54165,32.238,1,22.79121,1,0.005287896,8.295669,1.343443,6.174932,AI,X031221_104_1
104,X031221,-19,14.52793,14.54165,32.238,3,1.563058,0.9994125,0.0005875441,12.73531,2.164809,5.882882,AI,X031221_104_3
110,X031221,-22.1875,6.5335,16.4485,29.259,3,3.760921,0.974148,0.1260282,6.187935,1.792165,3.452772,pu,X031221_110_3
118,X031221,-33.09375,12.485,2.2176,25.742,3,0.4026743,0.9918367,0.00293772,16.07455,2.061643,7.796959,AMG,X031221_118_3
124,X031221,-21.8125,4.39668,17.4472,26.473,6,12.95814,0.9556404,0.1057579,6.673733,2.457585,2.715565,cd,X031221_124_6
128,X031221,-30.875,13.2035,3.93575,23.944,3,0.8102818,0.9988249,0.0005875441,10.03773,3.748057,2.678114,AMG,X031221_128_3
130,X031221,-35.3125,11.106,0.859360000000002,23.508,3,0.1959751,0.9994125,0.001762632,16.22902,2.22784,7.284642,AMG,X031221_130_3
131,X031221,-36.34375,10.23736,0.252679999999998,23.777,3,1.33603,0.980611,0.02497062,7.53511,2.415576,3.119384,AMG,X031221_131_3
139,X031221,-32.3125,13.45,3.024,21.981,1,3.887527,0.9888366,0.132785,7.43187,1.865983,3.982817,AMG,X031221_139_1
143,X031221,-32.1875,9.66934,4.61902,22.24,3,1.355357,0.993537,0.1686251,10.08291,1.611516,6.256783,AMG,X031221_143_3
156,X031221,-21.65625,8.32958,17.53772,19.62,3,0.2962994,0.9952996,0.02673326,10.31083,2.085451,4.944175,cd,X031221_156_3
003,X031320,-8.53125,12.2204,23.4272,43.93,3,1.927956,0.9932432,0.04641598,9.24286,1.603702,5.763453,12r,X031320_003_3
005,X031320,-10.875,10.36682,22.65146,43.7,4,0.3327114,0.985899,0.009694478,14.39687,2.50256,5.752856,11ml,X031320_005_4
027,X031320,-8.46875,15.88759,21.85022,40.535,4,31.02507,0.9585782,0.0525852,5.680756,1.095257,5.18669,12l,X031320_027_4
027,X031320,-8.46875,15.88759,21.85022,40.535,5,2.734791,0.9838426,0.1289659,7.765179,1.480109,5.246356,12l,X031320_027_5
029,X031320,-11.53125,13.97258,21.48534,39.98,2,9.731611,0.9588719,0.08754407,6.400092,1.47544,4.337751,12m,X031320_029_2
036,X031320,-9.65625,17.50594,19.92176,39.558,2,2.39001,0.9982374,0.007050529,13.99514,2.088421,6.7013,12o,X031320_036_2
037,X031320,-11.21875,16.00561,20.5694,39.048,5,10.73387,0.9994125,0.01175088,7.478218,1.393724,5.365636,12o,X031320_037_5
038,X031320,-12.28125,14.43056,20.96916,38.688,3,7.291386,0.9982374,0.01380729,10.64589,1.290765,8.247735,13l,X031320_038_3
040,X031320,-14.25,11.4347,21.0855,37.638,3,1.489681,0.9797297,0.03437133,9.511364,1.782533,5.335868,46v,X031320_040_3
047,X031320,-12.5,16.31825,19.5905,37.763,3,2.485391,0.9885429,0.01938896,11.86496,1.831223,6.479252,12o,X031320_047_3
047,X031320,-12.5,16.31825,19.5905,37.763,5,0.7997489,0.9885429,0.002643948,17.06982,1.623632,10.51336,12o,X031320_047_5
048,X031320,-13.71875,15.2673,19.4732,37.488,3,1.068691,0.9920682,0.004700352,10.35751,1.682543,6.155867,12o,X031320_048_3
063,X031320,-21.96875,8.49804,16.4288,34.968,5,3.718578,0.9908931,0.00293772,8.568146,2.157585,3.971174,AI,X031320_063_5
066,X031320,-12.3125,19.54741,16.05055,36.458,3,0.04923741,0.9668038,0.002056404,19.19014,2.716295,7.064823,12l,X031320_066_3
077,X031320,-12.875,19.7655,15.32575,35.513,2,3.288628,0.9430082,0.07638073,9.557748,1.389816,6.876987,12l,X031320_077_2
077,X031320,-12.875,19.7655,15.32575,35.513,5,1.400899,0.9923619,0.003525264,19.28561,2.083631,9.255772,12l,X031320_077_5
085,X031320,-18.0625,7.68018,20.2397,31.368,3,0.9331134,0.9218566,0.01410106,11.19093,1.443953,7.750201,cd,X031320_085_3
085,X031320,-18.0625,7.68018,20.2397,31.368,5,0.7981716,0.9218566,0.01175088,13.62961,1.607758,8.477403,cd,X031320_085_5
097,X031320,-17.6875,7.72036,20.35552,29.868,4,0.8389233,0.9976498,0.003525264,16.31754,1.867319,8.738483,cd,X031320_097_4
101,X031320,-12.8125,20.36774,15.41363,32.373,3,3.778243,0.9817861,0.07638073,8.993035,1.605828,5.600247,6VaVb,X031320_101_3
106,X031320,-17.1875,12.58203,18.13396,26.099,3,1.091597,0.9976498,0.1401293,10.01811,1.561594,6.41531,pu,X031320_106_3
107,X031320,-18.4375,11.1332,17.57932,25.81,2,12.52244,0.9923619,0.02144536,9.232187,1.138305,8.110469,pu,X031320_107_2
112,X031320,-18.1875,4.16656,21.06563,27.491,1,10.90097,0.9994125,0.02761457,16.97,1.795336,9.452273,cd,X031320_112_1
117,X031320,-24.1875,13.75634,10.55246,25.392,3,0.8103473,0.9900118,0.004994125,11.26616,1.85609,6.069833,pu,X031320_117_3
118,X031320,-23.9375,12.5165,11.0859,25.427,4,0.7251651,0.9911869,0.01116334,5.854544,1.479717,3.956531,pu,X031320_118_4
118,X031320,-23.9375,12.5165,11.0859,25.427,5,4.877494,0.9861927,0.006169213,8.075423,1.694426,4.765875,pu,X031320_118_5
131,X031320,-25.6875,10.22588,10.82744,23.357,1,1.425301,0.9905993,0.03907168,9.629321,1.752225,5.495483,pu,X031320_131_1
131,X031320,-25.6875,10.22588,10.82744,23.357,5,0.2130033,0.9905993,0.007050529,14.16748,1.767809,8.014144,pu,X031320_131_5
015,X031521,-14.28125,7.83204,21.3855,41.88,3,1.434219,0.9709166,0.006169213,10.51091,1.868128,5.626443,11ml,X031521_015_3
015,X031521,-14.28125,7.83204,21.3855,41.88,5,7.802833,0.9709166,0.07491187,7.872073,2.040955,3.857054,11ml,X031521_015_5
015,X031521,-14.28125,7.83204,21.3855,41.88,6,0.7363787,0.9914806,0.003819037,15.6899,1.974373,7.946775,11ml,X031521_015_6
029,X031521,-11.21875,13.96324,21.79352,39.94,3,1.351141,0.9958872,0.00146886,10.77296,1.394401,7.725869,12m,X031521_029_3
034,X031521,-19.71875,5.9696,17.9464,38.9,3,0.232769,0.9964747,0.00293772,9.850344,2.695034,3.654998,13m,X031521_034_3
037,X031521,-8.96875,15.93089,22.7006,38.728,3,0.4050287,0.9971319,0.005581669,11.08971,1.863954,5.949561,12o,X031521_037_3
041,X031521,-19.5,10.14163,17.03326,37.813,2,2.351449,0.9982374,0.0005875441,17.13894,1.771272,9.676061,13l,X031521_041_2
048,X031521,-15.46875,15.36082,17.91528,37.728,3,9.640675,0.9635723,0.009988249,5.316994,1.129174,4.708745,12o,X031521_048_3
054,X031521,-22,5.783,16.51325,35.513,2,0.994575,0.9515276,0.009106933,7.430429,1.620137,4.586297,13m,X031521_054_2
057,X031521,-15.59375,16.4992,16.11416,37.168,2,7.295563,0.947121,0.04259694,4.355263,1.678788,2.59429,12o,X031521_057_2
058,X031521,-17.34375,15.05032,15.74076,36.908,2,0.2134922,0.9547591,0.002056404,25.9877,3.356931,7.741507,12o,X031521_058_2
059,X031521,-18.0625,13.56104,16.35756,36.548,2,1.109293,0.9847239,0.005287896,12.26031,1.606655,7.630955,12o,X031521_059_2
059,X031521,-18.0625,13.56104,16.35756,36.548,3,0.1854593,0.9847239,0.001175088,11.47829,1.899737,6.042044,12o,X031521_059_3
062,X031521,-22.28125,9.9874,15.31684,35.468,5,0.3344354,0.996181,0.002056404,9.911325,1.808524,5.48034,13l,X031521_062_5
065,X031521,-25.84375,5.67592,13.48119,34.768,3,0.8617843,0.9991187,0.0005875441,15.13778,3.339134,4.533446,13m,X031521_065_3
066,X031521,-12.40625,19.54741,16.05055,36.458,3,1.481873,0.989718,0.002350176,7.620406,4.767854,1.598288,12l,X031521_066_3
068,X031521,-18.65625,16.89295,12.88368,36.118,4,4.124795,0.9691539,0.007638073,8.897159,2.244439,3.96409,12o,X031521_068_4
069,X031521,-18.375,15.35304,14.98964,35.548,3,0.9943649,0.9905993,0.009988249,10.70642,2.740562,3.906652,12o,X031521_069_3
080,X031521,-19.65625,15.45576,13.4534,34.258,4,2.603022,0.9946985,0.0146886,13.266,1.220365,10.87052,12o,X031521_080_4
081,X031521,-20.9375,13.98824,13.51256,33.928,3,0.2696382,0.9994125,0.004406581,18.39827,2.110927,8.71573,AI,X031521_081_3
082,X031521,-22.65625,11.58416,13.29118,33.003,4,1.656167,0.9988249,0.01439483,13.14813,1.493484,8.803662,AI,X031521_082_4
092,X031521,-20.78125,15.49086,12.59681,33.443,3,2.435326,0.9932432,0.003819037,10.24254,1.590478,6.439913,AI,X031521_092_3
110,X031521,-22.1875,6.5335,16.4485,29.259,1,4.214035,0.9900118,0.04553467,9.217781,1.462575,6.302432,pu,X031521_110_1
111,X031521,-22.84375,5.99564,16.20756,28.312,5,2.929044,0.9712104,0.01586369,4.381828,1.969537,2.224802,cd,X031521_111_5
118,X031521,-33.09375,12.485,2.2176,25.742,2,0.3022665,0.9847239,0.01028202,10.29462,2.995232,3.437002,AMG,X031521_118_2
130,X031521,-35.34375,11.106,0.859360000000002,23.508,2,19.0621,0.9553466,0.02085781,6.762443,1.570037,4.307186,AMG,X031521_130_2
130,X031521,-35.34375,11.106,0.859360000000002,23.508,3,0.3830721,0.9929495,0.001175088,12.55732,2.618918,4.794851,AMG,X031521_130_3
132,X031521,-36.90625,8.9708,0.422840000000001,23.717,2,5.763448,0.9559342,0.06316099,6.348953,1.991639,3.187804,AMG,X031521_132_2
135,X031521,-21.09375,4.31243,18.11702,25.273,3,0.642351,0.9644536,0.0199765,15.3163,1.956115,7.829958,cd,X031521_135_3
005,X031620,-10.875,10.36682,22.65146,43.7,3,0.4406984,0.9547591,0.004406581,12.24045,2.14844,5.697364,11ml,X031620_005_3
011,X031620,-10.25,13.439,22.00038,42.44,8,2.704414,0.9788484,0.07197415,7.319099,1.074317,6.812792,12m,X031620_011_8
011,X031620,-10.25,13.439,22.00038,42.44,9,2.218426,1,0.008813161,17.02582,1.527957,11.14287,12m,X031620_011_9
019,X031620,-9.1875,14.61661,23.14725,41.22,2,22.12422,0.9480023,0.1545241,6.603319,1.374945,4.802605,12m,X031620_019_2
027,X031620,-8.46875,15.88759,21.85022,40.535,4,0.7416546,0.9418331,0.01380729,10.18459,2.34531,4.342535,12l,X031620_027_4
036,X031620,-9.65625,17.50594,19.92176,39.558,2,0.906029,0.993537,0.003819037,11.94688,2.148543,5.560456,12o,X031620_036_2
038,X031620,-12.28125,14.43056,20.96916,38.688,3,7.097823,1,0.002350176,20.18725,1.72355,11.7126,13l,X031620_038_3
040,X031620,-14.25,11.4347,21.0855,37.638,3,9.869124,0.9441833,0.04524089,5.04464,1.064111,4.74071,46v,X031620_040_3
040,X031620,-14.25,11.4347,21.0855,37.638,4,0.9738959,0.9905993,0.01762632,10.76612,2.171385,4.958182,46v,X031620_040_4
047,X031620,-12.5,16.31825,19.5905,37.763,3,3.888964,0.9735605,0.06521739,7.521544,2.068372,3.636455,12o,X031620_047_3
048,X031620,-13.71875,15.2673,19.4732,37.488,4,0.09901635,0.976792,0.001762632,12.80745,1.645085,7.785284,12o,X031620_048_4
066,X031620,-12.3125,19.54741,16.05055,36.458,3,3.409531,0.9826674,0.03172738,9.577881,1.378367,6.948718,12l,X031620_066_3
090,X031620,-17.03125,18.24962,12.81624,33.653,4,1.047695,0.9876616,0.01086957,8.879314,1.623115,5.47054,12o,X031620_090_4
097,X031620,-17.6875,7.72036,20.35552,29.868,3,6.596938,0.9615158,0.03848414,8.11832,1.440102,5.637322,cd,X031620_097_3
097,X031620,-17.6875,7.72036,20.35552,29.868,4,0.8680031,0.9958872,0.003231492,15.31977,1.786028,8.577567,cd,X031620_097_4
098,X031620,-17.8125,6.28092,20.89721,29.453,3,5.478016,0.9773796,0.0252644,6.019279,1.16216,5.179388,cd,X031620_098_3
106,X031620,-17.375,12.58203,18.13396,26.099,3,1.795123,0.9565217,0.006462985,17.22107,1.792436,9.607633,pu,X031620_106_3
109,X031620,-16.3125,7.33854,21.40863,27.294,2,15.41905,0.9982374,0.003819037,12.19941,1.132218,10.77479,cd,X031620_109_2
111,X031620,-20.0625,5.89174,19.19696,27.862,4,0.18116,0.9925675,0.04054054,10.3882,1.159359,8.9603,cd,X031620_111_4
112,X031620,-18.1875,4.16656,21.06563,27.491,3,11.16458,0.9964747,0.01175088,8.648263,1.28878,6.710425,cd,X031620_112_3
131,X031620,-25.875,10.22588,10.82744,23.357,4,2.547329,0.9885429,0.02085781,8.036178,2.262314,3.552194,pu,X031620_131_4
015,X031621,-14.3125,7.83204,21.3855,41.88,3,0.7118672,0.9970623,0.004112808,14.0302,1.475115,9.511261,11ml,X031621_015_3
020,X031621,-11.625,13.629,21.4243,41.34,3,0.2768266,0.996181,0.003819037,10.56513,2.371937,4.45422,12m,X031621_020_3
021,X031621,-12.5625,11.59009,21.67143,40.96,2,0.6140352,0.9844301,0.01292597,6.77545,2.652637,2.554232,11ml,X031621_021_2
030,X031621,-12.46875,11.94593,21.83875,39.58,3,1.941943,0.9914806,0.06492362,7.132943,2.299445,3.102028,13l,X031621_030_3
033,X031621,-19.03125,7.531,18.14585,39.11,3,30.83315,0.9377204,0.03701528,4.569676,0.9714572,4.70394,13m,X031621_033_3
033,X031621,-19.03125,7.531,18.14585,39.11,5,1.75815,0.9706228,0.02085781,7.758036,1.41865,5.468604,13m,X031621_033_5
033,X031621,-19.03125,7.531,18.14585,39.11,6,2.392188,0.9888366,0.003819037,15.40339,1.810394,8.508308,13m,X031621_033_6
039,X031621,-13.28125,12.89448,20.8784,37.988,7,2.711492,0.989718,0.02849589,8.389356,1.211763,6.923265,13l,X031621_039_7
041,X031621,-19.53125,10.14163,17.03326,37.813,2,4.407572,0.9920682,0.007931845,12.33005,1.599533,7.70853,13l,X031621_041_2
049,X031621,-16.8125,14.43432,17.30012,37.713,3,4.096876,0.980611,0.009106933,5.828155,1.331823,4.376071,13l,X031621_049_3
049,X031621,-16.8125,14.43432,17.30012,37.713,4,2.56081,0.9920682,0.001762632,11.47379,1.465758,7.827884,13l,X031621_049_4
049,X031621,-16.8125,14.43432,17.30012,37.713,5,0.54377,0.9920682,0.001762632,16.60117,2.325665,7.138249,13l,X031621_049_5
054,X031621,-22.03125,5.783,16.51325,35.513,2,0.9830958,0.9847239,0.002350176,6.797737,4.331082,1.569524,13m,X031621_054_2
056,X031621,-14.125,17.6547,16.03751,37.463,2,0.1359497,0.987074,0.004112808,10.49483,1.75651,5.97482,12o,X031621_056_2
057,X031621,-15.625,16.4992,16.11416,37.168,1,7.589516,0.9635723,0.0326087,4.913964,1.100366,4.465754,12o,X031621_057_1
058,X031621,-17.375,15.05032,15.74076,36.908,3,0.6007271,0.989718,0.00293772,18.23031,2.153854,8.464043,12o,X031621_058_3
058,X031621,-17.375,15.05032,15.74076,36.908,4,0.2510098,0.9844301,0.005287896,11.8195,1.849561,6.390436,12o,X031621_058_4
066,X031621,-12.40625,19.54741,16.05055,36.458,3,1.036595,0.7802585,0.00293772,8.301833,2.735811,3.034506,12l,X031621_066_3
069,X031621,-18.40625,15.35304,14.98964,35.548,4,1.042185,0.9933712,0.005875441,11.49598,2.364842,4.861206,12o,X031621_069_4
070,X031621,-19.65625,13.86363,14.84029,35.223,5,0.8926985,0.9908931,0.004994125,13.81018,1.541765,8.957387,AI,X031621_070_5
080,X031621,-19.6875,15.45576,13.4534,34.258,2,1.241274,0.989718,0.08313748,12.40565,1.672463,7.417593,12o,X031621_080_2
100,X031621,-23.46875,3.31936,16.20532,29.508,4,1.90486,0.9879553,0.03025852,9.357847,1.432509,6.532487,cd,X031621_100_4
104,X031621,-19.03125,14.52793,14.54165,32.238,1,15.08332,0.9062867,0.1107521,3.871083,0.9850883,3.929682,AI,X031621_104_1
110,X031621,-22.25,6.5335,16.4485,29.259,5,0.322416,0.9712104,0.006756757,14.67275,1.555043,9.435588,pu,X031621_110_5
111,X031621,-22.90625,5.99564,16.20756,28.312,2,3.365234,0.9673913,0.07814336,7.398368,1.759949,4.20374,cd,X031621_111_2
111,X031621,-22.90625,5.99564,16.20756,28.312,8,2.93548,0.9717979,0.01703878,4.186943,1.595268,2.624601,cd,X031621_111_8
112,X031621,-23.28125,4.29584,15.98707,28.131,2,0.3340338,0.9932432,0.005581669,14.23737,1.777008,8.011989,cd,X031621_112_2
123,X031621,-21.1875,5.90719,17.86417,27.013,4,0.05214427,1,0.0005875441,15.50156,1.834275,8.451059,cd,X031621_123_4
130,X031621,-35.40625,11.103,0.50018,23.518,3,15.06887,0.9673913,0.02173913,7.896103,1.205,6.552782,AMG,X031621_130_3
130,X031621,-35.40625,11.103,0.50018,23.518,4,0.2742462,0.9976498,0.000293772,17.56126,2.813976,6.240728,AMG,X031621_130_4
132,X031621,-36.96875,8.9708,0.422840000000001,23.717,2,4.062125,0.9791422,0.002643948,8.72812,2.190841,3.983913,AMG,X031621_132_2
132,X031621,-36.96875,8.9708,0.422840000000001,23.717,4,0.09778554,0.9958872,0.001762632,16.67441,4.1552,4.012902,AMG,X031621_132_4
145,X031621,-21.09375,6.72244,17.4698,20.903,4,2.037441,0.9914806,0.002643948,14.30415,1.606005,8.906667,cd,X031621_145_4
145,X031621,-21.09375,6.72244,17.4698,20.903,6,2.178389,0.9662162,0.007931845,6.889551,1.454596,4.736403,cd,X031621_145_6
156,X031621,-21.71875,8.32958,17.53772,19.62,4,2.046016,0.9153937,0.02555817,7.097863,2.091295,3.394003,cd,X031621_156_4
003,X031720,-8.53125,12.2204,23.4272,43.93,3,1.197443,0.9932432,0.006462985,8.778532,1.548057,5.670676,12r,X031720_003_3
004,X031720,-10.25,11.4616,22.7026,43.43,3,0.2781233,0.9609283,0.006756757,13.22228,2.093278,6.316541,12m,X031720_004_3
005,X031720,-10.875,10.36682,22.65146,43.7,3,1.431686,1,0.02027027,31.19169,3.445788,9.052121,11ml,X031720_005_3
011,X031720,-10.25,13.439,22.00038,42.44,2,1.71322,0.9979436,0.01733255,7.853482,1.467938,5.35001,12m,X031720_011_2
018,X031720,-7.90625,15.33756,22.92792,41.52,3,0.3117205,0.9982374,0.02408931,10.1721,2.222268,4.577351,12m,X031720_018_3
027,X031720,-8.46875,15.88759,21.85022,40.535,3,0.1895248,0.9985312,0.007638073,13.50743,2.546742,5.303807,12l,X031720_027_3
029,X031720,-11.59375,13.97725,21.33125,40,3,3.823936,0.9800235,0.0199765,11.02539,1.572232,7.012573,12m,X031720_029_3
036,X031720,-9.65625,17.50594,19.92176,39.558,3,1.288697,0.994303,0.01233843,9.777245,1.862681,5.249017,12o,X031720_036_3
037,X031720,-11.28125,16.01028,20.4362,39.068,4,10.02067,0.9756169,0.1289659,7.546438,1.558943,4.840741,12o,X031720_037_4
037,X031720,-11.28125,16.01028,20.4362,39.068,5,5.680072,0.9756169,0.0987074,10.14208,1.464826,6.923742,12o,X031720_037_5
038,X031720,-12.34375,14.43679,20.80169,38.713,2,7.702438,1,0.01057579,18.2592,1.463317,12.47795,13l,X031720_038_2
047,X031720,-12.5625,16.32448,19.42692,37.788,4,5.031276,0.9814923,0.02379553,7.734851,2.072332,3.732439,12o,X031720_047_4
052,X031720,-20.90625,8.7007,16.5675,36.088,3,0.8827939,0.9988249,0.0293772,12.13426,1.383542,8.770435,13l,X031720_052_3
057,X031720,-14.59375,16.47195,17.13461,37.018,3,2.697026,0.9688601,0.01057579,9.142568,1.416837,6.452804,12o,X031720_057_3
057,X031720,-14.59375,16.47195,17.13461,37.018,5,0.9216241,0.9688601,0.006169213,12.69185,1.497388,8.475995,12o,X031720_057_5
066,X031720,-12.3125,19.54741,16.05055,36.458,2,6.175943,0.9759107,0.07638073,8.104278,1.81807,4.457627,12l,X031720_066_2
085,X031720,-18.1875,7.68407,19.95305,31.408,3,1.66042,0.989718,0.03730905,11.35444,1.679548,6.760416,cd,X031720_085_3
085,X031720,-18.1875,7.68407,19.95305,31.408,4,0.8386739,0.989718,0.001762632,17.77261,1.703761,10.43139,cd,X031720_085_4
098,X031720,-17.9375,6.28248,20.58874,29.498,1,16.49832,0.9438896,0.1615746,5.8506,1.443939,4.051832,cd,X031720_098_1
098,X031720,-17.9375,6.28248,20.58874,29.498,4,2.72436,0.9720917,0.02673326,9.434554,1.408922,6.696293,cd,X031720_098_4
101,X031720,-13.0625,20.37168,15.23616,32.408,3,1.322898,0.9964747,0.006462985,13.66739,1.74535,7.830743,6VaVb,X031720_101_3
107,X031720,-18.8125,11.1332,17.57932,25.81,2,5.598242,0.9929495,0.003525264,11.13784,1.545408,7.207055,pu,X031720_107_2
109,X031720,-16.3125,7.33854,21.40863,27.294,1,33.43552,0.9644536,0.03584019,7.324288,1.239454,5.909285,cd,X031720_109_1
112,X031720,-18.1875,4.16656,21.06563,27.491,5,8.05223,0.9970623,0.005581669,6.671192,1.328239,5.022584,cd,X031720_112_5
119,X031720,-25.875,11.1,9.9998,24.994,4,4.95584,0.9873678,0.002056404,8.458255,1.580726,5.350867,pu,X031720_119_4
131,X031720,-25.9375,10.22629,10.44977,23.372,3,2.787444,0.996181,0.02262045,10.89483,2.289656,4.758285,pu,X031720_131_3
149,X031720,-28.3125,13.75125,6.804,20.428,4,0.4501396,0.9944183,0.05170388,12.86252,2.159566,5.956069,AMG,X031720_149_4
149,X031720,-28.3125,13.75125,6.804,20.428,6,1.836491,0.989718,0.0008813161,5.576043,1.581467,3.525867,AMG,X031720_149_6
007,X031721,-14.125,7.55444,21.07208,43.21,6,0.9316358,0.9952996,0.05434782,9.931285,1.393301,7.127883,11ml,X031721_007_6
007,X031721,-14.125,7.55444,21.07208,43.21,8,0.2028724,0.9982374,0,22.22146,2.704841,8.21544,11ml,X031721_007_8
015,X031721,-14.375,7.8307,21.23475,41.9,2,1.197755,0.9891304,0.02555817,10.2539,2.064944,4.965704,11ml,X031721_015_2
023,X031721,-14.65625,8.60825,21.2145,40.375,2,2.323229,0.9952996,0.01556992,9.023016,2.187146,4.125474,11ml,X031721_023_2
031,X031721,-15.3125,10.41327,19.90636,39.525,6,1.616452,0.9862595,0.004994125,10.33514,1.538404,6.718094,13l,X031721_031_6
032,X031721,-15.8125,8.993,20.47804,39.1,7,6.62068,0.9632785,0.1089894,6.163879,1.795633,3.432705,13m,X031721_032_7
033,X031721,-19.0625,7.533,17.9304,39.14,5,2.643821,1,0.001762632,17.53077,1.741057,10.06903,13m,X031721_033_5
034,X031721,-19.8125,5.97227,17.70293,38.93,3,0.3829087,0.987074,0.01116334,10.13461,3.580363,2.83061,13m,X031721_034_3
039,X031721,-13.3125,12.89448,20.8784,37.988,6,2.992795,0.9929495,0.004112808,11.86451,1.244575,9.532982,13l,X031721_039_6
041,X031721,-19.5625,10.14163,17.03326,37.813,5,2.521551,0.9941245,0.006462985,11.29873,1.550674,7.286338,13l,X031721_041_5
046,X031721,-11.25,17.72958,18.55342,38.348,2,5.923333,0.9715041,0.0640423,10.21631,1.946118,5.249583,12o,X031721_046_2
048,X031721,-15.53125,15.37251,17.72054,37.758,5,2.188224,0.9797297,0.01645123,7.726088,1.682739,4.591376,12o,X031721_048_5
049,X031721,-16.84375,14.43432,17.30012,37.713,3,4.399322,0.9679788,0.01439483,5.081482,1.181472,4.300976,13l,X031721_049_3
049,X031721,-16.84375,14.43432,17.30012,37.713,4,1.308635,0.9521152,0.00146886,7.015728,1.294102,5.421311,13l,X031721_049_4
050,X031721,-16.53125,11.54145,18.94425,36.413,8,2.387376,1,0.05052879,9.284249,1.679965,5.526454,13l,X031721_050_8
059,X031721,-18.125,13.56883,16.12387,36.583,3,0.8129826,0.9958872,0.004112808,11.03868,1.729235,6.383563,12o,X031721_059_3
063,X031721,-24.78125,8.66942,13.72115,35.353,5,1.404786,0.9856052,0.01145711,10.97148,1.327234,8.266426,13l,X031721_063_5
066,X031721,-12.40625,19.54741,16.05055,36.458,6,4.335731,0.9709166,0.0293772,6.557922,1.271755,5.156592,12l,X031721_066_6
070,X031721,-19.6875,13.86363,14.84029,35.223,6,0.6939285,0.9856052,0.004112808,11.36605,1.926883,5.898672,AI,X031721_070_6
070,X031721,-19.6875,13.86363,14.84029,35.223,7,0.1543431,0.989718,0,17.95217,2.304146,7.791247,AI,X031721_070_7
079,X031721,-19.84375,17.07532,11.68388,34.828,5,1.18854,0.9911869,0.039953,10.56693,1.853242,5.701861,12o,X031721_079_5
081,X031721,-21,13.98824,13.51256,33.928,7,0.9559153,0.9885429,0.004406581,12.40294,1.882827,6.587402,AI,X031721_081_7
081,X031721,-21,13.98824,13.51256,33.928,8,0.2433875,0.9814923,0.0008813161,36.56498,3.519034,10.39063,AI,X031721_081_8
082,X031721,-22.71875,11.58416,13.29118,33.003,2,0.8976327,0.9952996,0.0346651,13.10582,1.616771,8.106174,AI,X031721_082_2
087,X031721,-23.4375,5.1014,15.625,31.488,3,1.023326,0.9911869,0.01733255,8.734299,2.356516,3.706445,cd,X031721_087_3
091,X031721,-16.875,16.76728,14.65157,33.493,3,2.413784,0.9888366,0.04553467,9.719593,1.964072,4.948696,AI,X031721_091_3
091,X031721,-16.875,16.76728,14.65157,33.493,4,0.6134055,0.9994125,0.006756757,23.51623,2.567616,9.158778,AI,X031721_091_4
097,X031721,-20.875,7.72894,17.23658,30.308,3,2.83321,0.9720917,0.1856639,6.207639,1.733717,3.580539,pu,X031721_097_3
099,X031721,-22.75,4.8095,16.435,29.763,2,4.21017,0.9638661,0.05023502,7.367833,1.906715,3.86415,cd,X031721_099_2
103,X031721,-20.4375,15.99034,11.45869,33.393,7,0.6673251,0.9914806,0.01145711,10.05953,2.555131,3.936992,AI,X031721_103_7
104,X031721,-19.0625,14.52793,14.54165,32.238,1,3.460446,0.9985312,0,12.87884,2.230347,5.774369,AI,X031721_104_1
110,X031721,-22.3125,6.5335,16.4485,29.259,4,0.3829114,0.9994125,0,20.48685,2.024764,10.11814,pu,X031721_110_4
111,X031721,-22.96875,5.99564,16.20756,28.312,5,0.9766339,0.9911869,0.008813161,10.77562,1.503696,7.166091,cd,X031721_111_5
112,X031721,-23.34375,4.29584,15.98707,28.131,2,8.805596,0.9723854,0.02790834,5.362176,0.9935856,5.396793,cd,X031721_112_2
112,X031721,-23.34375,4.29584,15.98707,28.131,8,0.6563391,0.9797297,0.005875441,14.51746,1.360731,10.66887,cd,X031721_112_8
118,X031721,-33.21875,12.4835,1.7953,25.757,3,1.340069,0.9903055,0.0005875441,8.693666,2.180666,3.986702,AMG,X031721_118_3
123,X031721,-21.25,5.90719,17.86417,27.013,5,4.123687,0.9785547,0.09635723,6.429672,2.255283,2.850938,cd,X031721_123_5
130,X031721,-35.4375,11.103,0.50018,23.518,2,14.09934,0.9762045,0.01762632,7.908061,1.20605,6.556995,AMG,X031721_130_2
130,X031721,-35.4375,11.103,0.50018,23.518,3,0.07554244,0.9430082,0.009106933,11.1163,2.656616,4.184385,AMG,X031721_130_3
145,X031721,-21.21875,6.72244,17.4698,20.903,1,20.75257,0.9738543,0.03907168,6.204957,1.199685,5.172157,cd,X031721_145_1
146,X031721,-20.3125,5.79941,18.22565,21.333,4,1.852367,0.9947121,0.004112808,10.18363,1.584573,6.426737,cd,X031721_146_4
012,X031821,-10.25,12.56,22.98454,42.185,2,3.408016,0.979436,0.08490012,6.652803,2.007676,3.313683,12m,X031821_012_2
021,X031821,-12.65625,11.59142,21.50134,40.98,4,4.85908,0.9826674,0.08284371,7.937922,1.665105,4.76722,11ml,X031821_021_4
024,X031821,-16.4375,7.127,20.40755,40.125,6,2.06569,0.9997062,0,16.94688,2.591768,6.538736,11ml,X031821_024_6
029,X031821,-11.3125,13.96791,21.63943,39.96,1,1.184,0.9850176,0,16.87123,1.723505,9.788907,12m,X031821_029_1
030,X031821,-12.59375,11.9466,21.682,39.6,1,5.313841,0.9715041,0.08225617,7.461843,1.407115,5.30294,13l,X031821_030_1
030,X031821,-12.59375,11.9466,21.682,39.6,5,0.6664485,0.9938308,0.01674501,13.68551,1.626725,8.412924,13l,X031821_030_5
031,X031821,-15.34375,10.41327,19.90636,39.525,4,0.6698863,0.9976498,0.0005875441,16.61981,2.258764,7.357923,13l,X031821_031_4
033,X031821,-19.09375,7.533,17.9304,39.14,3,2.623998,0.9973561,0.0005875441,19.37763,1.725907,11.22751,13m,X031821_033_3
039,X031821,-13.34375,12.89448,20.8784,37.988,3,2.271832,0.9988249,0.004700352,10.14306,1.259859,8.050944,13l,X031821_039_3
041,X031821,-19.59375,10.14163,17.03326,37.813,6,1.381738,0.9952996,0.005287896,12.70634,1.400923,9.069983,13l,X031821_041_6
046,X031821,-11.28125,17.72958,18.55342,38.348,6,1.444921,0.996181,0.01880141,8.021288,1.845607,4.346151,12o,X031821_046_6
046,X031821,-11.28125,17.72958,18.55342,38.348,9,10.68011,0.9773796,0.01615746,6.489204,1.486871,4.364336,12o,X031821_046_9
046,X031821,-11.28125,17.72958,18.55342,38.348,10,0.2735866,0.9468272,0.005875441,24.78421,2.084961,11.88713,12o,X031821_046_10
049,X031821,-16.875,14.43432,17.30012,37.713,6,0.5904582,0.9944183,0.006756757,11.93568,1.689092,7.066329,13l,X031821_049_6
051,X031821,-20.59375,10.23378,15.9342,36.468,4,4.334046,0.9800235,0.009400705,7.33851,1.514579,4.845246,13l,X031821_051_4
057,X031821,-15.6875,16.4992,16.11416,37.168,3,0.3747454,0.9976498,0.009106933,13.85541,1.821914,7.604864,12o,X031821_057_3
058,X031821,-17.4375,15.05032,15.74076,36.908,2,0.8212119,0.9001175,0.03437133,8.597804,2.791308,3.080206,12o,X031821_058_2
059,X031821,-18.15625,13.56883,16.12387,36.583,2,0.1379743,0.9982374,0.006756757,5.402729,1.793038,3.01317,12o,X031821_059_2
059,X031821,-18.15625,13.56883,16.12387,36.583,4,0.5973773,0.9900118,0.009988249,13.07911,1.64315,7.959777,12o,X031821_059_4
059,X031821,-18.15625,13.56883,16.12387,36.583,6,3.541876,0.9891304,0.007344301,7.677095,1.149633,6.677864,12o,X031821_059_6
062,X031821,-22.375,9.9874,15.31684,35.468,3,7.933037,0.9623972,0.04024677,10.56905,1.439157,7.343915,13l,X031821_062_3
062,X031821,-22.375,9.9874,15.31684,35.468,4,1.052299,0.9623972,0.0493537,8.97131,1.932649,4.641975,13l,X031821_062_4
066,X031821,-12.40625,19.54741,16.05055,36.458,4,3.99923,0.9970623,0.01909518,12.48216,2.014441,6.196337,12l,X031821_066_4
067,X031821,-17.5625,18.04929,12.63019,36.498,3,3.043728,0.9676851,0.006462985,9.811012,2.737384,3.584084,12o,X031821_067_3
069,X031821,-18.46875,15.36083,14.75128,35.583,3,0.2868046,0.9914806,0.009694478,12.05452,2.068731,5.827012,12o,X031821_069_3
070,X031821,-19.71875,13.86363,14.84029,35.223,3,1.143034,0.9726792,0.005875441,11.48859,2.168299,5.298435,12o,X031821_070_3
070,X031821,-19.71875,13.86363,14.84029,35.223,5,0.2577812,0.9726792,0.002350176,15.69627,2.116415,7.41644,12o,X031821_070_5
074,X031821,-25.25,8.85587,13.20969,34.028,3,3.172118,0.9785547,0.01116334,9.18868,1.578538,5.821007,13m,X031821_074_3
078,X031821,-15.40625,18.74888,14.22296,35.408,1,12.32625,0.9941245,0.09811986,8.95891,1.124693,7.965648,12o,X031821_078_1
078,X031821,-15.40625,18.74888,14.22296,35.408,2,51.1981,0.970329,0.08695652,4.682135,0.8972819,5.218132,12o,X031821_078_2
080,X031821,-19.75,15.45576,13.4534,34.258,2,3.078298,0.9876616,0.03584019,10.08908,2.480139,4.067951,12o,X031821_080_2
081,X031821,-21.03125,13.98824,13.51256,33.928,5,0.9500543,0.9662162,0.007638073,11.21344,1.506679,7.442487,AI,X031821_081_5
081,X031821,-21.03125,13.98824,13.51256,33.928,8,0.3485146,0.9894242,0.001175088,18.43604,2.086305,8.836694,AI,X031821_081_8
082,X031821,-22.75,11.58416,13.29118,33.003,3,4.048617,0.9717979,0.0660987,8.096187,2.098523,3.85804,AI,X031821_082_3
091,X031821,-16.90625,16.76728,14.65157,33.493,5,1.051236,0.9180376,0.01615746,8.536816,2.196495,3.886563,AI,X031821_091_5
091,X031821,-16.90625,16.76728,14.65157,33.493,10,0.7510599,0.9750293,0.006169213,15.52746,2.86747,5.41504,AI,X031821_091_10
092,X031821,-20.875,15.4932,12.3382,33.488,3,4.299364,0.8545828,0.1348414,6.036609,1.736101,3.477108,AI,X031821_092_3
097,X031821,-20.9375,7.72894,17.23658,30.308,3,0.5604555,0.9964747,0.01351351,10.66533,1.745127,6.111492,pu,X031821_097_3
103,X031821,-20.4375,15.99034,11.45869,33.393,2,1.207257,0.9321387,0.02585194,5.379385,1.437364,3.742535,AI,X031821_103_2
103,X031821,-20.4375,15.99034,11.45869,33.393,9,2.051993,0.9773796,0.106933,7.898087,1.720284,4.591154,AI,X031821_103_9
104,X031821,-19.0625,14.52793,14.54165,32.238,4,3.651978,0.9952996,0.00293772,7.778657,1.486221,5.233849,AI,X031821_104_4
119,X031821,-35.8125,11.1,0.444760000000002,25.324,2,24.51398,0.9203878,0.08108108,5.585168,1.338841,4.171643,AMG,X031821_119_2
119,X031821,-35.8125,11.1,0.444760000000002,25.324,3,2.922419,0.9647474,0.05229142,7.861913,1.864004,4.217755,AMG,X031821_119_3
123,X031821,-21.3125,5.90719,17.86417,27.013,5,3.536,0.9618096,0.05405406,6.038935,2.220263,2.719919,cd,X031821_123_5
130,X031821,-35.5,11.103,0.50018,23.518,2,0.4926323,0.9938308,0.004112808,9.567675,2.245178,4.261432,AMG,X031821_130_2
146,X031821,-20.375,5.79941,18.22565,21.333,4,1.478839,0.9861927,0.02614571,7.425377,1.280659,5.79809,cd,X031821_146_4
156,X031821,-21.90625,8.38444,17.13496,19.65,1,5.488665,0.9594595,0.08989424,6.271336,1.83267,3.421967,cd,X031821_156_1
157,X031821,-19.59375,6.64634,19.65593,19.44,3,0.3003024,0.9994125,0.006462985,13.76892,1.640161,8.394857,cd,X031821_157_3
020,X031921,-11.71875,13.635,21.2522,41.36,3,1.085404,0.9932432,0.02673326,11.55655,1.664694,6.942148,12m,X031921_020_3
024,X031921,-16.4375,7.127,20.40755,40.125,6,1.97187,0.9952996,0.01410106,14.95065,2.17279,6.880852,11ml,X031921_024_6
029,X031921,-11.34375,13.96791,21.63943,39.96,2,4.658403,0.9641598,0.09488837,8.487978,1.990515,4.264213,12m,X031921_029_2
029,X031921,-11.34375,13.96791,21.63943,39.96,3,1.02195,0.7746769,0.003525264,12.28358,1.750926,7.015478,12m,X031921_029_3
029,X031921,-11.34375,13.96791,21.63943,39.96,8,7.435601,0.9788484,0.03025852,5.582451,1.034118,5.398274,12m,X031921_029_8
033,X031921,-19.125,7.533,17.9304,39.14,5,3.183705,0.9941245,0.009106933,13.94163,1.607994,8.6702,13m,X031921_033_5
039,X031921,-13.375,12.90305,20.67275,38.013,2,2.232713,0.983255,0.02291422,9.585295,1.717258,5.581743,13l,X031921_039_2
042,X031921,-21.46875,8.60085,16.04612,37.618,5,1.610563,0.987074,0.01968273,11.04494,1.597156,6.915377,13l,X031921_042_5
047,X031921,-13.59375,16.36186,18.44544,37.938,2,0.1739738,0.9947121,0.01145711,9.181999,1.813783,5.062348,12o,X031921_047_2
048,X031921,-15.625,15.37251,17.72054,37.758,1,27.17215,0.9371328,0.05816686,4.57032,0.9864132,4.633271,12o,X031921_048_1
048,X031921,-15.625,15.37251,17.72054,37.758,4,1.953308,0.9888366,0.04964747,7.168062,1.931336,3.711452,12o,X031921_048_4
048,X031921,-15.625,15.37251,17.72054,37.758,7,2.427088,0.993537,0.01439483,9.562809,1.270581,7.526326,12o,X031921_048_7
050,X031921,-16.59375,11.5469,18.7425,36.438,7,5.499503,0.9788484,0.1007638,8.897721,1.77105,5.023981,13l,X031921_050_7
051,X031921,-20.625,10.23378,15.9342,36.468,2,1.335182,0.9885429,0.03143361,9.522141,1.49435,6.372094,13l,X031921_051_2
056,X031921,-14.25,17.6547,16.03751,37.463,3,0.442458,0.9903055,0.008813161,8.636113,1.855615,4.654045,12o,X031921_056_3
056,X031921,-14.25,17.6547,16.03751,37.463,4,6.21626,0.9779671,0.004700352,6.605464,1.639666,4.028543,12o,X031921_056_4
057,X031921,-15.71875,16.4992,16.11416,37.168,5,0.3676331,0.9932432,0.01116334,18.85179,1.920417,9.816509,12o,X031921_057_5
057,X031921,-15.71875,16.4992,16.11416,37.168,6,1.593518,0.9829612,0.02467685,8.986332,1.714663,5.240872,12o,X031921_057_6
058,X031921,-17.46875,15.05032,15.74076,36.908,2,1.763825,0.9785547,0.004700352,8.53203,1.486986,5.737801,12o,X031921_058_2
059,X031921,-18.1875,13.56883,16.12387,36.583,3,10.61318,0.989718,0.01909518,6.664516,1.07858,6.17897,12o,X031921_059_3
059,X031921,-18.1875,13.56883,16.12387,36.583,4,0.6908836,0.9902174,0.004406581,13.93773,1.680047,8.296034,12o,X031921_059_4
062,X031921,-22.40625,9.9874,15.31684,35.468,5,2.852817,0.9920682,0.007638073,10.61299,2.023254,5.245505,13l,X031921_062_5
062,X031921,-22.40625,9.9874,15.31684,35.468,7,1.07721,0.9950058,0.004994125,11.73938,1.417824,8.279859,13l,X031921_062_7
066,X031921,-12.40625,19.54741,16.05055,36.458,6,3.101136,0.9864865,0.002350176,9.139675,1.269798,7.197739,12l,X031921_066_6
070,X031921,-19.75,13.86363,14.84029,35.223,3,0.3844596,0.9553466,0.002350176,18.31301,1.790174,10.22973,12o,X031921_070_3
074,X031921,-25.28125,8.85587,13.20969,34.028,1,2.933047,0.9952996,0.00146886,12.6331,1.693941,7.457816,13m,X031921_074_1
080,X031921,-19.78125,15.46044,13.2166,34.293,1,4.068942,0.9814923,0.04994125,11.04337,1.839553,6.00329,12o,X031921_080_1
100,X031921,-23.65625,3.32248,15.90776,29.548,2,0.5960628,0.9920682,0.01762632,11.17198,1.755354,6.364514,cd,X031921_100_2
104,X031921,-19.125,14.52102,14.3001,32.288,7,1.70394,0.9838426,0.02996475,7.539438,1.42149,5.303897,AI,X031921_104_7
104,X031921,-19.125,14.52102,14.3001,32.288,10,0.1757021,0.9955934,0.002643948,10.73956,1.897056,5.66117,AI,X031921_104_10
108,X031921,-20.25,8.19566,17.03626,28.849,1,15.86345,0.9527027,0.1527615,6.773357,1.550503,4.368492,pu,X031921_108_1
108,X031921,-20.25,8.19566,17.03626,28.849,5,3.023097,0.9597532,0.004994125,14.62463,1.719828,8.503545,pu,X031921_108_5
112,X031921,-23.46875,4.29584,15.98707,28.131,3,1.637631,0.9803173,0.02585194,7.958133,1.468864,5.417884,cd,X031921_112_3
117,X031921,-31.03125,13.69915,3.64235,25.582,2,0.807156,0.9914806,0.01204465,9.321661,2.795614,3.334388,AMG,X031921_117_2
118,X031921,-33.3125,12.4835,1.7953,25.757,1,10.66473,0.9788484,0.08137485,7.087434,1.106805,6.403508,AMG,X031921_118_1
118,X031921,-33.3125,12.4835,1.7953,25.757,3,0.8912137,0.9280258,0.03672151,6.757463,2.084312,3.242059,AMG,X031921_118_3
119,X031921,-35.84375,11.1,0.444760000000002,25.324,6,2.520865,0.9820799,0.02967098,8.48881,1.945711,4.362832,AMG,X031921_119_6
123,X031921,-21.375,5.90719,17.86417,27.013,2,3.440871,0.9841363,0.01938896,6.938746,2.155644,3.218874,cd,X031921_123_2
124,X031921,-22.0625,4.39668,17.4472,26.473,3,0.9906951,0.9891304,0.02673326,7.983799,1.775781,4.495936,cd,X031921_124_3
128,X031921,-31.09375,13.19148,3.52548,23.954,1,0.7444074,0.9947121,0.0008813161,13.14233,2.107997,6.23451,AMG,X031921_128_1
130,X031921,-35.53125,11.103,0.50018,23.518,5,0.106335,0.9894242,0.004700352,17.65812,4.525145,3.902221,AMG,X031921_130_5
132,X031921,-37.125,8.97615,0.00401999999999703,23.737,7,0.3961232,0.9826674,0,10.60798,1.984595,5.345159,AMG,X031921_132_7
132,X031921,-37.125,8.97615,0.00401999999999703,23.737,8,0.08616588,0.9826674,0,17.31631,2.330683,7.429712,AMG,X031921_132_8
147,X031921,-18.5,4.0838,21.4094,23.419,2,7.826687,0.9938308,0.01674501,8.363297,1.288256,6.491952,cd,X031921_147_2
147,X031921,-18.5,4.0838,21.4094,23.419,3,1.90223,0.9882491,0.2082844,6.673595,1.157795,5.764055,cd,X031921_147_3
007,X032221,-14.21875,7.55185,20.9057,43.23,2,0.2326684,0.9988249,0,14.64512,1.626549,9.003798,11ml,X032221_007_2
021,X032221,-12.84375,11.59275,21.33125,41,3,0.5533423,0.9941245,0.01527615,9.041698,2.683491,3.369379,11ml,X032221_021_3
023,X032221,-14.875,8.60892,21.01972,40.4,1,6.445337,0.9817861,0.05699177,8.256066,2.290997,3.603701,11ml,X032221_023_1
024,X032221,-16.4375,7.127,20.40755,40.125,1,0.2198003,1,0.0005875441,17.20316,2.659275,6.469119,11ml,X032221_024_1
029,X032221,-11.34375,13.96791,21.63943,39.96,4,6.458448,0.9944183,0.02438308,7.622003,1.094318,6.965068,12m,X032221_029_4
029,X032221,-11.34375,13.96791,21.63943,39.96,5,0.8189098,0.9903055,0.0273208,10.54128,1.591457,6.623668,12m,X032221_029_5
029,X032221,-11.34375,13.96791,21.63943,39.96,6,1.167923,0.9955934,0.001762632,17.74681,1.789786,9.915606,12m,X032221_029_6
031,X032221,-15.46875,10.41394,19.71892,39.55,3,1.154193,0.9312574,0.001175088,10.96538,2.945323,3.72298,13l,X032221_031_3
033,X032221,-19.125,7.533,17.9304,39.14,1,2.255064,0.9292009,0.004700352,9.843605,1.536764,6.405413,13m,X032221_033_1
037,X032221,-9.375,15.9449,22.301,38.788,1,3.147213,0.972973,0.002350176,8.632906,1.232843,7.002438,12o,X032221_037_1
041,X032221,-19.625,10.14942,16.83384,37.838,3,0.4149028,0.996181,0.006756757,11.00188,1.653473,6.653802,13l,X032221_041_3
044,X032221,-20.25,5.52865,18.34074,36.758,2,25.12471,0.9826674,0.08166862,6.917942,1.080899,6.400174,13m,X032221_044_2
046,X032221,-11.34375,17.72958,18.55342,38.348,3,1.608088,0.9911869,0.02996475,7.704424,1.059539,7.271486,12o,X032221_046_3
046,X032221,-11.34375,17.72958,18.55342,38.348,5,0.07729304,0.9709166,0.009694478,10.54907,2.598538,4.059616,12o,X032221_046_5
047,X032221,-13.59375,16.36186,18.44544,37.938,3,0.6228995,0.9988249,0.002056404,10.62262,1.6133,6.584404,12o,X032221_047_3
048,X032221,-15.625,15.37251,17.72054,37.758,5,1.317791,0.9964747,0.007931845,11.7653,1.768475,6.652793,12o,X032221_048_5
049,X032221,-16.90625,14.43432,17.30012,37.713,3,4.778206,0.9791422,0.1060517,8.819869,1.768084,4.988377,13l,X032221_049_3
053,X032221,-23.5625,7.26752,14.87144,35.968,5,1.61971,0.9782609,0.02614571,10.89635,1.751072,6.222673,13m,X032221_053_5
056,X032221,-14.25,17.6547,16.03751,37.463,3,0.916296,0.9955934,0.003231492,16.05964,2.029291,7.913919,12o,X032221_056_3
057,X032221,-15.71875,16.4992,16.11416,37.168,2,0.6426002,0.9903055,0.004700352,9.901543,1.629382,6.076868,12o,X032221_057_2
058,X032221,-17.46875,15.05032,15.74076,36.908,3,0.5496743,0.9994125,0.00146886,14.65995,2.212961,6.624588,12o,X032221_058_3
059,X032221,-18.1875,13.56883,16.12387,36.583,2,1.318479,0.9856052,0.001762632,12.45323,2.241613,5.555479,12o,X032221_059_2
061,X032221,-19.15625,11.2904,17.6074,35.363,1,6.593872,0.9477086,0.09341951,8.592905,1.788619,4.804213,AI,X032221_061_1
061,X032221,-19.15625,11.2904,17.6074,35.363,2,0.1696698,0.9568155,0.007931845,15.52154,1.407352,11.0289,AI,X032221_061_2
061,X032221,-19.15625,11.2904,17.6074,35.363,5,4.121578,0.9621034,0.02291422,6.905222,1.543085,4.474945,AI,X032221_061_5
062,X032221,-22.40625,9.9874,15.31684,35.468,6,0.6332246,0.9938308,0.01556992,10.27526,1.583495,6.488973,13l,X032221_062_6
066,X032221,-12.40625,19.54741,16.05055,36.458,1,3.338256,0.9668038,0.09635723,6.598141,1.243315,5.306896,12l,X032221_066_1
066,X032221,-12.40625,19.54741,16.05055,36.458,6,2.62442,1,0.003819037,27.69168,2.303237,12.02294,12l,X032221_066_6
070,X032221,-19.75,13.86363,14.84029,35.223,3,1.452877,0.9306698,0.002350176,13.40512,1.658819,8.081123,12o,X032221_070_3
070,X032221,-19.75,13.86363,14.84029,35.223,6,0.1305249,0.9982374,0,22.88389,2.398482,9.540987,12o,X032221_070_6
080,X032221,-19.78125,15.46044,13.2166,34.293,3,4.896412,0.9738543,0.1116334,9.502478,1.524505,6.233155,12o,X032221_080_3
080,X032221,-19.78125,15.46044,13.2166,34.293,4,4.733626,0.9738543,0.005875441,8.416411,1.146507,7.340916,12o,X032221_080_4
081,X032221,-21.0625,13.98824,13.51256,33.928,2,0.1009842,0.9976498,0.003525264,23.21055,2.539516,9.139755,AI,X032221_081_2
082,X032221,-22.78125,11.58416,13.29118,33.003,4,9.058068,0.9811986,0.008225617,7.142521,1.606202,4.446839,AI,X032221_082_4
091,X032221,-17,16.76728,14.65157,33.493,2,5.880622,0.9759107,0.056698,8.313934,1.397662,5.948459,AI,X032221_091_2
091,X032221,-17,16.76728,14.65157,33.493,4,1.705712,0.9759107,0.01880141,12.36241,2.241766,5.514584,AI,X032221_091_4
091,X032221,-17,16.76728,14.65157,33.493,5,7.146227,0.9917744,0.003819037,7.982715,1.417361,5.632095,AI,X032221_091_5
092,X032221,-20.90625,15.4932,12.3382,33.488,3,1.466202,0.9914806,0.01615746,7.701721,1.470601,5.237126,AI,X032221_092_3
097,X032221,-21.125,7.72972,16.95304,30.348,2,18.06603,0.9950058,0.00293772,7.954721,1.372406,5.796188,pu,X032221_097_2
097,X032221,-21.125,7.72972,16.95304,30.348,4,11.21766,0.9885429,0.02144536,6.988979,1.712187,4.081902,pu,X032221_097_4
099,X032221,-22.9375,4.81184,16.13588,29.808,2,0.4678975,0.9976498,0.004700352,11.53461,1.911679,6.033758,cd,X032221_099_2
103,X032221,-20.46875,15.99034,11.45869,33.393,2,0.4504086,0.9923619,0.005581669,12.93344,1.44602,8.944165,AI,X032221_103_2
103,X032221,-20.46875,15.99034,11.45869,33.393,3,1.39233,0.9923619,0.006462985,26.58786,3.563941,7.460243,AI,X032221_103_3
104,X032221,-19.125,14.52102,14.3001,32.288,7,0.1098705,0.9970623,0.001762632,10.38399,3.759082,2.762375,AI,X032221_104_7
107,X032221,-31.9375,11.2148,4.05228,26.13,5,15.18138,0.9444771,0.01615746,4.964035,1.131723,4.386265,AMG,X032221_107_5
111,X032221,-23.15625,6.00603,15.90862,28.357,4,14.40298,0.9982374,0.01292597,6.909506,1.792649,3.854356,cd,X032221_111_4
119,X032221,-35.84375,11.1,0.444760000000002,25.324,5,2.651963,0.9876616,0.01204465,8.742629,1.854924,4.713201,AMG,X032221_119_5
123,X032221,-21.375,5.90719,17.86417,27.013,2,3.494183,0.9568155,0.0005875441,6.285224,1.671652,3.759887,cd,X032221_123_2
124,X032221,-22.0625,4.39668,17.4472,26.473,6,0.2306575,1,0.002350176,13.2676,1.550701,8.555868,cd,X032221_124_6
128,X032221,-31.125,13.19148,3.52548,23.954,5,3.336757,0.9817861,0.002350176,8.26026,2.237601,3.69157,AMG,X032221_128_5
139,X032221,-32.59375,13.45,3.024,21.981,3,3.296788,0.9853114,0.0293772,8.559187,1.404217,6.095344,AMG,X032221_139_3
147,X032221,-18.5,4.0838,21.4094,23.419,5,1.700467,0.9770858,0.03407755,6.997462,1.973728,3.545302,cd,X032221_147_5
147,X032221,-18.5,4.0838,21.4094,23.419,6,2.103337,0.9988249,0.004700352,16.36359,2.09057,7.827335,cd,X032221_147_6
012,X032321,-10.40625,12.56,22.8558,42.2,3,3.939148,0.9920682,0.02350176,7.942422,1.987469,3.996249,12m,X032321_012_3
013,X032321,-11.9375,10.654,22.09036,42.29,6,0.9910309,0.9908931,0.008519389,7.779494,1.947814,3.993962,11ml,X032321_013_6
024,X032321,-16.46875,7.129,20.21678,40.15,4,0.8893275,0.9947121,0.007050529,9.918131,3.408924,2.909461,11ml,X032321_024_4
029,X032321,-11.375,13.96791,21.63943,39.96,3,0.9418211,0.9809048,0.008519389,8.140346,3.4513,2.358632,12m,X032321_029_3
041,X032321,-19.65625,10.14942,16.83384,37.838,5,0.3108204,0.9976498,0.0005875441,16.88373,1.750116,9.647204,13l,X032321_041_5
042,X032321,-21.5,8.60085,16.04612,37.618,3,8.696543,0.9644536,0.03525265,8.763068,2.263464,3.871529,13l,X032321_042_3
046,X032321,-11.375,17.72958,18.55342,38.348,3,0.3534479,0.9908931,0.001762632,13.44057,2.05129,6.552252,12o,X032321_046_3
047,X032321,-13.625,16.36186,18.44544,37.938,6,0.634115,0.9938308,0.006169213,10.85244,1.532289,7.082498,12o,X032321_047_6
048,X032321,-15.65625,15.37251,17.72054,37.758,2,26.96406,0.970329,0.03760282,5.300067,1.039959,5.096418,12o,X032321_048_2
050,X032321,-16.625,11.5469,18.7425,36.438,4,0.064712,0.9900596,0.01145711,14.00347,1.889633,7.410679,13l,X032321_050_4
051,X032321,-20.65625,10.24001,15.6974,36.498,2,0.5760691,0.9925408,0.01674501,12.90116,2.371588,5.43988,13l,X032321_051_2
051,X032321,-20.65625,10.24001,15.6974,36.498,6,0.6970205,0.9976498,0.005875441,27.04842,2.976228,9.088155,13l,X032321_051_6
059,X032321,-18.21875,13.56883,16.12387,36.583,2,2.147853,0.8096357,0.0008813161,5.964725,1.09943,5.425286,12o,X032321_059_2
059,X032321,-18.21875,13.56883,16.12387,36.583,5,1.63039,0.9926557,0.00293772,11.12671,1.87894,5.9218,12o,X032321_059_5
060,X032321,-18.40625,12.7158,17.08985,35.938,2,3.534951,0.9971202,0.0005875441,17.84501,2.097275,8.508666,AI,X032321_060_2
060,X032321,-18.40625,12.7158,17.08985,35.938,3,2.196252,0.9324324,0.01175088,9.869348,1.32801,7.431683,AI,X032321_060_3
060,X032321,-18.40625,12.7158,17.08985,35.938,4,1.560361,0.9324324,0.0273208,8.356399,1.551752,5.385139,AI,X032321_060_4
060,X032321,-18.40625,12.7158,17.08985,35.938,10,13.70621,0.9941245,0.008519389,7.543854,1.127901,6.688404,AI,X032321_060_10
061,X032321,-19.1875,11.2904,17.6074,35.363,3,2.579962,0.989718,0.02232667,11.79823,2.319039,5.087551,AI,X032321_061_3
062,X032321,-22.4375,9.9874,15.31684,35.468,3,0.1268855,0.9964564,0.002643948,12.08402,1.87268,6.452797,13l,X032321_062_3
066,X032321,-12.40625,19.54741,16.05055,36.458,4,2.88112,1,0.001175088,17.40442,1.601789,10.86562,12l,X032321_066_4
068,X032321,-18.8125,16.8984,12.68116,36.148,3,17.14586,0.9697415,0.03319624,5.644578,1.138193,4.959243,12o,X032321_068_3
070,X032321,-19.78125,13.86986,14.60038,35.258,2,6.380917,0.9635723,0.01556992,8.499425,2.306917,3.684322,12o,X032321_070_2
073,X032321,-22,9.92812,15.66852,33.968,5,1.148709,0.9944581,0.04435958,10.08892,1.231645,8.191421,AI,X032321_073_5
074,X032321,-25.3125,8.85587,13.20969,34.028,4,8.271968,0.9694477,0.04994125,6.938302,1.595846,4.347727,13m,X032321_074_4
078,X032321,-15.46875,18.75667,14.01264,35.443,5,3.747669,0.972973,0.08842538,6.613215,1.913593,3.455915,12o,X032321_078_5
080,X032321,-19.8125,15.46044,13.2166,34.293,4,6.687943,0.9612221,0.07373678,7.985543,2.22683,3.586059,12o,X032321_080_4
081,X032321,-21.09375,13.98824,13.51256,33.928,2,4.316432,0.974148,0.04994125,5.344421,1.19874,4.458364,AI,X032321_081_2
081,X032321,-21.09375,13.98824,13.51256,33.928,5,0.6195042,0.9668038,0.001175088,11.26827,1.903313,5.920347,AI,X032321_081_5
082,X032321,-22.8125,11.5826,13.0388,33.038,2,1.868886,0.9538778,0.000293772,8.9423,1.700488,5.258666,AI,X032321_082_2
082,X032321,-22.8125,11.5826,13.0388,33.038,3,1.358689,0.9538778,0,11.66189,1.938502,6.015931,AI,X032321_082_3
091,X032321,-17,16.76728,14.65157,33.493,6,0.8737176,0.9965122,0.003819037,11.80721,1.57543,7.494593,AI,X032321_091_6
098,X032321,-23.25,6.309,15.34475,30.263,4,12.39699,0.9988249,0.001762632,8.192894,1.632202,5.019534,pu,X032321_098_4
103,X032321,-20.5,15.99034,11.45869,33.393,3,0.6476697,0.9568155,0.004700352,10.43207,1.663806,6.270003,AI,X032321_103_3
103,X032321,-20.5,15.99034,11.45869,33.393,5,1.24765,0.9568155,0.002056404,14.30439,2.144929,6.668935,AI,X032321_103_5
107,X032321,-31.96875,11.2148,4.05228,26.13,5,17.51605,0.9362515,0.0420094,5.165568,1.20569,4.284326,AMG,X032321_107_5
112,X032321,-23.53125,4.30392,15.66966,28.171,3,0.3394328,0.9938308,0.01498237,8.473037,1.320994,6.414137,cd,X032321_112_3
118,X032321,-33.34375,12.4835,1.7953,25.757,3,0.1586376,0.9946619,0.002056404,9.568524,1.720985,5.559911,AMG,X032321_118_3
119,X032321,-35.875,11.1,0.0104400000000027,25.339,7,2.761074,0.974148,0.006462985,9.817038,1.551675,6.326737,AMG,X032321_119_7
124,X032321,-22.125,4.40419,17.1271,26.513,3,0.578921,0.9873678,0.03349001,9.277662,1.378804,6.728776,cd,X032321_124_3
132,X032321,-37.15625,8.97615,0.00401999999999703,23.737,3,0.0808431,0.9949031,0.001175088,16.13323,2.136701,7.550533,AMG,X032321_132_3
145,X032321,-21.46875,6.73716,17.0657,20.923,4,1.200445,0.9318449,0.06081081,8.495403,2.072492,4.099125,cd,X032321_145_4
147,X032321,-18.53125,4.09718,21.10699,23.464,3,5.291689,0.9947121,0.04024677,12.671,1.49986,8.448121,cd,X032321_147_3
147,X032321,-18.53125,4.09718,21.10699,23.464,9,1.442203,0.9914806,0.003231492,6.556245,1.910651,3.43142,cd,X032321_147_9
012,X032421,-10.4375,12.56,22.72706,42.215,2,3.578322,0.9615158,0.1780259,6.044363,1.180054,5.122106,12m,X032421_012_2
020,X032421,-11.84375,13.635,21.2522,41.36,4,6.254936,0.9750293,0.02585194,6.513519,2.184115,2.982224,12m,X032421_020_4
021,X032421,-12.90625,11.59275,21.33125,41,5,4.141809,0.974148,0.1060517,6.64631,1.454289,4.570143,11ml,X032421_021_5
024,X032421,-16.5,7.129,20.21678,40.15,1,0.8465368,0.9847239,0.006169213,5.856164,2.206666,2.653851,11ml,X032421_024_1
032,X032421,-16.0625,8.995,20.2906,39.125,1,9.51309,0.9835488,0.02115159,9.20157,1.749856,5.258473,13m,X032421_032_1
037,X032421,-9.5625,15.94957,22.1678,38.808,3,3.092551,0.9762045,0.008813161,8.881043,1.35921,6.533975,12o,X032421_037_3
039,X032421,-13.4375,12.90305,20.67275,38.013,1,6.387909,0.9456522,0.07138661,6.566044,1.606212,4.087906,13l,X032421_039_1
041,X032421,-19.6875,10.14942,16.83384,37.838,4,0.2804689,0.9700353,0.005581669,13.93875,1.787586,7.797528,13l,X032421_041_4
041,X032421,-19.6875,10.14942,16.83384,37.838,5,0.4803413,0.9700353,0.006169213,19.66608,2.432346,8.085233,13l,X032421_041_5
041,X032421,-19.6875,10.14942,16.83384,37.838,6,1.483235,0.972973,0.02497062,4.040629,1.276649,3.165026,13l,X032421_041_6
042,X032421,-21.53125,8.60085,16.04612,37.618,3,1.439578,0.9876616,0.009694478,8.293292,2.077549,3.991864,13l,X032421_042_3
042,X032421,-21.53125,8.60085,16.04612,37.618,4,3.125689,0.9885429,0.0146886,11.05583,2.004852,5.514537,13l,X032421_042_4
043,X032421,-21.96875,7.10129,16.02036,37.313,6,13.89869,0.9438896,0.0987074,5.199689,1.463086,3.553918,13m,X032421_043_6
046,X032421,-11.40625,17.73504,18.39996,38.368,4,0.5143127,0.9065805,0.003231492,9.270167,3.155811,2.937491,12o,X032421_046_4
047,X032421,-13.65625,16.36186,18.44544,37.938,6,0.2419196,0.9982374,0.006756757,14.3851,1.964491,7.322561,12o,X032421_047_6
048,X032421,-15.6875,15.37251,17.72054,37.758,1,25.05725,0.9477086,0.06844889,4.474326,0.9850813,4.542088,12o,X032421_048_1
049,X032421,-16.96875,14.44756,17.12096,37.738,2,0.6678666,0.9764982,0.01028202,17.49068,2.519831,6.941214,13l,X032421_049_2
049,X032421,-16.96875,14.44756,17.12096,37.738,4,1.586167,0.972973,0.03055229,9.438569,1.823485,5.176115,13l,X032421_049_4
053,X032421,-23.625,7.26752,14.87144,35.968,3,2.921478,0.9747356,0.05875441,7.527429,1.486516,5.063805,13m,X032421_053_3
059,X032421,-18.25,13.56883,16.12387,36.583,3,7.675419,0.9944183,0.005287896,7.819536,1.231904,6.347518,12o,X032421_059_3
060,X032421,-18.40625,12.7158,17.08985,35.938,2,12.05445,0.974148,0.02262045,5.997365,1.216818,4.928727,AI,X032421_060_2
060,X032421,-18.40625,12.7158,17.08985,35.938,3,6.287391,0.9682726,0.0146886,8.21122,1.695381,4.84329,AI,X032421_060_3
062,X032421,-22.46875,10.0022,15.06602,35.503,3,0.7283224,0.9764982,0.001762632,17.22215,2.013741,8.552319,13l,X032421_062_3
062,X032421,-22.46875,10.0022,15.06602,35.503,8,1.132134,0.9994125,0.00146886,9.924395,1.323709,7.497415,13l,X032421_062_8
063,X032421,-24.90625,8.685,13.475,35.388,3,0.4084192,0.9785547,0,26.29952,3.231448,8.138618,13l,X032421_063_3
066,X032421,-12.4375,19.5513,15.8745,36.488,4,2.916494,0.9985312,0.002056404,10.51756,1.222306,8.604686,12l,X032421_066_4
067,X032421,-14.875,17.98858,15.21238,36.108,2,2.165517,0.9970623,0.004994125,11.48658,2.403822,4.778466,12o,X032421_067_2
068,X032421,-18.84375,16.8984,12.68116,36.148,1,12.42148,0.9324324,0.05287896,4.72542,1.344444,3.514777,12o,X032421_068_1
069,X032421,-18.5625,15.36083,14.75128,35.583,3,0.7804111,0.9894242,0.004406581,11.21611,2.023433,5.543108,12o,X032421_069_3
073,X032421,-22.03125,9.92812,15.66852,33.968,2,1.531937,0.9982374,0.02027027,9.934387,1.747227,5.685802,AI,X032421_073_2
074,X032421,-25.34375,8.87144,12.93628,34.068,6,2.361253,0.9811986,0.02643948,7.545359,1.489597,5.065371,13m,X032421_074_6
078,X032421,-15.5,18.75667,14.01264,35.443,7,2.319883,0.9938308,0.0273208,9.360685,1.506797,6.212306,12o,X032421_078_7
080,X032421,-19.84375,15.46044,13.2166,34.293,2,11.71232,0.96651,0.06345476,6.702939,1.598719,4.192694,12o,X032421_080_2
081,X032421,-21.125,13.98824,13.51256,33.928,3,0.1561838,0.9864865,0,16.99358,2.3518,7.225775,AI,X032421_081_3
081,X032421,-21.125,13.98824,13.51256,33.928,4,1.413868,0.9864865,0.004994125,12.35649,2.326262,5.311734,AI,X032421_081_4
091,X032421,-17.03125,16.76728,14.65157,33.493,2,22.61613,0.9145123,0.09606346,5.87368,1.587344,3.700318,AI,X032421_091_2
092,X032421,-20.96875,15.4932,12.3382,33.488,2,0.05563194,0.9912088,0.002056404,11.7921,1.945971,6.05975,AI,X032421_092_2
103,X032421,-20.53125,15.9864,11.2339,33.438,2,0.5419709,0.9485899,0.04994125,9.822171,1.544204,6.360672,AI,X032421_103_2
103,X032421,-20.53125,15.9864,11.2339,33.438,9,1.36487,0.960047,0.002350176,17.42147,2.105982,8.272374,AI,X032421_103_9
104,X032421,-19.1875,14.52102,14.3001,32.288,3,6.189197,1,0.001762632,7.684399,1.67869,4.577616,AI,X032421_104_3
107,X032421,-32,11.2148,4.05228,26.13,4,17.14499,0.940658,0.04318449,4.945766,1.117028,4.42761,AMG,X032421_107_4
119,X032421,-35.90625,11.1,0.0104400000000027,25.339,3,9.428987,0.9820799,0.05287896,11.17521,1.51081,7.396833,AMG,X032421_119_3
119,X032421,-35.90625,11.1,0.0104400000000027,25.339,4,2.138069,0.9820799,0.002056404,8.203984,1.588462,5.164734,AMG,X032421_119_4
123,X032421,-21.46875,5.9147,17.5591,27.053,5,0.1885162,0.9891304,0.01733255,12.80075,1.581342,8.094869,cd,X032421_123_5
145,X032421,-21.53125,6.73716,17.0657,20.923,5,0.9181461,0.9847239,0.006462985,15.74943,1.786275,8.816911,cd,X032421_145_5
147,X032421,-18.59375,4.09718,21.10699,23.464,4,3.694414,0.9779671,0.146886,10.08358,1.209555,8.336605,cd,X032421_147_4
007,X032521,-14.3125,7.55185,20.9057,43.23,3,0.9883966,0.996181,0.01938896,10.21286,1.630381,6.264093,11ml,X032521_007_3
014,X032521,-13,9.164,21.8355,42.14,2,9.01986,0.9891304,0.03672151,6.730757,1.189938,5.656392,11ml,X032521_014_2
014,X032521,-13,9.164,21.8355,42.14,3,0.4076473,0.9653349,0.02967098,6.80989,1.479065,4.604186,11ml,X032521_014_3
021,X032521,-12.9375,11.59408,21.16116,41.02,3,4.134214,0.9723854,0.09195065,6.096725,1.665588,3.660403,11ml,X032521_021_3
024,X032521,-16.53125,7.129,20.21678,40.15,3,1.032928,0.9709166,0.01410106,5.633893,1.847785,3.048999,11ml,X032521_024_3
032,X032521,-16.09375,8.995,20.2906,39.125,7,7.437261,0.9932432,0.02232667,8.067012,1.45268,5.553194,13m,X032521_032_7
037,X032521,-9.59375,15.94957,22.1678,38.808,3,1.528609,0.979436,0.003525264,12.68466,4.381981,2.894732,12o,X032521_037_3
042,X032521,-21.5625,8.60085,16.04612,37.618,3,4.732497,0.9391892,0.004406581,5.921184,1.465127,4.041412,13l,X032521_042_3
042,X032521,-21.5625,8.60085,16.04612,37.618,4,1.172919,0.9826674,0.004112808,10.97217,1.706951,6.427934,13l,X032521_042_4
047,X032521,-13.6875,16.36809,18.28186,37.963,3,0.8945203,0.9903055,0.0005875441,16.98911,2.236061,7.597786,12o,X032521_047_3
048,X032521,-15.71875,15.3842,17.5258,37.788,3,19.61881,0.8907168,0.1210341,4.157692,0.990477,4.197667,12o,X032521_048_3
049,X032521,-17,14.44756,17.12096,37.738,2,0.4097442,0.8960047,0.00146886,13.13281,2.201164,5.966302,13l,X032521_049_2
051,X032521,-20.71875,10.24001,15.6974,36.498,6,3.349453,0.9994125,0.01116334,12.66243,2.149283,5.891468,13l,X032521_051_6
053,X032521,-23.65625,7.26752,14.87144,35.968,4,1.300448,0.987074,0.02262045,9.583056,1.838088,5.2136,13m,X032521_053_4
057,X032521,-15.8125,16.50465,15.91007,37.198,4,0.09821167,1,0,19.18269,2.089777,9.179296,12o,X032521_057_4
058,X032521,-17.5625,15.05655,15.5359,36.938,2,0.271266,0.9967685,0.0008813161,14.99707,2.248035,6.67119,12o,X032521_058_2
059,X032521,-18.28125,13.56883,16.12387,36.583,2,1.814354,0.9773796,0.01498237,9.241853,2.803053,3.297066,12o,X032521_059_2
059,X032521,-18.28125,13.56883,16.12387,36.583,4,0.775717,0.970329,0.00146886,18.41803,1.864774,9.876815,12o,X032521_059_4
059,X032521,-18.28125,13.56883,16.12387,36.583,7,1.189274,0.970329,0.001175088,27.45143,3.31234,8.287623,12o,X032521_059_7
060,X032521,-18.4375,12.7158,17.08985,35.938,2,0.6888456,0.9356639,0.01703878,11.31082,1.97309,5.732542,AI,X032521_060_2
064,X032521,-25.4375,7.09048,13.34756,35.108,1,1.461802,0.9932432,0.0220329,11.35861,2.253668,5.040055,13m,X032521_064_1
066,X032521,-12.5,19.5513,15.8745,36.488,5,2.822682,0.9952996,0.0126322,9.114519,1.34776,6.762715,12l,X032521_066_5
067,X032521,-14.875,17.98858,15.21238,36.108,3,2.509353,0.9847239,0.02585194,9.668326,1.925506,5.021188,12o,X032521_067_3
070,X032521,-19.84375,13.86986,14.60038,35.258,2,1.425599,0.9788484,0.005581669,13.4484,1.578354,8.520523,12o,X032521_070_2
074,X032521,-25.375,8.87144,12.93628,34.068,3,2.060566,0.989718,0.01086957,7.360722,1.97733,3.722557,13m,X032521_074_3
077,X032521,-13.21875,19.77018,14.99081,35.583,5,6.820115,0.9720917,0.03819036,8.723369,2.521581,3.459483,12l,X032521_077_5
091,X032521,-17.0625,16.76728,14.65157,33.493,2,17.82395,0.9268507,0.1286722,6.743861,1.639238,4.114022,AI,X032521_091_2
103,X032521,-20.5625,15.9864,11.2339,33.438,7,1.104482,0.9438896,0.001762632,26.83299,2.423922,11.07007,AI,X032521_103_7
108,X032521,-20.4375,8.19566,17.03626,28.849,1,0.7972814,0.9908931,0.005287896,16.84617,1.59775,10.54368,pu,X032521_108_1
119,X032521,-35.9375,11.1,0.0104400000000027,25.339,1,13.94581,0.9515276,0.0766745,8.326356,1.459282,5.705788,AMG,X032521_119_1
121,X032521,-31.40625,8.72774,6.20054,24.935,1,0.5393561,0.9941046,0.004700352,7.28448,1.167371,6.240071,AMG,X032521_121_1
128,X032521,-31.25,13.19148,3.52548,23.954,2,0.2476244,0.9635723,0.004406581,13.07204,1.916897,6.819375,AMG,X032521_128_2
128,X032521,-31.25,13.19148,3.52548,23.954,3,1.563954,0.9635723,0.004112808,8.56229,3.332373,2.569427,AMG,X032521_128_3
128,X032521,-31.25,13.19148,3.52548,23.954,5,1.459736,0.9985312,0.001762632,21.98908,4.447664,4.943963,AMG,X032521_128_5
131,X032521,-36.75,10.23777,-0.124990000000004,23.792,3,0.05609228,0.9689292,0.002350176,13.85273,4.05868,3.413111,AMG,X032521_131_3
147,X032521,-18.625,4.09718,21.10699,23.464,4,4.503834,0.9970623,0.04788484,10.11863,1.535107,6.591479,cd,X032521_147_4
004,X032621,-10.75,11.44348,22.19308,43.475,3,2.77639,0.9294947,0.1410106,8.021873,1.736829,4.61869,12m,X032621_004_3
007,X032621,-14.34375,7.54926,20.73932,43.25,5,1.419948,0.9955934,0.0126322,6.906054,1.413715,4.88504,11ml,X032621_007_5
014,X032621,-13.03125,9.164,21.8355,42.14,2,12.20808,0.9994125,0.004112808,11.06763,1.521914,7.27218,11ml,X032621_014_2
014,X032621,-13.03125,9.164,21.8355,42.14,3,2.484113,0.9615158,0.01086957,7.066365,1.338665,5.278664,11ml,X032621_014_3
020,X032621,-11.90625,13.641,21.0801,41.38,4,3.174504,0.9908931,0.006756757,9.314749,1.620743,5.747209,12m,X032621_020_4
029,X032621,-11.46875,13.97258,21.48534,39.98,3,0.8480551,0.9920682,0.002350176,14.25861,1.722966,8.27562,12m,X032621_029_3
029,X032621,-11.46875,13.97258,21.48534,39.98,6,0.4553029,0.9920682,0.007638073,10.9513,1.859396,5.889711,12m,X032621_029_6
030,X032621,-13.09375,11.94861,21.21175,39.66,4,0.8595583,1,0.02908343,8.485861,1.738372,4.881499,13l,X032621_030_4
031,X032621,-15.59375,10.41394,19.71892,39.55,5,4.422331,0.9468272,0.02790834,7.76581,2.591908,2.996175,13l,X032621_031_5
032,X032621,-16.15625,8.995,20.2906,39.125,2,1.687748,0.9835488,0.01175088,10.97999,1.410173,7.786271,13m,X032621_032_2
037,X032621,-9.65625,15.95424,22.0346,38.828,4,7.894123,0.9744418,0.0987074,7.305404,1.795627,4.068441,12o,X032621_037_4
037,X032621,-9.65625,15.95424,22.0346,38.828,5,0.5240368,0.9744418,0.01645123,11.73791,1.816659,6.461265,12o,X032621_037_5
037,X032621,-9.65625,15.95424,22.0346,38.828,7,0.9224567,0.9944183,0.002350176,18.93905,2.112562,8.964971,12o,X032621_037_7
040,X032621,-15.625,11.48377,19.67325,37.813,4,1.51251,0.9973561,0.01703878,8.952908,1.325473,6.754502,13l,X032621_040_4
041,X032621,-19.75,10.14942,16.83384,37.838,3,2.733335,0.949765,0.009694478,8.215743,1.47936,5.55358,13l,X032621_041_3
041,X032621,-19.75,10.14942,16.83384,37.838,4,1.219556,0.949765,0.01233843,9.857986,1.392155,7.081099,13l,X032621_041_4
043,X032621,-22.03125,7.10129,16.02036,37.313,5,2.876533,0.9826674,0.039953,8.0503,1.567417,5.13603,13m,X032621_043_5
047,X032621,-13.71875,16.36809,18.28186,37.963,2,2.946501,0.9917744,0.01145711,10.54414,2.110891,4.995113,12o,X032621_047_2
050,X032621,-16.71875,11.5469,18.7425,36.438,3,0.2583377,0.9953704,0.03495887,8.119651,1.402402,5.789817,13l,X032621_050_3
053,X032621,-23.6875,7.26752,14.87144,35.968,3,2.59858,0.9803173,0.06345476,7.74801,1.719343,4.506377,13m,X032621_053_3
058,X032621,-17.59375,15.05655,15.5359,36.938,4,0.1740585,0.9955934,0.0005875441,14.50661,1.712467,8.471173,12o,X032621_058_4
062,X032621,-22.53125,10.0022,15.06602,35.503,3,4.186556,0.9753231,0.08372503,6.9963,1.825796,3.831917,13l,X032621_062_3
063,X032621,-24.96875,8.685,13.475,35.388,4,1.557829,0.8284371,0.01762632,9.830103,1.828631,5.375664,13l,X032621_063_4
063,X032621,-24.96875,8.685,13.475,35.388,6,1.425912,0.9873678,0.01880141,17.70212,1.7667,10.01988,13l,X032621_063_6
066,X032621,-12.5625,19.5513,15.8745,36.488,4,3.839216,0.9588719,0.07168037,6.732614,1.644365,4.094356,12l,X032621_066_4
066,X032621,-12.5625,19.5513,15.8745,36.488,5,0.3230179,1,0,17.60922,1.655942,10.63396,12l,X032621_066_5
067,X032621,-14.875,17.98858,15.21238,36.108,4,1.094255,0.9826674,0.02614571,7.603564,1.770663,4.294191,12o,X032621_067_4
070,X032621,-19.875,13.86986,14.60038,35.258,5,3.410636,0.974148,0.04788484,8.566564,2.30888,3.710269,12o,X032621_070_5
070,X032621,-19.875,13.86986,14.60038,35.258,6,1.85718,0.9850176,0.003525264,19.34042,2.323872,8.322495,12o,X032621_070_6
071,X032621,-18.5625,12.01475,17.3115,34.013,4,0.2920708,0.9967685,0.006169213,14.16927,1.742845,8.129963,AI,X032621_071_4
076,X032621,-22.0625,5.273,17.3082,32.588,3,0.1691255,0.9742844,0.001940805,40.53372,3.325556,12.18855,cd,X032621_076_3
076,X032621,-22.0625,5.273,17.3082,32.588,6,5.281835,0.9844301,0.07226792,6.333122,1.262997,5.01436,cd,X032621_076_6
077,X032621,-13.28125,19.77252,14.82334,35.618,1,10.51595,0.9662162,0.003231492,9.277626,1.341159,6.917618,12l,X032621_077_1
077,X032621,-13.28125,19.77252,14.82334,35.618,3,5.867871,0.9662162,0.009988249,9.538175,1.631627,5.845805,12l,X032621_077_3
079,X032621,-20.03125,17.08155,11.4502,34.863,3,0.8663936,0.9374266,0.005287896,8.157187,1.404667,5.807202,12o,X032621_079_3
079,X032621,-20.03125,17.08155,11.4502,34.863,4,0.7381774,0.9374266,0.01204465,10.46832,1.549577,6.755599,12o,X032621_079_4
080,X032621,-19.90625,15.46044,13.2166,34.293,4,4.316291,0.9785547,0.0220329,7.759704,1.424662,5.446697,12o,X032621_080_4
081,X032621,-21.1875,13.98824,13.51256,33.928,1,0.277449,0.9653349,0.001175088,16.25496,1.749333,9.29209,AI,X032621_081_1
100,X032621,-24.1875,3.32872,15.31264,29.628,3,1.519474,0.9950058,0.01821387,9.049166,1.882289,4.807533,cd,X032621_100_3
103,X032621,-20.59375,15.9864,11.2339,33.438,2,2.588255,0.9779671,0.03437133,15.23034,2.2237,6.849097,AI,X032621_103_2
105,X032621,-29.65625,13.40621,4.72758,26.978,3,3.177246,0.9327262,0.07079906,6.154203,2.534639,2.428039,AMG,X032621_105_3
119,X032621,-35.96875,11.1,0.0104400000000027,25.339,3,15.61265,0.9782609,0.103114,8.313717,1.603904,5.183426,AMG,X032621_119_3
128,X032621,-31.28125,13.19148,3.52548,23.954,5,0.3469419,0.9958872,0.000293772,9.900286,2.063523,4.79776,AMG,X032621_128_5
135,X032621,-21.5,4.31376,17.82264,25.313,2,0.2829196,0.9887006,0.004700352,10.34804,1.760651,5.877395,cd,X032621_135_2
145,X032621,-21.625,6.73716,17.0657,20.923,3,7.067878,0.9732667,0.1606933,7.548925,1.516628,4.977439,cd,X032621_145_3
014,X032921,-13.03125,9.164,21.8355,42.14,1,6.523762,0.9929495,0.01086957,8.455472,1.120749,7.544483,11ml,X032921_014_1
015,X032921,-14.59375,7.82936,21.084,41.92,1,18.75128,0.9465335,0.1075206,5.221956,1.601742,3.260173,11ml,X032921_015_1
016,X032921,-16,6.31128,20.5556,41.6,3,14.58751,0.9911869,0.01527615,7.246148,1.332894,5.436401,11ml,X032921_016_3
021,X032921,-13,11.59408,21.16116,41.02,3,2.037042,0.9717979,0.03025852,7.664668,1.943036,3.944686,11ml,X032921_021_3
023,X032921,-15.09375,8.60959,20.82494,40.425,2,0.4686492,0.9976498,0.002643948,5.848198,1.278566,4.574029,11ml,X032921_023_2
024,X032921,-16.59375,7.129,20.21678,40.15,5,5.308599,0.9797297,0.08636898,7.632508,2.083217,3.663809,11ml,X032921_024_5
024,X032921,-16.59375,7.129,20.21678,40.15,7,0.2292878,0.9970623,0.006462985,16.63257,2.105201,7.900702,11ml,X032921_024_7
029,X032921,-11.46875,13.97258,21.48534,39.98,2,0.5797861,0.9991187,0.004406581,13.76363,3.440754,4.00018,12m,X032921_029_2
037,X032921,-9.6875,15.95424,22.0346,38.828,3,0.4772686,0.9955934,0.004112808,12.17812,1.859852,6.547897,12o,X032921_037_3
039,X032921,-13.5,12.90305,20.67275,38.013,5,1.44463,0.9891304,0.0787309,9.314712,2.228009,4.180733,13l,X032921_039_5
040,X032921,-15.625,11.48377,19.67325,37.813,3,0.7345213,0.9908931,0.006756757,4.389119,1.526161,2.875922,13l,X032921_040_3
041,X032921,-19.75,10.14942,16.83384,37.838,6,1.607839,0.9485899,0.005287896,10.19396,1.718265,5.932707,13l,X032921_041_6
041,X032921,-19.75,10.14942,16.83384,37.838,7,1.273166,0.9485899,0.01733255,12.25964,1.511108,8.113014,13l,X032921_041_7
044,X032921,-20.46875,5.538,18.0868,36.788,5,0.3002677,0.9994125,0.001175088,19.26609,1.820829,10.58095,13m,X032921_044_5
046,X032921,-11.5,17.73504,18.39996,38.368,2,0.2817067,0.9979436,0.01380729,8.046723,4.067286,1.978401,12o,X032921_046_2
050,X032921,-16.75,11.5469,18.7425,36.438,3,1.189915,1,0.01733255,16.25391,1.937063,8.391006,13l,X032921_050_3
054,X032921,-22.46875,5.79312,16.22036,35.548,1,2.283807,0.9850176,0.004406581,11.96842,1.486369,8.052122,13m,X032921_054_1
054,X032921,-22.46875,5.79312,16.22036,35.548,7,2.352701,0.9418331,0.01821387,5.513449,1.370338,4.023423,13m,X032921_054_7
056,X032921,-14.375,17.6586,15.86848,37.488,3,3.142449,0.9635723,0.03584019,7.934242,1.823605,4.350856,12o,X032921_056_3
067,X032921,-14.875,17.98858,15.21238,36.108,3,3.680352,0.9773796,0.0546416,6.593347,2.203801,2.991806,12o,X032921_067_3
070,X032921,-19.875,13.86986,14.60038,35.258,2,15.49979,0.9532902,0.04494712,5.842252,1.071418,5.452824,12o,X032921_070_2
070,X032921,-19.875,13.86986,14.60038,35.258,5,2.859905,0.9776734,0.01292597,10.595,2.019705,5.245814,12o,X032921_070_5
074,X032921,-25.40625,8.87144,12.93628,34.068,7,3.177292,0.9879553,0.0326087,5.936597,1.992006,2.98021,13m,X032921_074_7
076,X032921,-22.0625,5.273,17.3082,32.588,3,4.646202,0.9594595,0.1054642,5.920655,1.245926,4.752011,cd,X032921_076_3
076,X032921,-22.0625,5.273,17.3082,32.588,6,1.482794,0.9879553,0.02350176,6.059238,1.338263,4.527689,cd,X032921_076_6
076,X032921,-22.0625,5.273,17.3082,32.588,7,0.2769957,0.9958872,0,9.92935,1.733618,5.727529,cd,X032921_076_7
077,X032921,-13.28125,19.77252,14.82334,35.618,6,3.829783,0.9723854,0.01703878,8.741478,1.507739,5.797741,12l,X032921_077_6
078,X032921,-15.59375,18.75667,14.01264,35.443,2,8.695246,0.9856052,0.02350176,6.470374,1.236692,5.232002,12o,X032921_078_2
079,X032921,-20.03125,17.08155,11.4502,34.863,2,20.44601,0.9618096,0.05875441,7.056168,1.328433,5.311649,12o,X032921_079_2
081,X032921,-21.1875,13.98824,13.51256,33.928,2,0.7119151,0.9881306,0.005875441,14.00325,2.049418,6.832795,AI,X032921_081_2
083,X032921,-23.1875,10.165,13.78444,32.628,6,0.2488008,0.9988249,0.004112808,7.76969,2.461419,3.156589,AI,X032921_083_6
088,X032921,-24.3125,3.53877,15.08716,31.353,3,0.3081856,0.9866042,0.006756757,12.70479,1.647791,7.71019,cd,X032921_088_3
093,X032921,-21.3125,14.00384,13.46478,33.078,2,2.520741,0.980611,0.02262045,7.502258,2.333546,3.21496,AI,X032921_093_2
100,X032921,-24.25,3.32872,15.31264,29.628,6,0.2693501,0.9931098,0.008225617,11.15502,1.487509,7.499129,cd,X032921_100_6
103,X032921,-20.59375,15.9864,11.2339,33.438,4,4.687712,0.9764982,0.1310223,7.174845,1.673561,4.287173,AI,X032921_103_4
108,X032921,-20.53125,8.18412,16.75232,28.889,3,0.4549849,0.9885429,0.02408931,10.08635,1.406026,7.173656,pu,X032921_108_3
118,X032921,-33.46875,12.4835,1.7953,25.757,2,1.447969,0.9926557,0.003525264,12.88538,2.753982,4.678816,AMG,X032921_118_2
119,X032921,-35.96875,11.1,0.0104400000000027,25.339,2,7.974247,0.989718,0.03055229,9.127971,1.410089,6.473328,AMG,X032921_119_2
124,X032921,-22.25,4.40419,17.1271,26.513,6,0.2813787,0.9955934,0.008519389,10.33698,1.385804,7.459192,cd,X032921_124_6
132,X032921,-37.28125,8.97615,0.00401999999999703,23.737,2,0.08259469,0.970405,0.002350176,19.53934,2.922802,6.685137,AMG,X032921_132_2
132,X032921,-37.28125,8.97615,0.00401999999999703,23.737,5,11.70127,0.9541715,0.08284371,5.967497,1.158561,5.150785,AMG,X032921_132_5
136,X032921,-23.65625,2.7192,16.2172,25.747,3,2.760407,0.9668038,0.01821387,5.336766,1.632545,3.268985,cd,X032921_136_3
138,X032921,-28.53125,14.6758,5.54468,22.106,3,1.373086,0.9929495,0.132785,7.236934,1.119665,6.463484,AMG,X032921_138_3
147,X032921,-18.75,4.09718,21.10699,23.464,2,2.209903,0.9747356,0.1659812,8.130725,1.453499,5.593898,cd,X032921_147_2
147,X032921,-18.75,4.09718,21.10699,23.464,3,0.3694703,0.9747356,0.03613396,7.222639,1.460821,4.944232,cd,X032921_147_3
152,X032921,-30.875,11.51025,5.53275,19.947,4,1.529256,0.989718,0.0252644,8.468581,2.049996,4.131022,AMG,X032921_152_4
007,X080421,-14.8125,7.54408,20.40656,43.29,2,22.008,0.993537,0.01498237,5.601234,1.084652,5.164083,11ml,X080421_007_2
023,X080421,-15.8125,8.61227,20.04582,40.525,3,1.238408,0.956228,0.02497062,12.46063,1.642831,7.584853,11ml,X080421_023_3
023,X080421,-15.8125,8.61227,20.04582,40.525,4,1.478537,0.956228,0.02232667,10.00226,1.351714,7.399684,11ml,X080421_023_4
028,X080421,-7.65625,15.019,24.27774,39.93,3,1.541799,1,0.001762632,19.40755,2.106285,9.214114,46v,X080421_028_3
031,X080421,-16.1875,10.41662,18.96916,39.65,3,3.356847,0.9800235,0.04847239,6.27628,1.680894,3.733894,13l,X080421_031_3
032,X080421,-17.03125,9.005,19.3534,39.25,3,0.7939014,0.9914806,0.00146886,9.464949,1.332091,7.105331,13m,X080421_032_3
039,X080421,-14,12.92876,20.0558,38.088,4,10.81838,0.9817861,0.02144536,6.506674,1.132018,5.747851,13l,X080421_039_4
046,X080421,-10.71875,17.70774,19.16726,38.268,4,5.584312,0.9582844,0.003819037,6.335693,1.441822,4.394226,12o,X080421_046_4
046,X080421,-10.71875,17.70774,19.16726,38.268,5,0.1534641,0.9964747,0.007050529,13.51711,1.773157,7.623188,12o,X080421_046_5
046,X080421,-10.71875,17.70774,19.16726,38.268,6,0.4919329,0.9964747,0.0005875441,22.05129,1.785555,12.34982,12o,X080421_046_6
049,X080421,-16.4375,14.40784,17.65844,37.663,3,2.933765,0.9891304,0.03349001,10.90812,1.393211,7.82948,13l,X080421_049_3
050,X080421,-17.40625,11.5687,17.9355,36.538,3,1.099211,0.934195,0.06580494,10.38468,1.436237,7.230481,13l,X080421_050_3
050,X080421,-17.40625,11.5687,17.9355,36.538,5,0.763174,0.934195,0.009988249,13.02816,1.73406,7.513098,13l,X080421_050_5
053,X080421,-24.34375,7.29089,14.07458,36.073,3,14.82312,0.9823737,0.04465335,7.097736,1.931389,3.674938,13m,X080421_053_3
055,X080421,-9.96875,19.12144,18.71604,37.538,2,0.1387648,0.9991187,0,11.28659,1.935301,5.831955,12l,X080421_055_2
057,X080421,-15.9375,16.50465,15.91007,37.198,2,3.235436,0.9917744,0.007050529,10.11926,1.477342,6.849642,12o,X080421_057_2
058,X080421,-17.625,15.05655,15.5359,36.938,3,0.3613938,0.9967685,0.002350176,18.71823,1.928242,9.707406,12o,X080421_058_3
059,X080421,-18.375,13.57662,15.89018,36.618,3,0.6934003,0.9973684,0.001175088,16.21466,1.709978,9.48238,12o,X080421_059_3
060,X080421,-18.875,12.73916,16.65987,35.998,2,0.9157104,1,0,26.30957,4.018073,6.547807,AI,X080421_060_2
060,X080421,-18.875,12.73916,16.65987,35.998,4,1.092624,1,0.007344301,9.650966,1.609832,5.995013,AI,X080421_060_4
062,X080421,-22.8125,10.017,14.8152,35.538,3,1.537421,0.9835488,0.01527615,8.267042,1.237299,6.681524,13l,X080421_062_3
063,X080421,-25.3125,8.685,13.475,35.388,3,0.6599951,0.9991187,0.009400705,11.15737,1.701715,6.556543,13l,X080421_063_3
063,X080421,-25.3125,8.685,13.475,35.388,5,1.58662,0.9991187,0,22.99203,2.05849,11.16937,13l,X080421_063_5
066,X080421,-13.34375,19.57075,14.99425,36.638,2,14.30449,0.9791422,0.01498237,13.2626,2.265472,5.854231,12o,X080421_066_2
066,X080421,-13.34375,19.57075,14.99425,36.638,4,0.4611908,1,0.0220329,9.54966,1.817929,5.253045,12o,X080421_066_4
067,X080421,-17.875,18.05863,12.23293,36.558,3,1.164703,0.9923619,0.0005875441,13.02161,2.495244,5.218572,12o,X080421_067_3
072,X080421,-22.1875,10.88957,14.91376,34.208,2,5.98018,0.9988249,0.04612221,15.82003,1.844724,8.575825,AI,X080421_072_2
074,X080421,-26.03125,8.90258,12.38946,34.148,2,4.019949,0.9838426,0.07814336,8.972108,2.424613,3.700429,13m,X080421_074_2
107,X080421,-33.21875,11.22245,2.78411999999999,26.16,3,0.6574106,1,0.002056404,18.25248,1.553559,11.74881,AMG,X080421_107_3
110,X080421,-21.5625,6.5289,17.03254,29.159,4,2.430133,0.9782609,0.01233843,6.0904,2.332542,2.611057,pu,X080421_110_4
119,X080421,-34.71875,11.1,1.3134,25.294,1,22.68032,0.9327262,0.1518801,7.442171,1.387729,5.362841,AMG,X080421_119_1
119,X080421,-34.71875,11.1,1.3134,25.294,4,0.2298326,0.9976498,0.005581669,11.11133,2.242114,4.95574,AMG,X080421_119_4
123,X080421,-22.1875,5.92972,16.94896,27.133,3,2.170572,0.983255,0.07109283,7.613051,1.988295,3.828934,cd,X080421_123_3
132,X080421,-33.65625,8.928,3.7734,23.557,3,5.081049,0.9976498,0.1609871,7.766183,1.056357,7.351852,AMG,X080421_132_3
138,X080421,-28.90625,14.6584,5.12719,22.111,3,4.594556,0.9853114,0.01439483,7.263009,2.660187,2.730263,AMG,X080421_138_3
141,X080421,-24.34375,11.711,11.8016,21.74,3,0.05947667,0.9979436,0.001175088,16.47613,2.178681,7.562435,pu,X080421_141_3
007,X081821,-14.90625,7.54149,20.24018,43.31,3,1.167598,0.9952996,0.009400705,11.27831,1.36914,8.237515,11ml,X081821_007_3
014,X081821,-14.21875,9.132,20.5815,42.3,1,7.433436,0.9418331,0.007638073,9.900465,1.804085,5.487804,11ml,X081821_014_1
014,X081821,-14.21875,9.132,20.5815,42.3,2,0.9638879,0.9418331,0.0252644,6.85102,1.325693,5.167879,11ml,X081821_014_2
014,X081821,-14.21875,9.132,20.5815,42.3,5,3.385985,0.980611,0.03055229,7.529528,1.304875,5.770304,11ml,X081821_014_5
015,X081821,-14.0625,7.83472,21.687,41.84,4,1.695708,0.9891304,0.01380729,7.853785,2.434197,3.226438,11ml,X081821_015_4
023,X081821,-15.9375,8.61227,20.04582,40.525,3,1.898864,0.9958872,0.01527615,8.81272,2.921018,3.017003,11ml,X081821_023_3
028,X081821,-8,15.025,23.90955,39.975,3,2.519997,0.987074,0.03525265,7.124458,2.561395,2.781475,46v,X081821_028_3
029,X081821,-10.28125,13.93522,22.71806,39.82,3,1.050984,0.9951321,0.00293772,12.73984,1.651276,7.715147,12m,X081821_029_3
030,X081821,-14.3125,11.95397,19.95775,39.82,3,4.966059,0.9750293,0.03202115,8.06101,2.272491,3.547214,13l,X081821_030_3
032,X081821,-17.28125,9.007,19.16596,39.275,3,4.209804,0.9603408,0.0493537,6.896119,1.739019,3.965522,13m,X081821_032_3
046,X081821,-11,17.71866,18.86034,38.308,2,3.14533,0.9770858,0.02027027,8.4334,1.43111,5.892908,12o,X081821_046_2
046,X081821,-11,17.71866,18.86034,38.308,4,0.7668682,0.9353701,0.002350176,15.35543,1.875893,8.185665,12o,X081821_046_4
054,X081821,-22.53125,5.79312,16.22036,35.548,2,4.27873,0.9923619,0.005581669,6.095612,1.170614,5.207192,13m,X081821_054_2
055,X081821,-10.0625,19.12144,18.71604,37.538,2,0.2016288,0.9847239,0.003819037,6.022608,1.418587,4.245497,12l,X081821_055_2
055,X081821,-10.0625,19.12144,18.71604,37.538,4,6.889693,0.9712104,0.01703878,8.042795,1.568907,5.126367,12l,X081821_055_4
056,X081821,-14.3125,17.6586,15.86848,37.488,3,2.101164,0.9944183,0.01028202,10.98752,1.800849,6.101296,12o,X081821_056_3
057,X081821,-16.21875,16.51555,15.50189,37.258,3,0.9432096,0.9873678,0.01116334,11.13396,2.036098,5.468284,12o,X081821_057_3
057,X081821,-16.21875,16.51555,15.50189,37.258,4,0.09322021,0.9873678,0.003525264,17.51043,2.105272,8.317419,12o,X081821_057_4
058,X081821,-17.75,15.06278,15.33104,36.968,3,0.7423653,0.9917744,0.008225617,8.705722,1.834431,4.745734,12o,X081821_058_3
060,X081821,-19,12.73916,16.65987,35.998,1,0.7741059,0.9905993,0.007344301,8.866817,1.477888,5.999653,AI,X081821_060_1
062,X081821,-21.0625,9.9134,16.57094,35.293,3,1.671344,0.9797297,0.06227967,6.896215,1.811169,3.807605,AI,X081821_062_3
063,X081821,-25.40625,8.685,13.475,35.388,3,1.788932,0.9973094,0.00293772,20.52126,1.922527,10.6741,13l,X081821_063_3
066,X081821,-13.65625,19.57464,14.8182,36.668,3,0.7178825,0.9957082,0.00293772,13.88501,2.689527,5.162621,12o,X081821_066_3
078,X081821,-15.0625,18.74109,14.43328,35.373,3,1.296826,0.9811986,0.01615746,7.076029,2.64439,2.675865,12o,X081821_078_3
079,X081821,-19.8125,17.07532,11.68388,34.828,3,1.508475,0.9762045,0.02232667,7.816632,2.059824,3.794806,12o,X081821_079_3
085,X081821,-21.6875,7.73075,16.51325,31.888,1,3.08934,0.9779671,0.02379553,5.832147,2.693706,2.165101,pu,X081821_085_1
085,X081821,-21.6875,7.73075,16.51325,31.888,4,1.288611,0.993537,0.00293772,10.31355,2.761707,3.734484,pu,X081821_085_4
103,X081821,-23.09375,15.947,8.986,33.888,4,0.3543732,0.9286134,0.0005875441,30.30396,2.655504,11.41176,AI,X081821_103_4
107,X081821,-33.34375,11.22245,2.78411999999999,26.16,2,0.2224726,0.9673913,0.00146886,10.49557,1.823421,5.755978,AMG,X081821_107_2
107,X081821,-33.34375,11.22245,2.78411999999999,26.16,5,0.103838,0.9673913,0.0005875441,16.50641,3.07296,5.371503,AMG,X081821_107_5
110,X081821,-21.84375,6.5312,16.74052,29.209,3,1.928284,0.9668038,0.009694478,11.41235,2.244546,5.084483,pu,X081821_110_3
110,X081821,-21.84375,6.5312,16.74052,29.209,4,0.4757179,0.9955934,0.002350176,15.11521,2.083423,7.254989,pu,X081821_110_4
110,X081821,-21.84375,6.5312,16.74052,29.209,5,2.459437,0.9618096,0.02467685,7.888196,1.872879,4.211803,pu,X081821_110_5
119,X081821,-34.9375,11.1,1.3134,25.294,3,2.615245,0.9975418,0.007344301,10.74876,1.34886,7.968777,AMG,X081821_119_3
123,X081821,-20.34375,5.88466,18.77938,26.893,4,0.2865453,0.9835488,0.002643948,21.90576,3.971882,5.515208,cd,X081821_123_4
129,X081821,-31.53125,12.50317,3.89957,23.643,2,27.58985,0.9955934,0.0146886,11.02368,1.485789,7.419413,AMG,X081821_129_2
140,X081821,-33.46875,12.46697,2.16323000000001,22.065,2,9.219611,0.9823737,0.07843713,7.676471,1.371402,5.597537,AMG,X081821_140_2
141,X081821,-24.84375,11.711,11.42025,21.75,3,1.108593,0.983255,0.01145711,9.468956,1.886735,5.0187,pu,X081821_141_3
141,X081821,-24.84375,11.711,11.42025,21.75,4,0.06700274,0.9967647,0.004406581,17.64476,2.467305,7.151428,pu,X081821_141_4
151,X081821,-31.9375,12.09732,3.85732,20.2192,1,0.3429905,0.9994125,0.003231492,16.47217,2.877976,5.723526,AMG,X081821_151_1
004,X082321,-9.6875,11.47972,23.21212,43.385,3,1.840989,0.9997062,0.005875441,11.46765,2.028127,5.654306,12r,X082321_004_3
011,X082321,-8.875,13.465,23.41387,42.31,3,1.151351,0.9988249,0.0005875441,13.4788,2.480261,5.434429,12r,X082321_011_3
012,X082321,-11.125,12.56,22.08336,42.29,3,2.280159,0.9979436,0.00293772,15.01581,1.961943,7.65354,12m,X082321_012_3
014,X082321,-14.28125,9.132,20.5815,42.3,2,0.5326025,0.9920565,0.002350176,13.54631,2.838726,4.771968,11ml,X082321_014_2
021,X082321,-14.09375,11.60206,20.14062,41.14,2,17.20735,0.9938308,0.01615746,7.54662,1.365279,5.527529,11ml,X082321_021_2
021,X082321,-14.09375,11.60206,20.14062,41.14,5,1.515318,0.9873678,0.0326087,8.851958,1.422978,6.220729,11ml,X082321_021_5
021,X082321,-14.09375,11.60206,20.14062,41.14,6,1.035386,0.9891304,0.02614571,13.35953,2.209949,6.045178,11ml,X082321_021_6
023,X082321,-16.0625,8.61294,19.85104,40.55,2,3.949657,0.9917744,0.01292597,9.205252,1.598421,5.758965,11ml,X082321_023_2
028,X082321,-8.125,15.027,23.78682,39.99,3,0.3272095,0.9726792,0.004406581,10.99623,1.662782,6.613153,12l,X082321_028_3
029,X082321,-10.46875,13.93989,22.56397,39.84,3,4.453949,0.9744418,0.01674501,9.10647,1.420838,6.409224,12m,X082321_029_3
030,X082321,-14.40625,11.95397,19.95775,39.82,3,0.5722578,0.9911869,0.005581669,13.19394,1.644204,8.024514,13l,X082321_030_3
031,X082321,-16.59375,10.41796,18.59428,39.7,3,1.647578,0.9938308,0.02027027,12.15955,1.983644,6.129905,13l,X082321_031_3
038,X082321,-11.25,14.39318,21.97398,38.538,3,1.30601,0.9932432,0.03055229,8.555908,1.744681,4.903997,13l,X082321_038_3
039,X082321,-14.40625,12.93733,19.85015,38.113,3,1.520537,0.993537,0.01380729,9.443087,2.197228,4.297728,13l,X082321_039_3
041,X082321,-20.53125,10.165,16.435,37.888,3,3.403212,1,0.001762632,14.44818,1.746888,8.270808,13l,X082321_041_3
049,X082321,-16.875,14.43432,17.30012,37.713,2,2.291358,0.9861927,0.01292597,10.82984,1.839916,5.886051,13l,X082321_049_2
051,X082321,-21.3125,10.25247,15.2238,36.558,2,9.080793,0.9973561,0.002643948,13.49587,1.345123,10.03319,13l,X082321_051_2
054,X082321,-22.78125,5.80324,15.92747,35.583,4,2.978598,0.9950058,0.03025852,9.589643,2.230124,4.300049,13m,X082321_054_4
054,X082321,-22.78125,5.80324,15.92747,35.583,5,0.2339511,0.9638661,0.003231492,27.23648,3.013323,9.038684,13m,X082321_054_5
057,X082321,-16.3125,16.51555,15.50189,37.258,3,0.7391915,0.9947121,0.001175088,17.62183,1.714373,10.27888,12o,X082321_057_3
057,X082321,-16.3125,16.51555,15.50189,37.258,4,4.456987,0.9864865,0.01762632,8.740551,1.73514,5.037375,12o,X082321_057_4
060,X082321,-19.0625,12.75084,16.44488,36.028,1,0.7748379,0.9944183,0.01938896,12.08508,2.073282,5.828963,AI,X082321_060_1
061,X082321,-18.375,11.23744,18.50164,35.223,3,0.2345332,0.9938596,0,17.02605,2.000528,8.510777,AI,X082321_061_3
064,X082321,-24.59375,7.0414,14.1608,34.988,3,11.05269,0.9618096,0.0493537,6.933258,1.261989,5.493913,13m,X082321_064_3
067,X082321,-16.0625,18.0166,14.0206,36.288,2,3.656014,0.9864865,0.1248531,9.28844,1.409553,6.589636,12o,X082321_067_2
070,X082321,-19.0625,13.85117,15.32011,35.153,2,1.277324,1,0.01498237,14.47978,1.649146,8.780168,AI,X082321_070_2
072,X082321,-22.375,10.89736,14.65048,34.248,2,17.75158,0.9494712,0.2088719,6.214309,1.161518,5.350163,AI,X082321_072_2
074,X082321,-24.75,8.82473,13.75651,33.948,3,14.13041,0.9670975,0.05963572,7.127213,1.146693,6.215451,13m,X082321_074_3
074,X082321,-24.75,8.82473,13.75651,33.948,4,8.597923,0.9670975,0.03907168,7.006748,1.440964,4.862544,13m,X082321_074_4
074,X082321,-24.75,8.82473,13.75651,33.948,6,0.3003477,0.9673913,0.002350176,17.86884,2.029937,8.802657,13m,X082321_074_6
081,X082321,-21.5625,14.00072,12.96418,34.008,3,0.142156,0.9997062,0.001762632,10.39679,1.553649,6.691854,AI,X082321_081_3
082,X082321,-23.1875,11.58104,12.78642,33.073,3,7.826593,0.9712104,0.02761457,8.699662,1.9481,4.465717,AI,X082321_082_3
091,X082321,-17.0625,16.76728,14.65157,33.493,2,3.037921,0.976792,0.01674501,7.160588,1.984571,3.608129,AI,X082321_091_2
092,X082321,-23.53125,15.5166,9.7521,33.938,3,2.026832,0.9785547,0.01498237,10.9942,1.540042,7.138896,AI,X082321_092_3
096,X082321,-21.75,8.6382,15.96468,30.768,2,5.380362,0.9591657,0.1142773,5.863305,1.608977,3.64412,pu,X082321_096_2
097,X082321,-21.21875,7.72972,16.95304,30.348,3,0.1200948,0.9941003,0.01733255,10.13433,1.664112,6.089931,pu,X082321_097_3
098,X082321,-25.53125,6.31992,13.18546,30.578,3,0.2667328,0.9984814,0.002056404,9.849533,1.832061,5.376203,pu,X082321_098_3
099,X082321,-24.84375,4.82588,14.34116,30.078,3,2.183078,0.9803173,0.0525852,6.80135,1.718924,3.956749,pu,X082321_099_3
107,X082321,-33.40625,11.22245,2.78411999999999,26.16,2,10.42573,0.9670975,0.08636898,6.469564,1.329889,4.86474,AMG,X082321_107_2
119,X082321,-35.0625,11.1,0.879080000000002,25.309,3,2.642578,0.9964747,0.005287896,11.4132,1.487913,7.670608,AMG,X082321_119_3
119,X082321,-35.0625,11.1,0.879080000000002,25.309,4,1.077795,0.9932432,0.006169213,9.096965,1.8316,4.966676,AMG,X082321_119_4
120,X082321,-31.34375,9.51222,5.39472,25.494,4,1.635979,1,0.004700352,16.2261,2.696693,6.017037,AMG,X082321_120_4
123,X082321,-20.34375,5.88466,18.77938,26.893,3,4.887259,0.9911869,0.06639248,6.102331,2.172324,2.809125,cd,X082321_123_3
123,X082321,-20.34375,5.88466,18.77938,26.893,4,3.270476,0.996181,0.007344301,10.04911,1.233902,8.144175,cd,X082321_123_4
124,X082321,-22.03125,4.39668,17.4472,26.473,3,1.096598,0.9967685,0.1310223,12.79564,1.820228,7.029695,cd,X082321_124_3
135,X082321,-21.25,4.31376,17.82264,25.313,1,0.08562096,1,0,17.34676,2.364848,7.335256,cd,X082321_135_1
152,X082321,-31.28125,11.51828,5.12196,19.957,2,0.8516936,0.9682726,0.09048179,12.772,1.675426,7.623134,AMG,X082321_152_2
152,X082321,-31.28125,11.51828,5.12196,19.957,5,0.4888426,0.9682726,0.06874266,7.543543,1.387454,5.43697,AMG,X082321_152_5
153,X082321,-29.53125,10.5733,7.5735,19.856,1,65.97913,0.9697415,0.1442421,5.744055,1.175406,4.886868,AMG,X082321_153_1
154,X082321,-32.09375,9.84975,5.53404,19.781,3,8.964393,0.9773796,0.1518801,8.083459,1.306771,6.185826,AMG,X082321_154_3
004,X082621,-9.78125,11.47972,23.21212,43.385,2,1.828145,0.979436,0.06462985,6.635473,1.624723,4.084063,12r,X082621_004_2
007,X082621,-14.28125,7.55185,20.9057,43.23,3,0.2818923,0.9952996,0.01204465,10.31458,2.291005,4.502206,11ml,X082621_007_3
014,X082621,-14.375,9.128,20.42475,42.32,2,2.926018,0.9970623,0.002350176,10.4993,2.473739,4.244303,11ml,X082621_014_2
029,X082621,-10.625,13.94456,22.40988,39.86,3,12.80518,0.9676851,0.2006463,6.962779,1.359156,5.122869,12m,X082621_029_3
031,X082621,-16.65625,10.41796,18.59428,39.7,3,1.92023,0.9876616,0.01086957,11.45918,2.441617,4.693274,13l,X082621_031_3
032,X082621,-17.5625,9.011,18.79108,39.325,5,0.06348804,0.9905993,0,21.87422,2.088119,10.47556,13m,X082621_032_5
032,X082621,-17.5625,9.011,18.79108,39.325,6,0.8219822,0.9903055,0.004112808,15.96345,1.817186,8.784707,13m,X082621_032_6
038,X082621,-11.34375,14.39941,21.80651,38.563,4,2.753714,0.9976498,0.03730905,12.42897,1.924813,6.457234,13l,X082621_038_4
046,X082621,-11.15625,17.72412,18.70688,38.328,2,2.634323,0.9647474,0.004112808,11.2535,1.623706,6.930751,12o,X082621_046_2
046,X082621,-11.15625,17.72412,18.70688,38.328,4,0.1837257,0.9732667,0.004994125,17.81483,2.146347,8.300071,12o,X082621_046_4
046,X082621,-11.15625,17.72412,18.70688,38.328,5,0.4444595,0.9732667,0.01498237,13.53789,2.319002,5.837811,12o,X082621_046_5
046,X082621,-11.15625,17.72412,18.70688,38.328,6,5.81617,0.9882491,0.004406581,8.540688,1.229545,6.946216,12o,X082621_046_6
046,X082621,-11.15625,17.72412,18.70688,38.328,7,0.1459129,0.993537,0.004700352,27.09502,2.475071,10.94717,12o,X082621_046_7
049,X082621,-16.96875,14.44756,17.12096,37.738,4,0.1602759,1,0,18.08415,1.873183,9.654239,13l,X082621_049_4
050,X082621,-17.9375,11.5796,17.532,36.588,3,1.347054,0.993537,0.002056404,8.570752,1.479401,5.793394,13l,X082621_050_3
050,X082621,-17.9375,11.5796,17.532,36.588,4,5.682508,0.9817861,0.008225617,6.471638,1.084847,5.965484,13l,X082621_050_4
051,X082621,-21.34375,10.25247,15.2238,36.558,2,19.73603,0.9515276,0.1530552,7.100579,1.71988,4.128531,13l,X082621_051_2
054,X082621,-22.96875,5.81336,15.63458,35.618,4,1.687235,0.9964747,0.007344301,14.90072,1.794238,8.304765,13m,X082621_054_4
056,X082621,-14.53125,17.6625,15.69945,37.513,1,16.34779,0.9838426,0.004994125,7.669304,1.598488,4.797849,12o,X082621_056_1
057,X082621,-16.34375,16.51555,15.50189,37.258,2,0.8233244,0.96651,0.01351351,14.16706,1.405136,10.08234,12o,X082621_057_2
057,X082621,-16.34375,16.51555,15.50189,37.258,4,0.2003324,0.96651,0.002643948,14.28278,1.799172,7.938532,12o,X082621_057_4
058,X082621,-17.875,15.06278,15.33104,36.968,4,2.041926,0.9917744,0.01498237,8.42277,2.844194,2.96139,12o,X082621_058_4
059,X082621,-18.625,13.58441,15.65649,36.653,2,0.2465365,0.9964747,0.0005875441,14.66467,1.715598,8.547847,12o,X082621_059_2
066,X082621,-13.90625,19.58242,14.4661,36.728,3,4.073238,0.9817861,0.02173913,7.257748,3.07203,2.362525,12o,X082621_066_3
066,X082621,-13.90625,19.58242,14.4661,36.728,4,0.4813629,0.9976498,0.02849589,10.94023,1.496676,7.309681,12o,X082621_066_4
066,X082621,-13.90625,19.58242,14.4661,36.728,5,0.1472786,0.9435958,0.006169213,17.66076,3.614456,4.886147,12o,X082621_066_5
069,X082621,-17.5625,15.32967,15.70472,35.443,4,5.412962,0.9952996,0.0008813161,8.585727,1.814677,4.731269,12o,X082621_069_4
070,X082621,-19.1875,13.85117,15.32011,35.153,2,4.964826,0.9994125,0.0126322,8.975821,2.056084,4.365493,AI,X082621_070_2
071,X082621,-20.0625,12.03809,15.84858,34.223,4,0.9887275,1,0.001762632,15.13505,2.043735,7.405583,AI,X082621_071_4
076,X082621,-23.15625,5.3166,16.21456,32.748,2,6.588098,0.9673913,0.06169213,7.124341,1.649034,4.320311,cd,X082621_076_2
092,X082621,-23.59375,15.5166,9.7521,33.938,3,4.290379,0.9773796,0.02585194,8.192828,2.053352,3.989977,AI,X082621_092_3
095,X082621,-22.34375,9.66964,14.64664,31.128,4,0.651261,1,0.005581669,15.39045,2.167473,7.100644,pu,X082621_095_4
096,X082621,-22,8.6343,15.66712,30.808,3,2.947443,0.9838426,0.007344301,9.904496,1.887405,5.247679,pu,X082621_096_3
099,X082621,-24.96875,4.82822,14.04204,30.123,4,1.136594,0.9292009,0,10.56845,2.026273,5.215709,pu,X082621_099_4
103,X082621,-23.21875,15.947,8.986,33.888,3,1.730845,0.9850176,0.03584019,9.878022,2.033614,4.857374,AI,X082621_103_3
107,X082621,-33.46875,11.22245,2.78411999999999,26.16,2,1.820742,0.9970623,0.007344301,11.61589,1.298082,8.9485,AMG,X082621_107_2
107,X082621,-33.46875,11.22245,2.78411999999999,26.16,5,0.1878518,0.9529965,0.006169213,10.93656,1.692117,6.463242,AMG,X082621_107_5
110,X082621,-22.15625,6.5335,16.4485,29.259,1,4.499177,0.9926557,0.03730905,9.576699,2.464524,3.885821,pu,X082621_110_1
119,X082621,-35.125,11.1,0.879080000000002,25.309,4,1.47841,0.9435958,0.003819037,9.28939,1.213336,7.656075,AMG,X082621_119_4
119,X082621,-35.125,11.1,0.879080000000002,25.309,5,1.018573,0.9964747,0.0005875441,24.53671,2.055777,11.93549,AMG,X082621_119_5
119,X082621,-35.125,11.1,0.879080000000002,25.309,7,2.53248,0.9350764,0.002643948,7.798203,1.357594,5.744134,AMG,X082621_119_7
138,X082621,-29.53125,14.6236,4.29221,22.121,3,0.2937751,0.9994125,0.004406581,9.762737,2.30821,4.229571,AMG,X082621_138_3
139,X082621,-31.6875,13.45937,3.34514,21.976,1,28.44644,0.9900118,0.01821387,5.974602,2.073963,2.880766,AMG,X082621_139_1
142,X082621,-34.625,10.59194,1.913,21.83,1,1.195402,0.9823737,0.005581669,4.661939,1.376739,3.386219,AMG,X082621_142_1
146,X082621,-22.40625,5.91986,16.1449,21.483,3,3.018967,0.9917744,0.01439483,9.189582,1.553794,5.914288,cd,X082621_146_3
029,X090221,-10.8125,13.9539,22.1017,39.9,2,0.9094546,0.9826674,0.03172738,9.334213,1.250571,7.463961,12m,X090221_029_2
038,X090221,-11.46875,14.40564,21.63904,38.588,3,0.3955079,0.9826674,0.04494712,9.077615,1.499832,6.052422,13l,X090221_038_3
038,X090221,-11.46875,14.40564,21.63904,38.588,4,9.238214,0.9873678,0.01498237,6.538906,1.07584,6.077954,13l,X090221_038_4
040,X090221,-15.78125,11.49078,19.4715,37.838,3,0.6176229,0.9944183,0.02614571,8.774713,2.913334,3.011915,13l,X090221_040_3
044,X090221,-21.84375,5.58475,16.8171,36.938,3,0.6016951,0.989899,0.002056404,10.74163,1.967726,5.458907,13m,X090221_044_3
046,X090221,-11.3125,17.72958,18.55342,38.348,2,0.292197,1,0.0008813161,18.77133,1.946644,9.642919,12o,X090221_046_2
054,X090221,-23.09375,5.81336,15.63458,35.618,1,5.614811,0.9662162,0.02056404,9.193104,1.473094,6.240678,13m,X090221_054_1
054,X090221,-23.09375,5.81336,15.63458,35.618,4,26.85732,0.9976498,0.01116334,8.584688,1.240293,6.921503,13m,X090221_054_4
056,X090221,-14.65625,17.6664,15.53042,37.538,2,2.40732,0.9615158,0.001762632,12.9955,1.837177,7.073625,12o,X090221_056_2
056,X090221,-14.65625,17.6664,15.53042,37.538,4,1.863044,0.9615158,0.02643948,9.272197,2.099501,4.416381,12o,X090221_056_4
057,X090221,-16.46875,16.521,15.2978,37.288,5,0.8130716,0.9947121,0.01292597,8.64747,1.797235,4.811541,12o,X090221_057_5
059,X090221,-18.6875,13.58441,15.65649,36.653,2,0.6882172,0.9952996,0.000293772,12.55069,1.916455,6.548911,12o,X090221_059_2
062,X090221,-21.8125,9.9578,15.81848,35.398,4,0.05630862,0.9988249,0.000293772,14.01482,2.245699,6.240736,13l,X090221_062_4
064,X090221,-25.03125,7.05776,13.88972,35.028,2,1.374772,0.9156874,0.0252644,6.46906,2.012471,3.214486,13m,X090221_064_2
066,X090221,-14.09375,19.58631,14.29005,36.758,2,2.564451,0.9982374,0.005875441,13.36638,2.639169,5.064619,12o,X090221_066_2
069,X090221,-17.75,15.33746,15.46636,35.478,4,0.6833478,0.9873678,0.004112808,6.028377,1.41824,4.250606,12o,X090221_069_4
074,X090221,-25.09375,8.85587,13.20969,34.028,2,0.3153259,0.9532902,0.002056404,13.65605,2.179772,6.264898,13m,X090221_074_2
078,X090221,-15.59375,18.75667,14.01264,35.443,3,3.33124,0.9847239,0.03760282,6.961328,2.073194,3.357779,12o,X090221_078_3
080,X090221,-20.1875,15.46512,12.9798,34.328,3,2.56976,0.9923619,0.09430082,7.230916,1.631302,4.432605,12o,X090221_080_3
081,X090221,-21.90625,14.00696,12.68999,34.048,2,0.4175091,0.9911219,0.0146886,11.51121,1.901669,6.053216,AI,X090221_081_2
091,X090221,-17.3125,16.7704,14.4101,33.538,2,0.3843151,0.9717979,0.002056404,13.75841,1.923021,7.154583,AI,X090221_091_2
091,X090221,-17.3125,16.7704,14.4101,33.538,6,0.6676957,0.9717979,0.007050529,10.29178,1.453069,7.082788,AI,X090221_091_6
092,X090221,-23.6875,15.5166,9.7521,33.938,5,3.153374,0.9753231,0.01351351,7.958514,1.909574,4.16769,AI,X090221_092_5
096,X090221,-22.1875,8.6304,15.36956,30.848,3,6.412777,0.9844301,0.02878966,8.004558,1.675367,4.777792,pu,X090221_096_3
096,X090221,-22.1875,8.6304,15.36956,30.848,4,0.1977368,0.9944183,0.002056404,13.15702,2.022159,6.506421,pu,X090221_096_4
107,X090221,-33.53125,11.22245,2.78411999999999,26.16,2,0.1152219,0.9879437,0.006462985,11.26823,1.492969,7.547533,AMG,X090221_107_2
110,X090221,-22.40625,6.5358,16.15648,29.309,2,3.398981,0.9820799,0.001175088,7.489835,1.938617,3.863495,pu,X090221_110_2
123,X090221,-20.71875,5.89217,18.47431,26.933,3,0.54924,0.9908931,0.008813161,9.135004,2.245631,4.0679,cd,X090221_123_3
141,X090221,-25.90625,11.711,10.2762,21.78,3,4.362162,0.9515276,0.009988249,6.021604,1.530212,3.935143,pu,X090221_141_3
141,X090221,-25.90625,11.711,10.2762,21.78,5,4.181461,0.9938308,0.005875441,8.657339,1.370824,6.315428,pu,X090221_141_5
141,X090221,-25.90625,11.711,10.2762,21.78,8,1.907781,0.9588719,0.01145711,13.01161,1.713213,7.594856,pu,X090221_141_8
142,X090221,-34.875,10.59461,1.4915,21.845,5,0.07246846,0.997561,0.001762632,20.30977,2.387195,8.507797,AMG,X090221_142_5
146,X090221,-22.65625,5.91986,16.1449,21.483,2,8.767899,0.9720917,0.136604,6.206715,1.783909,3.479277,cd,X090221_146_2
146,X090221,-22.65625,5.91986,16.1449,21.483,3,0.2448666,0.993537,0.007050529,13.64627,2.144726,6.362708,cd,X090221_146_3
004,X090921,-10.03125,11.46764,22.87244,43.415,1,7.369248,0.9876616,0.01292597,9.20842,1.401048,6.572521,12r,X090921_004_1
029,X090921,-11,13.95857,21.94761,39.92,2,8.320153,0.9491774,0.1648061,5.534554,1.05727,5.23476,12m,X090921_029_2
030,X090921,-14.625,11.95531,19.64425,39.86,3,0.1322272,0.9952996,0.001175088,11.04962,2.204637,5.011992,13l,X090921_030_3
038,X090921,-11.65625,14.41187,21.47157,38.613,2,2.533269,0.9753231,0.009400705,11.2098,1.426617,7.857612,13l,X090921_038_2
046,X090921,-11.40625,17.73504,18.39996,38.368,3,4.463544,0.9723854,0.05581669,6.793705,1.432706,4.741868,12o,X090921_046_3
046,X090921,-11.40625,17.73504,18.39996,38.368,4,0.06563661,1,0,21.39117,2.937476,7.28216,12o,X090921_046_4
049,X090921,-17.21875,14.4608,16.9418,37.763,3,0.2930001,0.9988249,0.001175088,16.6251,2.572175,6.463441,13l,X090921_049_3
050,X090921,-18.0625,11.58505,17.33025,36.613,3,0.8078889,0.9982374,0.003819037,12.00596,1.456439,8.243365,13l,X090921_050_3
051,X090921,-21.46875,10.2587,14.987,36.588,3,0.2004981,0.9991187,0.003525264,13.87517,3.284476,4.224471,13l,X090921_051_3
054,X090921,-23.1875,5.82348,15.34169,35.653,3,0.1708716,0.9941245,0.00293772,9.368399,5.749733,1.629362,13m,X090921_054_3
057,X090921,-16.59375,16.521,15.2978,37.288,3,0.5417861,0.9597532,0.005581669,10.8726,1.290385,8.425858,12o,X090921_057_3
067,X090921,-16.5625,18.02594,13.62334,36.348,2,8.36156,0.9556404,0.1216216,5.77739,1.986532,2.908279,12o,X090921_067_2
067,X090921,-16.5625,18.02594,13.62334,36.348,4,2.978829,0.9932432,0.03319624,10.58229,1.615185,6.551751,12o,X090921_067_4
070,X090921,-19.5625,13.86363,14.84029,35.223,3,0.6869678,1,0.002643948,12.62945,1.427842,8.845131,AI,X090921_070_3
072,X090921,-22.5625,10.90515,14.3872,34.288,3,1.541728,0.9938308,0.03143361,8.36503,1.419944,5.891098,AI,X090921_072_3
079,X090921,-20.1875,17.08155,11.4502,34.863,1,4.975389,0.9932432,0.004994125,14.22742,3.350237,4.24669,12o,X090921_079_1
081,X090921,-22.09375,14.0132,12.4158,34.088,2,10.78809,0.989718,0.05640423,8.043418,1.731201,4.64615,AI,X090921_081_2
081,X090921,-22.09375,14.0132,12.4158,34.088,4,0.186683,0.9970623,0.006756757,17.20521,2.154455,7.985876,AI,X090921_081_4
092,X090921,-23.75,15.5166,9.7521,33.938,3,0.2882197,0.9914806,0.003525264,11.00625,2.142744,5.136521,AI,X090921_092_3
093,X090921,-24.1875,14.04128,10.40826,33.618,3,2.418309,0.9994125,0.001175088,15.39233,2.018249,7.626575,AI,X090921_093_3
104,X090921,-23.15625,14.41046,10.4353,33.088,3,1.263765,0.9861927,0.07726204,8.172651,1.900065,4.301249,AI,X090921_104_3
119,X090921,-35.34375,11.1,0.879080000000002,25.309,3,3.356938,0.9944183,0.005581669,9.844918,1.924762,5.114876,AMG,X090921_119_3
140,X090921,-34.09375,12.46028,1.77652,22.075,3,0.5020904,0.9929495,0.01204465,10.26765,1.930596,5.318383,AMG,X090921_140_3
141,X090921,-26.15625,11.711,9.89485,21.79,3,0.3670217,0.9950058,0.001762632,20.87152,3.586508,5.819454,pu,X090921_141_3
142,X090921,-35.0625,10.59461,1.4915,21.845,3,0.4570435,0.9955934,0.005287896,11.40693,2.374721,4.80348,AMG,X090921_142_3
146,X090921,-22.84375,5.94395,15.72875,21.513,4,0.04735573,0.9985312,0.0005875441,12.40785,2.099834,5.908967,cd,X090921_146_4
147,X090921,-16.40625,4.00352,23.22386,23.149,2,13.44683,0.9685664,0.07109283,5.448733,1.066539,5.108798,24c,X090921_147_2
015,X091020,-9.125,7.8776,26.511,41.2,4,0.6974055,0.9518214,0.02408931,10.59259,1.475494,7.179015,46df,X091020_015_4
022,X091020,-10.375,10.04146,24.83296,40.24,1,1.00358,0.9979436,0.0005875441,10.80967,1.992254,5.425848,46df,X091020_022_1
023,X091020,-9.125,8.58882,26.86312,39.65,1,2.575303,0.9829612,0.01439483,10.07202,1.793607,5.615515,46df,X091020_023_1
028,X091020,-10.125,15.059,21.82314,40.23,1,0.4065574,0.916275,0.002643948,17.57667,1.777725,9.887172,12o,X091020_028_1
028,X091020,-10.125,15.059,21.82314,40.23,7,1.20513,0.9900118,0.007931845,12.0436,1.459799,8.25018,12o,X091020_028_7
043,X091020,-10.125,6.65565,27.7266,36.013,3,0.2985026,0.9988249,0.000293772,14.35193,2.060776,6.964332,8B,X091020_043_3
051,X091020,-12,10.0095,24.459,35.388,4,4.815869,0.9891304,0.008813161,9.268317,1.248068,7.42613,46df,X091020_051_4
051,X091020,-12,10.0095,24.459,35.388,7,1.372794,0.9867803,0.00146886,7.192143,1.297673,5.542339,46df,X091020_051_7
055,X091020,-11,19.13782,17.66912,37.713,3,1.244225,0.9911869,0.01498237,12.59555,1.515793,8.309548,12l,X091020_055_3
055,X091020,-11,19.13782,17.66912,37.713,4,2.081414,0.9911869,0.006756757,19.77373,1.83529,10.77417,12l,X091020_055_4
059,X091020,-10.375,13.31176,23.83564,35.428,3,1.773627,0.9679788,0.01028202,9.237466,1.589103,5.813006,46v,X091020_059_3
059,X091020,-10.375,13.31176,23.83564,35.428,4,0.1685794,0.9941245,0,16.10151,1.707439,9.43021,46v,X091020_059_4
061,X091020,-12.25,10.87996,24.53776,34.278,3,4.639847,0.9823737,0.03437133,7.936826,1.079326,7.353505,46v,X091020_061_3
063,X091020,-12.25,7.89042,26.02865,33.603,2,0.5554674,0.9994125,0,10.56681,1.810735,5.835649,8B,X091020_063_2
064,X091020,-11,6.2234,27.7148,32.988,3,8.217954,0.9997062,0.007344301,11.00075,1.272266,8.646585,6DR,X091020_064_3
066,X091020,-9.875,19.49295,18.51525,36.038,4,1.877349,0.9958872,0.00146886,12.68794,1.569081,8.086226,45,X091020_066_4
071,X091020,-12.25,11.9175,23.407,33.138,3,7.615423,0.9571093,0.09371328,6.936574,1.123738,6.172767,46v,X091020_071_3
073,X091020,-12.25,9.41176,25.32921,32.603,4,2.600057,0.9891304,0.02085781,8.579947,1.46387,5.86114,8B,X091020_073_4
073,X091020,-12.25,9.41176,25.32921,32.603,5,0.385784,0.9891304,0.002350176,13.86403,1.474938,9.399737,8B,X091020_073_5
076,X091020,-10.375,4.8152,28.79142,30.908,3,10.46,0.9829612,0.07197415,7.448063,1.196893,6.222833,6DR,X091020_076_3
076,X091020,-10.375,4.8152,28.79142,30.908,4,4.300556,0.9982374,0.002056404,11.0348,1.61048,6.851872,6DR,X091020_076_4
077,X091020,-11,19.73976,17.16792,35.128,3,0.5383543,0.9350764,0.005581669,13.30329,1.691268,7.865867,12l,X091020_077_3
078,X091020,-8.5,18.4996,20.9532,34.288,3,11.10122,0.983255,0.08695652,7.784342,1.6695,4.66268,8A,X091020_078_3
082,X091020,-12.25,11.64812,23.63876,31.568,3,13.6761,0.9905993,0.002643948,4.49663,1.127873,3.986822,46d,X091020_082_3
084,X091020,-12.25,8.70216,25.33254,30.643,2,0.05692739,0.9979436,0.003525264,10.68297,1.171682,9.117639,8B,X091020_084_2
091,X091020,-10.375,16.68304,21.17126,32.278,2,0.2794288,0.9829612,0.001762632,11.59872,1.274977,9.097202,45,X091020_091_2
091,X091020,-10.375,16.68304,21.17126,32.278,4,1.247009,0.9829612,0.004700352,18.18031,2.306379,7.882617,45,X091020_091_4
096,X091020,-12.625,8.7552,24.89148,29.568,3,0.2210936,0.9976498,0.001762632,14.46587,10.29061,1.405734,8B,X091020_096_3
108,X091020,-11.625,8.54186,25.55446,27.649,3,13.7674,0.9923619,0.02056404,8.71832,1.629479,5.350372,6DR,X091020_108_3
116,X091020,-11,14.80548,23.12546,25.89,4,16.00355,0.9171563,0.04112808,5.385018,1.207514,4.459589,6DC,X091020_116_4
122,X091020,-9.75,7.18048,28.27376,23.496,3,1.57057,0.9900118,0.00293772,8.294724,1.992921,4.162095,6DC,X091020_122_3
124,X091020,-9.75,4.1113,29.611,24.953,4,3.823629,0.9982374,0.005875441,8.55446,1.288827,6.6374,6DC,X091020_124_4
129,X091020,-9.75,12.67474,25.57154,23.073,3,12.13674,0.9391892,0.04817861,5.035963,1.311209,3.840702,6DC,X091020_129_3
135,X091020,-9.125,4.25923,29.89222,23.673,3,3.529015,0.9726792,0.03760282,6.196969,1.097691,5.645459,6DC,X091020_135_3
139,X091020,-9.125,14.12464,26.14608,21.621,3,14.14625,0.9879553,0.0199765,7.655804,1.144562,6.688848,6DC,X091020_139_3
141,X091020,-7.875,11.711,28.19965,21.31,1,12.10964,0.9644536,0.02056404,4.778502,1.060878,4.50429,6DC,X091020_141_1
147,X091020,-7.25,3.60212,32.29616,21.799,4,5.738122,0.9991187,0.00293772,12.24977,1.738149,7.047596,6DC,X091020_147_4
147,X091020,-7.25,3.60212,32.29616,21.799,8,3.253422,0.9991187,0,22.62883,2.44935,9.238711,6DC,X091020_147_8
003,X091120,-8.5,12.2204,23.4272,43.93,2,0.1642477,0.9970623,0.0005875441,10.36929,1.721985,6.021706,12r,X091120_003_2
007,X091120,-8.75,7.63732,26.39624,42.57,2,0.3609436,0.9817861,0.0005875441,10.46163,1.74684,5.988892,46d,X091120_007_2
022,X091120,-10.375,10.04146,24.83296,40.24,1,0.2220742,0.9068742,0.001762632,10.46451,2.071523,5.051601,46df,X091120_022_1
022,X091120,-10.375,10.04146,24.83296,40.24,2,1.161378,0.9068742,0.01086957,6.750319,1.475932,4.573598,46df,X091120_022_2
028,X091120,-10.125,15.059,21.82314,40.23,2,2.636493,0.9820799,0.004700352,6.789238,1.42937,4.749813,12o,X091120_028_2
032,X091120,-11.75,8.949,24.60172,38.55,3,11.89676,0.9697415,0.06668625,4.398764,1.17221,3.752539,46df,X091120_032_3
040,X091120,-12.25,11.3646,23.103,37.388,2,0.1270989,1,0.0005875441,32.6009,2.882921,11.30829,46df,X091120_040_2
040,X091120,-12.25,11.3646,23.103,37.388,4,0.04435492,0.9992883,0,11.81006,1.120967,10.5356,46df,X091120_040_4
045,X091120,-9.75,19.05904,18.57134,38.368,4,4.674419,0.983255,0.002350176,10.20102,2.368746,4.306507,12o,X091120_045_4
045,X091120,-9.75,19.05904,18.57134,38.368,5,0.04116512,1,0,31.65854,3.573634,8.858921,12o,X091120_045_5
046,X091120,-10.375,17.69682,19.47418,38.228,2,0.6197799,0.9950058,0.000293772,14.63672,1.739611,8.413787,12o,X091120_046_2
046,X091120,-10.375,17.69682,19.47418,38.228,3,1.302163,0.9988249,0.0008813161,23.79834,2.189147,10.87105,12o,X091120_046_3
046,X091120,-10.375,17.69682,19.47418,38.228,4,1.644673,0.9950058,0.002056404,11.68752,1.324083,8.826873,12o,X091120_046_4
047,X091120,-9.75,16.21857,22.20778,37.363,2,9.857702,0.979436,0.008519389,4.854293,1.393274,3.48409,12o,X091120_047_2
049,X091120,-11.625,14.05036,22.49576,36.988,1,11.50772,0.9691539,0.0693302,4.222858,1.312901,3.216434,46v,X091120_049_1
055,X091120,-11,19.13782,17.66912,37.713,3,2.727126,0.9773796,0.01028202,8.421752,1.549515,5.435088,12l,X091120_055_3
055,X091120,-11,19.13782,17.66912,37.713,4,0.8263717,0.983255,0,15.48598,1.603291,9.658869,12l,X091120_055_4
057,X091120,-9.75,16.34115,22.03277,36.298,3,0.4500228,0.9908931,0.006169213,7.589239,1.160112,6.541818,46v,X091120_057_3
059,X091120,-10.375,13.31176,23.83564,35.428,3,0.08123224,0.9952996,0,9.114551,1.375401,6.626829,46v,X091120_059_3
061,X091120,-12.25,10.87996,24.53776,34.278,2,4.805283,0.9917744,0.002056404,6.182512,1.121429,5.513068,46v,X091120_061_2
065,X091120,-9.5,4.67796,29.44672,32.328,1,23.20473,0.9430082,0.0252644,5.860256,1.164444,5.032665,6DR,X091120_065_1
074,X091120,-12.875,8.17079,25.23973,32.268,2,2.701396,0.9920682,0.002643948,4.375571,1.022872,4.277731,8B,X091120_074_2
078,X091120,-8.5,18.4996,20.9532,34.288,2,1.783158,0.9955934,0.007344301,4.625798,1.081523,4.277114,8A,X091120_078_2
078,X091120,-8.5,18.4996,20.9532,34.288,6,0.882553,0.9950058,0.003525264,9.619571,1.154537,8.331976,8A,X091120_078_6
084,X091120,-12.25,8.70216,25.33254,30.643,3,1.898216,0.9694477,0.01556992,6.388055,1.15456,5.532893,8B,X091120_084_3
086,X091120,-11,6.23908,27.78968,30.008,2,6.091424,0.9932432,0.002056404,12.16573,1.580186,7.698925,6DR,X091120_086_2
086,X091120,-11,6.23908,27.78968,30.008,7,4.401608,0.9932432,0.006462985,10.99128,1.360081,8.081345,6DR,X091120_086_7
088,X091120,-10.5,3.23033,28.89964,29.373,3,1.278123,0.9944183,0.002350176,8.920835,1.475447,6.046192,24c,X091120_088_3
100,X091120,-9.75,3.17584,29.89308,27.668,2,1.202955,0.9973561,0.007638073,8.844824,1.681911,5.258793,6DR,X091120_100_2
101,X091120,-11.125,20.32834,17.18833,32.023,2,0.3034529,0.9979436,0.0008813161,8.567146,1.092179,7.844086,6VaVb,X091120_101_2
108,X091120,-11.625,8.54186,25.55446,27.649,1,1.851305,0.9764982,0.02820211,3.584168,1.00258,3.574943,6DR,X091120_108_1
111,X091120,-9.75,5.53848,29.36092,26.332,2,0.7315729,0.9950058,0,8.667282,1.384384,6.26075,6DR,X091120_111_2
112,X091120,-9.75,3.9484,29.6357,26.411,2,0.2788107,0.9973561,0.00293772,6.975501,0.9497384,7.344656,6DR,X091120_112_2
121,X091120,-9.75,8.49773,27.81383,23.915,6,9.952688,0.9964747,0.006462985,11.16667,1.744618,6.400638,6DC,X091120_121_6
127,X091120,-11,14.91096,23.42546,23.194,2,7.964232,0.8642773,0.0146886,4.657926,1.000368,4.656212,6VaVb,X091120_127_2
129,X091120,-9.75,12.67474,25.57154,23.073,2,9.081242,0.9973561,0.002056404,10.64795,1.271345,8.37534,6DC,X091120_129_2
132,X091120,-9.875,8.6284,27.22732,22.437,3,3.348647,0.9891304,0.002350176,9.333797,1.581355,5.902405,6DC,X091120_132_3
133,X091120,-9.875,7.49575,28.27975,21.951,3,2.933773,1,0,12.22682,1.627226,7.5139,6DC,X091120_133_3
134,X091120,-9.875,6.3746,28.88644,21.651,3,3.958896,0.9944183,0.007050529,7.246955,1.739804,4.165386,6DC,X091120_134_3
135,X091120,-9.125,4.25923,29.89222,23.673,3,5.57866,0.9603408,0.003525264,16.18375,1.978682,8.179055,6DC,X091120_135_3
135,X091120,-9.125,4.25923,29.89222,23.673,5,1.47759,0.9923619,0.02996475,7.121257,1.115565,6.383541,6DC,X091120_135_5
139,X091120,-9.125,14.12464,26.14608,21.621,3,7.311001,0.9811986,0.006756757,8.415544,1.537919,5.472032,6DC,X091120_139_3
139,X091120,-9.125,14.12464,26.14608,21.621,4,1.667638,0.9970623,0,16.42892,1.795528,9.14991,6DC,X091120_139_4
140,X091120,-8.5,12.90182,27.29938,21.415,3,0.1996083,0.9947121,0.007638073,9.082397,1.392207,6.523739,6DC,X091120_140_3
144,X091120,-8.625,7.76642,29.7519,20.50334,2,1.235105,0.9603408,0.008519389,9.424227,1.409781,6.684886,6DC,X091120_144_2
144,X091120,-8.625,7.76642,29.7519,20.50334,3,0.5571703,0.9603408,0.00146886,11.15545,1.66905,6.683709,6DC,X091120_144_3
147,X091120,-7.25,3.60212,32.29616,21.799,3,3.121239,0.996181,0.004406581,10.7368,1.472425,7.291915,6DC,X091120_147_3
003,X091520,-8.5,12.2204,23.4272,43.93,6,3.881101,0.8572268,0.1239718,6.701003,1.927818,3.475952,12r,X091520_003_6
003,X091520,-8.5,12.2204,23.4272,43.93,8,0.2925816,1,0.002350176,27.09196,2.804142,9.661406,12r,X091520_003_8
006,X091520,-7.625,9.11832,26.69818,42.95,3,0.5380769,1,0.004112808,22.89921,1.904418,12.02426,46d,X091520_006_3
011,X091520,-9.125,13.459,23.08768,42.34,1,0.2887719,1,0.00146886,25.20087,2.34742,10.73556,12r,X091520_011_1
012,X091520,-8.875,12.56,24.40068,42.02,3,5.501137,0.9700353,0.01498237,11.00782,2.31724,4.7504,46v,X091520_012_3
013,X091520,-10,10.682,24.03272,42.08,6,0.3078087,0.9955934,0.004700352,17.18914,2.155182,7.975723,46v,X091520_013_6
013,X091520,-10,10.682,24.03272,42.08,7,2.300955,0.9905993,0.007344301,9.353534,2.533361,3.692144,46v,X091520_013_7
022,X091520,-10.375,10.04146,24.83296,40.24,2,4.441765,0.9694477,0.03172738,8.788981,1.306601,6.7266,46df,X091520_022_2
022,X091520,-10.375,10.04146,24.83296,40.24,7,0.6511843,0.9853114,0.002350176,18.6431,2.028495,9.190605,46df,X091520_022_7
022,X091520,-10.375,10.04146,24.83296,40.24,8,1.034836,0.9853114,0.0008813161,20.98377,2.322831,9.033707,46df,X091520_022_8
029,X091520,-9.25,13.9072,23.6426,39.7,3,1.341353,0.989718,0.04524089,10.82197,1.302778,8.306845,46v,X091520_029_3
038,X091520,-11,14.38695,22.14145,38.513,3,3.108446,0.9985312,0.002350176,16.74696,1.717519,9.750671,13l,X091520_038_3
043,X091520,-10.125,6.65565,27.7266,36.013,5,5.922756,0.9970623,0.01175088,9.919649,1.318619,7.522753,8B,X091520_043_5
045,X091520,-9.75,19.05904,18.57134,38.368,5,5.438334,0.9717979,0.1037015,6.691072,1.194005,5.603888,12o,X091520_045_5
045,X091520,-9.75,19.05904,18.57134,38.368,6,0.4074681,0.9929495,0.001762632,10.62603,1.599945,6.641494,12o,X091520_045_6
046,X091520,-10.375,17.69682,19.47418,38.228,3,11.67255,0.9679788,0.008519389,7.522496,1.539574,4.886091,12o,X091520_046_3
051,X091520,-12,10.0095,24.459,35.388,3,2.379462,0.979436,0.1586369,8.022147,1.28852,6.225863,46df,X091520_051_3
057,X091520,-9.75,16.34115,22.03277,36.298,2,9.899396,0.9647474,0.006462985,6.902769,1.530416,4.510388,46v,X091520_057_2
057,X091520,-9.75,16.34115,22.03277,36.298,5,7.546385,0.9685664,0.06698003,7.317305,1.335646,5.478476,46v,X091520_057_5
062,X091520,-12.25,9.3954,25.34964,34.068,2,0.0462938,1,0,24.12635,2.496678,9.663383,46d,X091520_062_2
065,X091520,-9.5,4.67796,29.44672,32.328,1,5.151079,0.9982374,0.004112808,9.669813,1.179383,8.199044,6DR,X091520_065_1
065,X091520,-9.5,4.67796,29.44672,32.328,4,2.934383,0.983255,0.02497062,9.190479,1.376725,6.675612,6DR,X091520_065_4
065,X091520,-9.5,4.67796,29.44672,32.328,5,3.666745,0.9697415,0.009400705,9.324364,1.803652,5.169713,6DR,X091520_065_5
066,X091520,-9.875,19.49295,18.51525,36.038,2,6.99949,0.9967685,0.004112808,6.900822,1.841948,3.746481,45,X091520_066_2
067,X091520,-10.5,17.88584,19.58224,35.448,3,0.1575661,1,0.002643948,14.42633,1.684857,8.562347,45,X091520_067_3
073,X091520,-12.25,9.41176,25.32921,32.603,5,0.2995159,0.9826674,0.0005875441,15.9296,1.975652,8.062957,8B,X091520_073_5
073,X091520,-12.25,9.41176,25.32921,32.603,6,0.8803313,0.9826674,0.004406581,9.951797,1.335331,7.452682,8B,X091520_073_6
073,X091520,-12.25,9.41176,25.32921,32.603,7,0.5967304,1,0.0005875441,24.55272,3.25551,7.541898,8B,X091520_073_7
078,X091520,-8.5,18.4996,20.9532,34.288,1,13.04388,0.9938308,0.007931845,8.042583,1.154193,6.968143,8A,X091520_078_1
078,X091520,-8.5,18.4996,20.9532,34.288,8,0.8985372,0.9468272,0.005287896,15.13446,2.233582,6.775869,8A,X091520_078_8
078,X091520,-8.5,18.4996,20.9532,34.288,9,1.027787,0.9468272,0.01498237,11.55688,1.605104,7.200082,8A,X091520_078_9
087,X091520,-9.75,4.73574,29.28085,29.373,5,0.9080986,0.9997062,0.000293772,15.82701,1.891888,8.365726,6DR,X091520_087_5
091,X091520,-10.375,16.68304,21.17126,32.278,3,3.548958,0.985899,0.05904818,9.357989,1.414479,6.615855,45,X091520_091_3
104,X091520,-9.375,14.79742,23.9621,30.288,1,22.92273,0.9847239,0.008225617,6.606218,1.366428,4.834661,8A,X091520_104_1
104,X091520,-9.375,14.79742,23.9621,30.288,6,7.624819,0.983255,0.04905993,7.965301,1.311537,6.073257,8A,X091520_104_6
111,X091520,-9.75,5.53848,29.36092,26.332,6,0.5509199,0.9952996,0.009988249,14.65686,1.832882,7.996621,6DR,X091520_111_6
117,X091520,-11.25,13.86169,23.28161,25.042,3,0.2330175,0.9944183,0.04024677,8.170441,1.624787,5.028624,6DC,X091520_117_3
122,X091520,-9.75,7.18048,28.27376,23.496,2,0.2694143,0.9994125,0.01204465,15.31603,1.610864,9.507959,6DC,X091520_122_2
129,X091520,-9.75,12.67474,25.57154,23.073,3,0.3295816,1,0,23.99352,2.496471,9.610973,6DC,X091520_129_3
132,X091520,-9.875,8.6284,27.22732,22.437,3,2.685555,0.9679788,0.004700352,10.77197,1.497743,7.19213,6DC,X091520_132_3
132,X091520,-9.875,8.6284,27.22732,22.437,5,2.253857,0.9823737,0.05082256,8.737648,1.338626,6.527326,6DC,X091520_132_5
135,X091520,-9.125,4.25923,29.89222,23.673,4,2.288902,0.989718,0.01733255,7.48228,1.341512,5.577498,6DC,X091520_135_4
135,X091520,-9.125,4.25923,29.89222,23.673,5,0.6744153,0.9826674,0.0472973,12.03201,1.397446,8.610001,6DC,X091520_135_5
136,X091520,-7.375,2.6455,32.26125,23.272,1,9.564075,0.9891304,0.07931845,8.133157,1.123641,7.238215,6DC,X091520_136_1
138,X091520,-7.875,15.5284,26.00169,21.861,2,8.75209,0.9932432,0.009694478,9.085219,1.42312,6.384014,6VaVb,X091520_138_2
139,X091520,-9.125,14.12464,26.14608,21.621,2,16.32652,0.9876616,0.01086957,11.64788,1.577081,7.385717,6DC,X091520_139_2
139,X091520,-9.125,14.12464,26.14608,21.621,4,2.219182,0.9430082,0.004994125,6.822916,1.54421,4.418385,6DC,X091520_139_4
139,X091520,-9.125,14.12464,26.14608,21.621,5,3.53269,0.9430082,0.04142186,6.59481,1.447422,4.556247,6DC,X091520_139_5
141,X091520,-8,11.711,28.19965,21.31,4,2.00013,0.9838426,0.04494712,5.891156,1.119525,5.262192,6DC,X091520_141_4
143,X091520,-8.5,9.10714,28.22242,21.04,1,26.53723,0.9233255,0.1084019,6.178903,1.423136,4.341751,6DC,X091520_143_1
145,X091520,-7.375,6.22196,31.2092,20.223,3,6.957048,1,0.001762632,16.32634,1.577788,10.34761,6DC,X091520_145_3
031,X091521,-15.53125,10.41394,19.71892,39.55,3,3.648313,0.9864865,0.04024677,6.097966,1.998958,3.050572,13l,X091521_031_3
049,X091521,-17.34375,14.47404,16.76264,37.788,3,2.08381,0.9726792,0.007050529,12.63507,1.732217,7.294158,13l,X091521_049_3
049,X091521,-17.34375,14.47404,16.76264,37.788,5,1.575558,0.9726792,0.02350176,7.776848,2.128426,3.653802,13l,X091521_049_5
050,X091521,-18.09375,11.58505,17.33025,36.613,4,0.4240981,0.9947121,0.007050529,21.5732,2.221277,9.71207,13l,X091521_050_4
058,X091521,-16.15625,15.01294,16.96992,36.728,3,4.266389,0.996181,0.05875441,8.176522,1.386459,5.897415,12o,X091521_058_3
059,X091521,-18.75,13.58441,15.65649,36.653,4,0.4205885,0.9212691,0.006756757,10.42882,1.532146,6.806679,12o,X091521_059_4
059,X091521,-18.75,13.58441,15.65649,36.653,8,0.8644453,0.9759107,0,19.19432,3.480043,5.515541,12o,X091521_059_8
060,X091521,-19.375,12.76252,16.22989,36.058,3,2.120274,0.9809048,0.03936545,8.672956,2.086092,4.157513,AI,X091521_060_3
068,X091521,-16.96875,16.84935,14.50384,35.878,3,1.065256,0.9962894,0.004112808,15.29407,2.795725,5.470521,12o,X091521_068_3
070,X091521,-19.6875,13.86363,14.84029,35.223,2,2.962415,0.9800235,0.003231492,11.32485,2.078341,5.448987,AI,X091521_070_2
070,X091521,-19.6875,13.86363,14.84029,35.223,4,0.5981192,0.9800235,0.009106933,12.64535,1.878251,6.732517,AI,X091521_070_4
079,X091521,-20.25,17.08778,11.21652,34.898,2,0.7412738,0.9905993,0.01028202,9.148701,1.895443,4.826681,12o,X091521_079_2
079,X091521,-20.25,17.08778,11.21652,34.898,4,0.6233465,0.9985312,0.003231492,18.41525,3.520227,5.231267,12o,X091521_079_4
085,X091521,-22.75,7.74631,15.36665,32.048,2,4.057552,0.9955934,0.04435958,7.695282,1.388151,5.54355,pu,X091521_085_2
091,X091521,-17.625,16.77664,13.92716,33.628,2,16.00704,0.9212691,0.1383666,5.841676,1.627242,3.589925,AI,X091521_091_2
091,X091521,-17.625,16.77664,13.92716,33.628,4,7.879184,0.9762045,0.004406581,6.45867,1.730531,3.732189,AI,X091521_091_4
092,X091521,-23.875,15.51894,9.49349,33.983,3,0.303182,0.9941245,0.004112808,16.98817,1.597018,10.63743,AI,X091521_092_3
093,X091521,-24.25,14.04128,10.40826,33.618,2,11.26943,0.9835488,0.02467685,7.993771,1.607055,4.974174,AI,X091521_093_2
103,X091521,-22.3125,15.95882,9.66037,33.753,3,3.619882,0.9676851,0.03701528,7.804832,1.877007,4.158127,AI,X091521_103_3
103,X091521,-22.3125,15.95882,9.66037,33.753,4,0.7627268,0.9726792,0.009694478,12.79845,1.467485,8.721349,AI,X091521_103_4
103,X091521,-22.3125,15.95882,9.66037,33.753,5,0.4337044,1,0.0005875441,28.65287,2.597092,11.03267,AI,X091521_103_5
110,X091521,-17.21875,6.4944,21.41284,28.409,1,9.452873,0.9101058,0.007931845,5.043348,0.9025247,5.588045,cd,X091521_110_1
110,X091521,-17.21875,6.4944,21.41284,28.409,3,12.1529,1,0.004406581,13.60816,1.254126,10.85071,cd,X091521_110_3
139,X091521,-7,14.18086,28.07292,21.591,3,25.40147,0.9967685,0.02320799,8.496685,1.495328,5.682155,6DC,X091521_139_3
140,X091521,-34.34375,12.45359,1.38981,22.085,4,0.738487,0.9947121,0.01086957,10.37869,3.723144,2.787616,AMG,X091521_140_4
142,X091521,-35.25,10.59728,1.07,21.86,3,0.09664589,1,0.001175088,24.65647,4.565429,5.400692,AMG,X091521_142_3
003,X091620,-8.5,12.2204,23.4272,43.93,2,1.922442,0.9585782,0.001762632,10.14027,1.400339,7.241295,12r,X091620_003_2
003,X091620,-8.5,12.2204,23.4272,43.93,3,1.393298,0.9585782,0.03202115,10.9702,1.637267,6.700315,12r,X091620_003_3
003,X091620,-8.5,12.2204,23.4272,43.93,5,0.8595693,0.960047,0.006169213,15.93003,1.676205,9.503624,12r,X091620_003_5
006,X091620,-7.625,9.11832,26.69818,42.95,3,2.263056,0.9509401,0.1154524,10.01036,1.59685,6.268817,46d,X091620_006_3
011,X091620,-9.125,13.459,23.08768,42.34,3,0.207144,0.9726792,0.0008813161,33.2639,2.614834,12.72123,12r,X091620_011_3
013,X091620,-10,10.682,24.03272,42.08,3,0.7907594,0.9926557,0.1128085,10.81608,1.645456,6.573301,46v,X091620_013_3
014,X091620,-9.875,9.244,24.9705,41.74,3,6.568534,0.9991187,0.01116334,8.525871,1.323195,6.443398,46d,X091620_014_3
014,X091620,-9.875,9.244,24.9705,41.74,4,3.642087,0.9735605,0.01086957,10.76602,1.547926,6.955125,46d,X091620_014_4
014,X091620,-9.875,9.244,24.9705,41.74,5,0.9794793,0.976792,0.009106933,16.06578,1.878491,8.55249,46d,X091620_014_5
014,X091620,-9.875,9.244,24.9705,41.74,6,0.1501696,0.9697415,0.0005875441,27.77699,3.171766,8.75758,46d,X091620_014_6
032,X091620,-11.875,8.951,24.41428,38.575,3,5.528674,0.9726792,0.08607521,9.215078,1.570363,5.86812,46df,X091620_032_3
032,X091620,-11.875,8.951,24.41428,38.575,4,0.3699411,0.9753231,0.002056404,15.50923,1.784192,8.692579,46df,X091620_032_4
032,X091620,-11.875,8.951,24.41428,38.575,5,0.3589973,0.9753231,0.001762632,21.08817,2.301894,9.161225,46df,X091620_032_5
038,X091620,-11,14.38695,22.14145,38.513,2,8.007592,0.9800235,0.09048179,8.378657,1.252228,6.691002,13l,X091620_038_2
043,X091620,-10.25,6.65565,27.7266,36.013,3,1.751939,0.9773796,0.01057579,9.790606,1.717232,5.701389,8B,X091620_043_3
045,X091620,-9.75,19.05904,18.57134,38.368,3,0.6027971,0.9952996,0.003819037,6.820752,2.50981,2.717637,12o,X091620_045_3
046,X091620,-10.375,17.69682,19.47418,38.228,3,0.126726,0.9400705,0.01351351,17.97363,2.677246,6.71348,12o,X091620_046_3
050,X091620,-12.5,11.43245,22.97925,35.913,3,0.6062583,0.996181,0.01850764,11.7703,1.953179,6.026226,46df,X091620_050_3
053,X091620,-12.375,6.94034,26.02748,34.498,1,8.535161,0.9970623,0.006462985,14.31503,1.777192,8.054862,8B,X091620_053_1
053,X091620,-12.375,6.94034,26.02748,34.498,3,7.881284,0.9245006,0.1107521,4.857556,1.018711,4.768337,8B,X091620_053_3
055,X091620,-11,19.13782,17.66912,37.713,3,0.2903201,0.9712104,0.009694478,19.2641,1.676867,11.48814,12l,X091620_055_3
055,X091620,-11,19.13782,17.66912,37.713,4,0.513064,0.9491774,0.01410106,13.34717,1.414311,9.437225,12l,X091620_055_4
055,X091620,-11,19.13782,17.66912,37.713,5,0.7882303,0.9491774,0.01028202,10.72804,1.549537,6.92338,12l,X091620_055_5
055,X091620,-11,19.13782,17.66912,37.713,6,9.096574,0.9706228,0.0326087,6.785723,1.342701,5.053786,12l,X091620_055_6
056,X091620,-9.75,17.5533,20.43229,36.813,3,3.554732,0.9970623,0.009694478,11.63762,1.554875,7.484604,45,X091620_056_3
058,X091620,-9.75,14.81981,23.32058,35.798,3,1.154127,0.9891304,0.00293772,11.90369,2.171101,5.48279,46v,X091620_058_3
062,X091620,-12.25,9.3954,25.34964,34.068,3,0.1168178,0.9985312,0.003819037,13.98109,1.593759,8.772403,46d,X091620_062_3
064,X091620,-11.125,6.23976,27.44372,33.028,2,0.7828231,0.9905993,0.1163337,8.112495,1.193238,6.798723,6DR,X091620_064_2
065,X091620,-9.625,4.67796,29.44672,32.328,5,1.040026,0.9412456,0.004994125,9.044563,1.842357,4.909236,6DR,X091620_065_5
065,X091620,-9.625,4.67796,29.44672,32.328,7,2.578184,0.9823737,0,17.85506,1.993187,8.958046,6DR,X091620_065_7
065,X091620,-9.625,4.67796,29.44672,32.328,8,1.575528,0.9926557,0.008813161,8.571128,1.304556,6.570148,6DR,X091620_065_8
066,X091620,-9.875,19.49295,18.51525,36.038,3,0.9861014,0.9929495,0.004700352,10.18774,1.46825,6.938696,45,X091620_066_3
067,X091620,-10.5,17.88584,19.58224,35.448,1,3.238604,0.9715041,0.03760282,6.284186,2.320119,2.708562,45,X091620_067_1
078,X091620,-8.5,18.4996,20.9532,34.288,3,0.121262,0.996181,0.007050529,20.01343,3.069894,6.519258,8A,X091620_078_3
085,X091620,-12.375,7.60627,25.68605,30.608,3,13.97646,0.9867803,0.05229142,10.18048,1.736507,5.862619,8B,X091620_085_3
085,X091620,-12.375,7.60627,25.68605,30.608,4,6.339307,0.9644536,0.02790834,7.077121,1.084181,6.527619,8B,X091620_085_4
086,X091620,-11.125,6.24686,27.49056,30.053,2,0.6017261,0.9929495,0.09312573,9.230673,1.276256,7.23262,6DR,X091620_086_2
091,X091620,-10.375,16.68304,21.17126,32.278,3,7.543891,0.9905993,0.04553467,9.380669,1.256195,7.467527,45,X091620_091_3
097,X091620,-12.75,7.7071,25.1757,29.188,1,42.54262,0.9500588,0.1201528,6.906758,1.398707,4.93796,6DR,X091620_097_1
100,X091620,-10,3.17896,29.59552,27.708,1,20.8298,0.9900118,0.01615746,6.52666,1.24642,5.236326,6DR,X091620_100_1
103,X091620,-11.5,16.144,20.2255,31.638,3,2.40665,1,0.005287896,16.32291,2.324657,7.021643,45,X091620_103_3
108,X091620,-11.75,8.54186,25.55446,27.649,2,8.613727,0.9976498,0.004700352,14.0968,1.829241,7.706366,6DR,X091620_108_2
111,X091620,-9.875,5.54887,29.06198,26.377,2,4.686242,0.9932432,0.0787309,9.929447,1.674281,5.930575,6DR,X091620_111_2
111,X091620,-9.875,5.54887,29.06198,26.377,6,0.6046079,0.9973561,0.008225617,12.44683,1.575063,7.902435,6DR,X091620_111_6
117,X091620,-11.375,13.86169,23.28161,25.042,2,29.19396,0.9482961,0.05581669,4.496402,0.9743519,4.614761,6DC,X091620_117_2
117,X091620,-11.375,13.86169,23.28161,25.042,6,0.9143818,0.983255,0.08901293,6.970873,1.151302,6.054774,6DC,X091620_117_6
121,X091620,-9.75,8.49773,27.81383,23.915,2,0.04733315,0.9958872,0.05376028,12.35897,2.05575,6.011903,6DC,X091620_121_2
122,X091620,-9.75,7.18048,28.27376,23.496,3,1.429021,0.9955934,0.01380729,12.18729,1.492796,8.164066,6DC,X091620_122_3
129,X091620,-9.75,12.67474,25.57154,23.073,1,5.87368,0.9991187,0,23.5514,2.11314,11.14521,6DC,X091620_129_1
129,X091620,-9.75,12.67474,25.57154,23.073,4,1.417494,0.9885429,0,8.997834,1.238822,7.263215,6DC,X091620_129_4
132,X091620,-9.875,8.6284,27.22732,22.437,3,2.671952,0.9694477,0.05757932,9.516075,2.00244,4.752241,6DC,X091620_132_3
132,X091620,-9.875,8.6284,27.22732,22.437,5,1.142495,0.9750293,0.04024677,15.46165,1.742102,8.875284,6DC,X091620_132_5
138,X091620,-7.875,15.5284,26.00169,21.861,2,0.7964086,0.9923882,0.06022327,7.796568,1.298861,6.002622,6VaVb,X091620_138_2
138,X091620,-7.875,15.5284,26.00169,21.861,5,8.089834,0.9961941,0.001175088,14.13657,1.971176,7.171644,6VaVb,X091620_138_5
141,X091620,-8.125,11.711,28.19965,21.31,2,0.3847024,1,0.02262045,10.32098,1.378319,7.488091,6DC,X091620_141_2
143,X091620,-8.5,9.10714,28.22242,21.04,3,15.91002,0.9635723,0.004994125,6.831054,1.004488,6.800535,6DC,X091620_143_3
143,X091620,-8.5,9.10714,28.22242,21.04,4,5.924515,1,0.00293772,16.30227,1.697303,9.604808,6DC,X091620_143_4
143,X091620,-8.5,9.10714,28.22242,21.04,7,3.614799,0.9653349,0.001175088,9.945367,1.398348,7.112226,6DC,X091620_143_7
144,X091620,-8.625,7.76642,29.7519,20.50334,4,3.30228,0.9867803,0.09106933,7.447749,1.485931,5.012177,6DC,X091620_144_4
145,X091620,-7.375,6.22196,31.2092,20.223,3,5.848126,0.9976498,0.003819037,11.95206,1.341149,8.911807,6DC,X091620_145_3
145,X091620,-7.375,6.22196,31.2092,20.223,4,79.16794,0.9709166,0.05934195,4.457345,0.8428288,5.288554,6DC,X091620_145_4
147,X091620,-7.5,3.6155,31.99375,21.844,2,14.9572,0.9647474,0.1656874,6.220976,1.111701,5.59591,6DC,X091620_147_2
006,X091720,-7.625,9.11832,26.69818,42.95,4,20.35369,0.9444771,0.04171563,4.831783,1.361079,3.549965,46d,X091720_006_4
006,X091720,-7.625,9.11832,26.69818,42.95,5,0.2229067,0.9979436,0.0005875441,16.40405,2.228974,7.359462,46d,X091720_006_5
007,X091720,-9,7.63214,26.06348,42.61,2,0.2171839,0.9958872,0.007638073,16.83758,2.964032,5.680634,46d,X091720_007_2
011,X091720,-9.125,13.459,23.08768,42.34,4,0.9045172,0.980611,0.003231492,22.80077,2.396414,9.514537,12r,X091720_011_4
011,X091720,-9.125,13.459,23.08768,42.34,7,1.016362,0.960047,0.01351351,15.46313,1.438743,10.74766,12r,X091720_011_7
012,X091720,-8.875,12.56,24.40068,42.02,3,0.1841439,0.9938308,0.05170388,11.79639,1.519869,7.761454,46v,X091720_012_3
012,X091720,-8.875,12.56,24.40068,42.02,4,0.7359359,0.9938308,0.002350176,14.92895,1.77896,8.391954,46v,X091720_012_4
013,X091720,-10,10.682,24.03272,42.08,3,1.804612,0.9873678,0.02761457,9.675696,1.644131,5.884991,46v,X091720_013_3
032,X091720,-11.875,8.951,24.41428,38.575,3,0.08772324,1,0,33.72746,3.379504,9.980001,46df,X091720_032_3
032,X091720,-11.875,8.951,24.41428,38.575,4,0.2226889,0.9970623,0.004700352,15.89306,2.558388,6.212136,46df,X091720_032_4
038,X091720,-11,14.38695,22.14145,38.513,1,1.119969,0.9444771,0.04641598,12.03968,1.3916,8.65168,13l,X091720_038_1
041,X091720,-12.5,9.86898,24.01296,36.938,2,2.765737,0.9926557,0.002643948,17.00109,1.741738,9.760992,46df,X091720_041_2
046,X091720,-10.375,17.69682,19.47418,38.228,2,1.064165,0.9532902,0.002056404,14.83725,2.664724,5.568025,12o,X091720_046_2
049,X091720,-11.875,14.0636,22.3166,37.013,3,2.655267,0.9952996,0.009400705,10.39982,1.515314,6.863148,46v,X091720_049_3
056,X091720,-9.75,17.5533,20.43229,36.813,1,9.113406,0.9524089,0.04670975,5.79611,1.583118,3.661199,45,X091720_056_1
057,X091720,-9.875,16.3466,21.82868,36.328,6,4.362748,0.9926557,0.002056404,8.176489,1.454135,5.622923,46v,X091720_057_6
057,X091720,-9.875,16.3466,21.82868,36.328,8,4.100179,0.9679788,0.007638073,11.49453,1.566301,7.338649,46v,X091720_057_8
057,X091720,-9.875,16.3466,21.82868,36.328,9,3.769284,0.9929495,0.004406581,19.94492,2.005808,9.943583,46v,X091720_057_9
065,X091720,-9.625,4.67796,29.44672,32.328,4,2.357495,0.9823737,0.01204465,11.49948,1.953664,5.886109,6DR,X091720_065_4
065,X091720,-9.625,4.67796,29.44672,32.328,5,2.120313,0.9823737,0.007344301,14.36214,1.559992,9.206551,6DR,X091720_065_5
067,X091720,-10.625,17.89051,19.38361,35.478,3,0.1296224,0.9985312,0.0005875441,19.17585,2.033458,9.430164,45,X091720_067_3
067,X091720,-10.625,17.89051,19.38361,35.478,4,0.06477055,0.9973561,0.007344301,14.23981,2.181049,6.528881,45,X091720_067_4
069,X091720,-10,15.08039,23.33224,34.323,3,0.3601133,0.9994125,0.0005875441,20.33615,2.806861,7.245159,46v,X091720_069_3
078,X091720,-8.5,18.4996,20.9532,34.288,2,3.479358,0.9908931,0.08078731,9.544106,1.306789,7.30348,8A,X091720_078_2
078,X091720,-8.5,18.4996,20.9532,34.288,4,0.07887537,0.9994125,0.000293772,19.9255,1.875064,10.62657,8A,X091720_078_4
086,X091720,-11.125,6.24686,27.49056,30.053,4,5.650225,0.9926557,0.01233843,8.97611,1.542127,5.820604,6DR,X091720_086_4
087,X091720,-9.875,4.74352,28.9903,29.418,4,5.192134,0.9955934,0.01145711,13.76937,2.571666,5.35426,6DR,X091720_087_4
091,X091720,-10.5,16.68616,20.92979,32.323,1,27.66182,0.9847239,0.02878966,8.612787,1.356871,6.347536,45,X091720_091_1
091,X091720,-10.5,16.68616,20.92979,32.323,4,0.1493014,0.9712104,0.01145711,16.28742,2.305722,7.063911,45,X091720_091_4
097,X091720,-13,7.7071,25.1757,29.188,3,1.033364,0.9054054,0.001175088,10.56565,1.535832,6.879434,6DR,X091720_097_3
097,X091720,-13,7.7071,25.1757,29.188,5,0.2143796,0.9988249,0,26.1488,2.618374,9.986656,6DR,X091720_097_5
101,X091720,-11.25,20.33228,17.01086,32.058,3,0.3879264,0.9958872,0.004700352,13.01235,1.979558,6.573362,6VaVb,X091720_101_3
111,X091720,-9.875,5.54887,29.06198,26.377,3,1.617078,0.9685664,0.006462985,8.513427,1.545596,5.508183,6DR,X091720_111_3
111,X091720,-9.875,5.54887,29.06198,26.377,4,1.197679,0.9641598,0.003231492,15.04669,1.506737,9.986276,6DR,X091720_111_4
114,X091720,-10.875,19.288,19.1905,31.062,3,8.932741,0.9706228,0.08960047,7.846301,2.124958,3.69245,6VaVb,X091720_114_3
121,X091720,-9.875,8.49773,27.81383,23.915,3,6.081899,0.9955934,0.02320799,7.718183,2.124466,3.632998,6DC,X091720_121_3
129,X091720,-9.75,12.67474,25.57154,23.073,2,7.271424,0.9829612,0.06316099,7.828531,1.366361,5.729476,6DC,X091720_129_2
135,X091720,-9.25,4.25923,29.89222,23.673,3,0.03422118,0.9987752,0.003061849,21.74806,2.311326,9.409344,6DC,X091720_135_3
139,X091720,-9.25,14.11527,25.82494,21.626,3,4.412525,0.9947121,0.004406581,13.17548,1.603941,8.214445,6DC,X091720_139_3
140,X091720,-8.75,12.89513,26.91267,21.425,3,0.8512405,0.9917744,0.04142186,8.838087,1.717293,5.146524,6DC,X091720_140_3
143,X091720,-8.5,9.10714,28.22242,21.04,1,8.134799,0.9950058,0.01204465,13.06194,1.268302,10.29876,6DC,X091720_143_1
143,X091720,-8.5,9.10714,28.22242,21.04,4,14.5316,0.8871915,0.03319624,6.11324,1.028728,5.942523,6DC,X091720_143_4
143,X091720,-8.5,9.10714,28.22242,21.04,6,3.53911,0.9917744,0.09018801,6.236152,1.653503,3.771479,6DC,X091720_143_6
144,X091720,-8.75,7.77753,29.36635,20.52381,2,6.133914,0.9982374,0,19.84138,2.65765,7.465762,6DC,X091720_144_2
144,X091720,-8.75,7.77753,29.36635,20.52381,3,0.3799477,0.9947121,0.008225617,13.00353,2.889664,4.500014,6DC,X091720_144_3
144,X091720,-8.75,7.77753,29.36635,20.52381,5,3.214461,0.9947121,0.0199765,10.63714,1.334686,7.969768,6DC,X091720_144_5
003,X091820,-8.5,12.2204,23.4272,43.93,5,0.5767164,0.9985312,0.003231492,22.55019,2.055022,10.97321,12r,X091820_003_5
006,X091820,-7.75,9.11574,26.53351,42.97,3,0.9704004,0.9908798,0.04142186,12.08254,2.288356,5.28001,46d,X091820_006_3
007,X091820,-9.125,7.63214,26.06348,42.61,4,0.5007968,0.980019,0.05992949,12.15893,1.438966,8.449768,46d,X091820_007_4
011,X091820,-9.125,13.459,23.08768,42.34,2,3.945023,0.9844301,0.02320799,12.13652,1.899473,6.389417,12r,X091820_011_2
011,X091820,-9.125,13.459,23.08768,42.34,6,24.67787,0.987074,0.004700352,6.296906,1.247707,5.046782,12r,X091820_011_6
012,X091820,-8.875,12.56,24.40068,42.02,3,1.847613,0.9841363,0.05434782,11.65326,1.581966,7.366314,46v,X091820_012_3
014,X091820,-10,9.24,24.81375,41.76,3,0.8399968,0.9309636,0.00293772,13.03761,1.703689,7.652578,46d,X091820_014_3
015,X091820,-9.5,7.87492,26.2095,41.24,3,3.869035,0.9861927,0.1363102,10.66897,2.774396,3.845513,46df,X091820_015_3
032,X091820,-12,8.951,24.41428,38.575,2,10.14323,0.9544653,0.1386604,5.142606,1.464707,3.511014,46df,X091820_032_2
041,X091820,-12.5,9.86898,24.01296,36.938,3,0.7648624,0.9994125,0.001175088,22.37659,2.477927,9.030365,46df,X091820_041_3
043,X091820,-10.5,6.66422,27.50148,36.038,3,2.07256,0.9412456,0.06492362,8.671788,1.292986,6.706791,8B,X091820_043_3
043,X091820,-10.5,6.66422,27.50148,36.038,4,0.9062279,0.9412456,0.009400705,6.948976,1.074275,6.468525,8B,X091820_043_4
047,X091820,-10,16.2248,22.0442,37.388,5,1.316918,0.9647474,0.006756757,15.55424,1.608774,9.668382,12o,X091820_047_5
053,X091820,-12.625,6.94813,25.76186,34.533,4,6.224573,0.9591657,0.01645123,6.276596,1.163988,5.392322,8B,X091820_053_4
053,X091820,-12.625,6.94813,25.76186,34.533,5,8.637845,0.9036428,0.0146886,8.534377,1.04232,8.187864,8B,X091820_053_5
053,X091820,-12.625,6.94813,25.76186,34.533,7,0.9049353,0.9759107,0.002643948,8.450276,1.444755,5.848934,8B,X091820_053_7
055,X091820,-11.0625,19.13782,17.66912,37.713,3,0.1248412,1,0.001175088,26.00136,2.787566,9.327622,12l,X091820_055_3
056,X091820,-9.875,17.5572,20.26326,36.838,4,12.50745,0.9873678,0.02350176,7.043526,1.168354,6.028589,45,X091820_056_4
057,X091820,-9.875,16.3466,21.82868,36.328,3,3.094646,0.9920682,0.006462985,10.86702,1.378713,7.882001,46v,X091820_057_3
057,X091820,-9.875,16.3466,21.82868,36.328,6,1.072469,0.9985312,0,23.86271,2.345277,10.17479,46v,X091820_057_6
058,X091820,-9.875,14.82604,23.11572,35.828,3,2.123371,0.9905993,0.002350176,16.24425,1.715062,9.471528,46v,X091820_058_3
058,X091820,-9.875,14.82604,23.11572,35.828,4,1.36045,0.9905993,0.009400705,11.48798,1.371296,8.377461,46v,X091820_058_4
062,X091820,-12.5,9.4102,25.09882,34.103,2,19.44097,0.9782609,0.06169213,7.293398,1.227814,5.94015,46d,X091820_062_2
063,X091820,-12.625,7.92158,25.53635,33.673,4,0.1351038,0.9976498,0.00293772,15.03428,1.664119,9.034379,8B,X091820_063_4
064,X091820,-11.5,6.25612,27.17264,33.068,3,0.08086385,0.9997062,0.003819037,11.26862,1.689238,6.670835,6DR,X091820_064_3
067,X091820,-10.625,17.89051,19.38361,35.478,2,0.2300834,0.9262632,0.0525852,9.961797,1.269784,7.845267,45,X091820_067_2
073,X091820,-12.625,9.425,25.0815,32.638,2,0.3707948,0.8833725,0.008519389,7.644646,2.491245,3.068605,8B,X091820_073_2
073,X091820,-12.625,9.425,25.0815,32.638,3,46.19201,0.8889542,0.1345476,5.584678,1.321523,4.22594,8B,X091820_073_3
073,X091820,-12.625,9.425,25.0815,32.638,7,3.740043,0.9779671,0.0008813161,8.269897,1.760214,4.698234,8B,X091820_073_7
078,X091820,-8.75,18.50739,20.74288,34.323,3,7.376539,0.9861927,0.01086957,7.537511,1.176771,6.405249,45,X091820_078_3
081,X091820,-10.875,13.75736,23.65759,32.448,3,1.362431,0.9864865,0.02438308,9.102565,1.749553,5.202794,46v,X091820_081_3
085,X091820,-12.75,7.61016,25.3994,30.648,4,1.846157,0.9844301,0.008813161,11.10228,2.1536,5.155222,8B,X091820_085_4
091,X091820,-10.5,16.68616,20.92979,32.323,1,15.49866,0.8769095,0.01233843,9.352106,1.231214,7.595839,45,X091820_091_1
091,X091820,-10.5,16.68616,20.92979,32.323,5,12.63132,0.8769095,0.03701528,6.606262,1.204691,5.483782,45,X091820_091_5
097,X091820,-13.125,7.70788,24.89216,29.228,3,0.3321252,0.9950058,0.007931845,11.84506,1.808739,6.548791,8B,X091820_097_3
101,X091820,-11.5,20.34016,16.65592,32.128,2,34.54513,0.9717979,0.006462985,5.589692,1.143345,4.888895,6VaVb,X091820_101_2
101,X091820,-11.5,20.34016,16.65592,32.128,3,18.68555,0.9541715,0.07021151,7.549691,1.464385,5.155538,6VaVb,X091820_101_3
103,X091820,-11.75,16.14006,20.00071,31.683,4,8.986739,0.9967685,0.003525264,7.70062,1.239171,6.21433,45,X091820_103_4
108,X091820,-12.125,8.53032,25.27052,27.689,4,5.333809,0.9753231,0.01645123,10.87782,2.381643,4.567359,6DC,X091820_108_4
108,X091820,-12.125,8.53032,25.27052,27.689,5,1.87687,0.976792,0,15.88467,1.970389,8.061692,6DC,X091820_108_5
111,X091820,-9.875,5.54887,29.06198,26.377,3,0.9419503,0.9568155,0.01792009,10.71126,1.31195,8.164377,6DR,X091820_111_3
111,X091820,-9.875,5.54887,29.06198,26.377,4,1.518836,0.9568155,0.06110458,12.55894,1.242723,10.10599,6DR,X091820_111_4
114,X091820,-10.875,19.288,19.1905,31.062,3,1.843722,0.9835488,0.07755582,7.379804,1.582947,4.662066,6VaVb,X091820_114_3
130,X091820,-10.375,11.313,25.64278,22.818,3,3.537749,0.9817861,0.004112808,9.960238,1.97576,5.04122,6DC,X091820_130_3
130,X091820,-10.375,11.313,25.64278,22.818,4,0.5559357,0.9817861,0.001762632,14.87751,2.10882,7.054895,6DC,X091820_130_4
131,X091820,-11.875,10.21071,24.80123,22.802,3,4.589721,0.9982374,0.01116334,11.01139,1.435593,7.670272,6DC,X091820_131_3
133,X091820,-10.5,7.50914,27.88234,21.966,3,7.527153,0.9717979,0.1674501,6.637046,0.9994859,6.64046,6DC,X091820_133_3
136,X091820,-7.75,2.64684,31.96954,23.317,3,3.537743,0.9700353,0.02673326,9.200208,2.226292,4.132525,6DC,X091820_136_3
138,X091820,-8.25,15.511,25.5842,21.866,2,4.887188,0.9550529,0.0199765,8.207408,1.278814,6.417983,6VaVb,X091820_138_2
140,X091820,-9.125,12.88844,26.52596,21.435,2,0.7263839,0.9947121,0.008519389,8.494314,1.220622,6.959005,6DC,X091820_140_2
140,X091820,-9.125,12.88844,26.52596,21.435,3,5.027377,0.9985312,0.0440658,15.89442,2.572807,6.177851,6DC,X091820_140_3
144,X091820,-8.75,7.77753,29.36635,20.52381,2,17.8886,0.9976498,0.003231492,5.789758,0.8697662,6.656683,6DC,X091820_144_2
144,X091820,-8.75,7.77753,29.36635,20.52381,5,6.176573,0.9955934,0.004700352,18.16619,2.098812,8.655465,6DC,X091820_144_5
144,X091820,-8.75,7.77753,29.36635,20.52381,6,5.684049,0.9853114,0.0005875441,11.81498,1.315452,8.981684,6DC,X091820_144_6
145,X091820,-7.75,6.23668,30.8051,20.243,3,9.503625,0.9609283,0.003819037,7.383883,1.325119,5.572241,6DC,X091820_145_3
145,X091820,-7.75,6.23668,30.8051,20.243,4,2.46215,0.9609283,0.0199765,9.868511,1.356938,7.272634,6DC,X091820_145_4
003,X092120,-8.5,12.2204,23.4272,43.93,3,5.309798,0.9001175,0.06286722,7.790382,1.148839,6.781089,12r,X092120_003_3
003,X092120,-8.5,12.2204,23.4272,43.93,5,1.303979,0.996181,0.0005875441,15.40775,1.748522,8.811873,12r,X092120_003_5
011,X092120,-9.125,13.459,23.08768,42.34,2,2.389708,0.8519389,0.04259694,8.538566,1.968943,4.336624,12r,X092120_011_2
011,X092120,-9.125,13.459,23.08768,42.34,5,1.242128,0.9597532,0.002350176,19.03776,1.896307,10.03939,12r,X092120_011_5
012,X092120,-8.875,12.56,24.40068,42.02,3,1.482988,0.9556404,0.02056404,9.912775,1.379522,7.185657,46v,X092120_012_3
012,X092120,-8.875,12.56,24.40068,42.02,4,0.5127618,0.9556404,0.02085781,9.456576,1.376897,6.868033,46v,X092120_012_4
013,X092120,-10,10.682,24.03272,42.08,2,3.355957,0.9879553,0.004700352,10.74104,1.490146,7.208045,46v,X092120_013_2
014,X092120,-10,9.24,24.81375,41.76,2,1.20251,0.9920682,0,12.05327,2.788037,4.323211,46d,X092120_014_2
014,X092120,-10,9.24,24.81375,41.76,3,0.1467948,0.9944183,0,24.97167,2.758996,9.051,46d,X092120_014_3
023,X092120,-9.5,8.59016,26.47356,39.7,3,5.306761,0.9747356,0.1101645,9.179857,1.67529,5.479563,46df,X092120_023_3
023,X092120,-9.5,8.59016,26.47356,39.7,4,14.92123,0.9747356,0.02878966,7.556064,1.583746,4.771008,46df,X092120_023_4
038,X092120,-11.0625,14.38695,22.14145,38.513,3,7.231718,0.9506463,0.03730905,8.961534,1.677364,5.34263,13l,X092120_038_3
038,X092120,-11.0625,14.38695,22.14145,38.513,4,2.600368,0.9506463,0.007638073,11.42275,1.648128,6.930742,13l,X092120_038_4
041,X092120,-12.5,9.86898,24.01296,36.938,2,0.7360499,0.9973561,0.0005875441,12.44273,1.68935,7.365393,46df,X092120_041_2
042,X092120,-12.625,8.2549,24.69228,36.508,3,1.054757,0.9950058,0.05376028,9.321698,1.532609,6.082242,46df,X092120_042_3
043,X092120,-10.75,6.67279,27.27636,36.063,1,8.939584,0.9344888,0.136604,5.058027,1.210372,4.178902,8B,X092120_043_1
046,X092120,-10.375,17.69682,19.47418,38.228,3,0.3495439,0.9938308,0.001175088,8.708791,1.345089,6.474508,12o,X092120_046_3
046,X092120,-10.375,17.69682,19.47418,38.228,4,0.1745562,0.9976498,0.005581669,14.74436,1.533606,9.614177,12o,X092120_046_4
047,X092120,-10,16.2248,22.0442,37.388,3,0.328211,0.9973561,0.004994125,10.5529,1.407108,7.499707,12o,X092120_047_3
048,X092120,-10.375,15.06857,22.78378,36.978,2,3.421281,0.9820799,0.02027027,6.206634,1.434974,4.325258,13l,X092120_048_2
053,X092120,-12.625,6.94813,25.76186,34.533,1,9.151096,0.9979436,0.003231492,11.46372,1.394003,8.223598,8B,X092120_053_1
053,X092120,-12.625,6.94813,25.76186,34.533,4,11.7585,0.9494712,0.02996475,5.16184,1.063889,4.851859,8B,X092120_053_4
055,X092120,-11.125,19.13782,17.66912,37.713,3,0.5482966,0.9612221,0.01086957,13.1767,2.002024,6.58169,12l,X092120_055_3
055,X092120,-11.125,19.13782,17.66912,37.713,4,0.3735695,0.9612221,0.01527615,17.50337,1.829273,9.568483,12l,X092120_055_4
056,X092120,-10,17.5611,20.09423,36.863,2,11.74477,0.9885429,0.0525852,7.386813,1.376932,5.364691,45,X092120_056_2
064,X092120,-11.75,6.27248,26.90156,33.108,2,0.7370373,0.9976498,0.0546416,11.05535,1.905673,5.801281,8B,X092120_064_2
066,X092120,-10.375,19.50462,17.9871,36.128,3,1.632172,0.9885429,0.01586369,13.15326,1.997885,6.583591,12l,X092120_066_3
066,X092120,-10.375,19.50462,17.9871,36.128,4,2.704879,0.9885429,0.002643948,20.10924,1.952854,10.29736,12l,X092120_066_4
067,X092120,-10.75,17.89051,19.38361,35.478,3,3.305656,0.9817861,0.1204465,7.577294,1.399883,5.412806,45,X092120_067_3
069,X092120,-10.25,15.09597,22.85552,34.393,3,0.7062501,0.996181,0.00293772,12.24023,2.396308,5.107955,46v,X092120_069_3
076,X092120,-11,4.837,28.2446,30.988,3,7.127686,0.996181,0.10047,8.830668,1.237897,7.133606,6DR,X092120_076_3
077,X092120,-11.25,19.74444,16.83298,35.198,2,0.8548569,0.987074,0.001175088,10.32239,1.822971,5.662397,12l,X092120_077_2
078,X092120,-9,18.51518,20.53256,34.358,3,0.7573416,1,0,23.14403,2.199895,10.52052,45,X092120_078_3
081,X092120,-11.125,13.7636,23.3834,32.488,3,3.609442,0.989718,0.02320799,9.573565,1.371845,6.978604,46v,X092120_081_3
085,X092120,-13,7.61405,25.11275,30.688,2,5.537803,0.9982374,0.00146886,7.076381,1.352244,5.233066,8B,X092120_085_2
086,X092120,-11.75,6.26242,26.89232,30.143,2,5.689527,0.9673913,0.1944771,6.00909,1.414047,4.249569,6DR,X092120_086_2
088,X092120,-11.5,3.25136,27.95788,29.508,3,0.133875,0.9880806,0.01175088,16.00136,2.201077,7.269786,24c,X092120_088_3
091,X092120,-10.5,16.68616,20.92979,32.323,1,10.88526,0.9068742,0.01380729,8.102289,1.023318,7.917666,45,X092120_091_1
091,X092120,-10.5,16.68616,20.92979,32.323,6,13.42871,0.9882491,0.009400705,10.24397,1.212462,8.448895,45,X092120_091_6
096,X092120,-13.375,8.7435,23.9988,29.688,4,1.42364,0.9941245,0.00146886,12.71017,2.497653,5.088846,8B,X092120_096_4
097,X092120,-13.375,7.70866,24.60862,29.268,3,0.3469325,0.9982374,0.001175088,13.18883,1.508793,8.741312,8B,X092120_097_3
101,X092120,-11.5,20.34016,16.65592,32.128,2,4.712434,0.9612221,0.008225617,7.530918,1.290821,5.834209,6VaVb,X092120_101_2
102,X092120,-11.625,17.97096,18.58468,31.348,3,0.767049,0.993537,0.009988249,11.32044,1.545596,7.324325,6VaVb,X092120_102_3
103,X092120,-11.75,16.14006,20.00071,31.683,2,0.3873935,0.9967685,0.002056404,14.9393,1.762548,8.475967,45,X092120_103_2
108,X092120,-12.125,8.53032,25.27052,27.689,4,1.535089,0.9867803,0.000293772,11.85164,1.845637,6.421435,6DC,X092120_108_4
116,X092120,-11.75,14.77844,22.28088,25.93,1,10.20252,0.9706228,0.0893067,7.166688,1.226003,5.845571,6DC,X092120_116_1
118,X092120,-12,12.56,23.3326,24.992,4,0.4328735,0.9321387,0.02996475,8.807429,1.31105,6.717843,6DC,X092120_118_4
118,X092120,-12,12.56,23.3326,24.992,5,0.3900609,0.9321387,0.03231492,8.240119,1.436527,5.736138,6DC,X092120_118_5
120,X092120,-10.75,9.66573,25.93548,24.474,2,2.039626,0.9882491,0.1060517,8.237686,1.278997,6.440738,6DC,X092120_120_2
130,X092120,-10.375,11.313,25.64278,22.818,3,1.158082,0.9908931,0.01380729,9.147449,1.265354,7.229164,6DC,X092120_130_3
130,X092120,-10.375,11.313,25.64278,22.818,4,0.4316947,0.9982374,0.002643948,16.2218,2.00916,8.073923,6DC,X092120_130_4
136,X092120,-8.125,2.64952,31.38612,23.407,4,1.35087,0.9876616,0.01880141,7.921457,1.808087,4.381126,6DC,X092120_136_4
138,X092120,-8.25,15.511,25.5842,21.866,2,1.638662,0.9985312,0.01086957,10.79634,1.394862,7.74008,6VaVb,X092120_138_2
139,X092120,-10,14.09653,25.18266,21.636,2,0.06358255,0.9994125,0.01028202,14.57744,2.067807,7.049708,6DC,X092120_139_2
140,X092120,-9.125,12.88844,26.52596,21.435,4,7.990193,0.9914806,0.05816686,8.052887,2.361186,3.410527,6DC,X092120_140_4
144,X092120,-8.75,7.77753,29.36635,20.52381,1,21.46162,0.9988249,0.003525264,13.35894,1.477684,9.040454,6DC,X092120_144_1
144,X092120,-8.75,7.77753,29.36635,20.52381,3,19.64649,0.947121,0.02820211,5.519737,0.9153057,6.030485,6DC,X092120_144_3
147,X092120,-8.375,3.64226,31.38893,21.934,4,14.89812,0.9568155,0.0220329,5.117235,1.709026,2.99424,6DC,X092120_147_4
003,X092320,-8.5,12.2204,23.4272,43.93,3,3.642672,1,0.001762632,15.5046,1.271917,12.18995,12r,X092320_003_3
007,X092320,-9.3125,7.62696,25.73072,42.65,3,0.7187225,0.9973561,0.003819037,12.64579,1.484152,8.520552,46d,X092320_007_3
011,X092320,-9.1875,13.459,23.08768,42.34,2,1.331774,0.9976498,0.001762632,27.21812,2.298509,11.84164,12r,X092320_011_2
011,X092320,-9.1875,13.459,23.08768,42.34,6,1.230767,0.9976498,0.03672151,14.41406,1.420505,10.14714,12r,X092320_011_6
011,X092320,-9.1875,13.459,23.08768,42.34,7,1.092779,0.9644536,0.007050529,11.58864,1.474954,7.856952,12r,X092320_011_7
011,X092320,-9.1875,13.459,23.08768,42.34,8,1.876474,0.9644536,0.1119271,8.084237,1.718427,4.704439,12r,X092320_011_8
012,X092320,-8.9375,12.56,24.27194,42.035,3,1.986048,0.9944183,0,18.55404,1.757149,10.55918,46v,X092320_012_3
012,X092320,-8.9375,12.56,24.27194,42.035,4,2.029001,0.9944183,0.001175088,12.84509,1.570763,8.17761,46v,X092320_012_4
013,X092320,-10,10.682,24.03272,42.08,3,3.649088,0.9894242,0.0220329,11.05119,1.955783,5.65052,46v,X092320_013_3
013,X092320,-10,10.682,24.03272,42.08,4,1.604144,0.9903055,0.001762632,18.13114,1.773753,10.22191,46v,X092320_013_4
015,X092320,-9.75,7.87224,25.908,41.28,3,2.895074,0.936839,0.03701528,9.433549,1.550602,6.083797,46df,X092320_015_3
015,X092320,-9.75,7.87224,25.908,41.28,4,1.865994,0.936839,0.01321974,12.162,1.342246,9.06093,46df,X092320_015_4
033,X092320,-12.25,7.469,24.8248,38.18,3,1.566238,0.9529965,0.009106933,10.65213,1.344366,7.923537,46d,X092320_033_3
040,X092320,-12.75,11.38563,22.49775,37.463,3,2.759778,0.9762045,0.08960047,9.490667,1.702449,5.574714,46v,X092320_040_3
041,X092320,-12.625,9.87677,23.81354,36.963,3,0.1456322,0.9477086,0,36.80274,3.007096,12.23863,46df,X092320_041_3
041,X092320,-12.625,9.87677,23.81354,36.963,5,0.5558996,0.9905993,0.002350176,15.50281,1.682601,9.2136,46df,X092320_041_5
042,X092320,-12.75,8.2549,24.69228,36.508,3,17.76831,0.9706228,0.0126322,9.153303,1.386478,6.601837,46df,X092320_042_3
057,X092320,-10,16.3466,21.82868,36.328,3,0.1417694,0.9964413,0.02996475,12.27169,1.734282,7.075948,46v,X092320_057_3
058,X092320,-10,14.82604,23.11572,35.828,5,9.591312,0.9753231,0.1324912,7.530085,1.225871,6.142639,46v,X092320_058_5
060,X092320,-13.375,12.44716,22.03462,35.248,3,0.8996975,1,0.005875441,15.62673,1.554391,10.05329,46v,X092320_060_3
064,X092320,-12.125,6.28884,26.63048,33.148,3,2.217364,0.9882491,0.03231492,10.52267,1.462259,7.196174,8B,X092320_064_3
070,X092320,-11.875,13.66427,22.51741,34.103,3,11.22813,0.9891304,0.001175088,8.4598,1.426962,5.928538,46v,X092320_070_3
073,X092320,-13,9.45148,24.58608,32.708,2,11.85449,0.9788484,0.07256169,8.855426,1.279706,6.919891,8B,X092320_073_2
077,X092320,-11.5,19.74678,16.66551,35.233,3,0.2079848,0.989356,0.003819037,18.65081,2.163794,8.619495,12l,X092320_077_3
078,X092320,-9.375,18.53076,20.11192,34.428,1,8.519006,0.9976498,0.003525264,14.62509,1.406158,10.40074,45,X092320_078_1
078,X092320,-9.375,18.53076,20.11192,34.428,2,22.26359,0.9165688,0.09723854,4.857004,0.9845087,4.933429,45,X092320_078_2
078,X092320,-9.375,18.53076,20.11192,34.428,4,7.146298,0.9864865,0.01380729,9.234314,1.111232,8.309981,45,X092320_078_4
080,X092320,-11.5,15.29664,21.5046,33.068,1,25.35938,0.9967685,0.01792009,6.872739,1.179767,5.825505,45,X092320_080_1
084,X092320,-13.375,8.69748,24.39312,30.778,4,1.70469,0.9482961,0.0005875441,16.55045,2.115467,7.823545,8B,X092320_084_4
086,X092320,-12.125,6.2702,26.5932,30.188,3,2.476804,0.9982374,0.002350176,12.25813,1.5652,7.831668,6DR,X092320_086_3
088,X092320,-11.75,3.25837,27.64396,29.553,3,8.669107,0.9682726,0.02350176,5.011604,1.00348,4.994226,24c,X092320_088_3
088,X092320,-11.75,3.25837,27.64396,29.553,4,3.60124,0.979436,0.07138661,8.573479,1.506091,5.692537,24c,X092320_088_4
091,X092320,-10.5,16.68616,20.92979,32.323,3,1.659258,0.9738543,0.04612221,9.922369,1.532773,6.473478,45,X092320_091_3
092,X092320,-12.25,15.41598,20.87233,32.003,2,0.7175973,0.9800235,0.003231492,10.82919,1.599194,6.771659,45,X092320_092_2
092,X092320,-12.25,15.41598,20.87233,32.003,4,3.285755,0.9800235,0,16.02447,1.75124,9.150356,45,X092320_092_4
098,X092320,-13.375,6.25908,25.21579,28.823,2,0.09228433,0.9994125,0,8.202128,1.636186,5.012957,8B,X092320_098_2
099,X092320,-11.25,4.72058,27.80156,28.053,2,3.337069,0.9879553,0.1022327,6.457767,1.696492,3.80654,24c,X092320_099_2
101,X092320,-11.75,20.3441,16.47845,32.163,3,4.408034,0.9788484,0.03172738,9.224982,1.354921,6.8085,6VaVb,X092320_101_3
103,X092320,-12,16.13612,19.77592,31.728,3,1.526053,0.9867803,0.01410106,13.1347,1.37419,9.558142,45,X092320_103_3
109,X092320,-12.5,7.38006,25.25907,26.874,2,17.73199,0.9723854,0.0008813161,10.02628,1.110528,9.028389,6DR,X092320_109_2
109,X092320,-12.5,7.38006,25.25907,26.874,10,22.84939,0.9723854,0.006169213,10.82791,1.238348,8.74383,6DR,X092320_109_10
109,X092320,-12.5,7.38006,25.25907,26.874,13,7.00308,0.9985312,0.01057579,4.33593,0.9193807,4.716142,6DR,X092320_109_13
114,X092320,-11.625,19.32496,18.35022,31.262,3,10.02575,0.9568155,0.0220329,7.559539,1.298497,5.821761,6VaVb,X092320_114_3
116,X092320,-12.125,14.76492,21.85859,25.95,2,19.11077,0.9365453,0.07961222,6.307225,1.175596,5.365129,6DC,X092320_116_2
117,X092320,-12.25,13.85266,22.19054,25.072,2,1.7437,0.9717979,0.03172738,7.765336,1.566364,4.957556,6DC,X092320_117_2
117,X092320,-12.25,13.85266,22.19054,25.072,5,0.8178513,0.9541715,0.00293772,11.95147,1.604157,7.450309,6DC,X092320_117_5
117,X092320,-12.25,13.85266,22.19054,25.072,7,1.404594,0.9541715,0.0005875441,14.69788,1.882281,7.80855,6DC,X092320_117_7
119,X092320,-10.625,11.1,25.63532,24.454,3,0.3701584,0.996181,0.006169213,13.85962,1.960407,7.069769,6DC,X092320_119_3
128,X092320,-10.875,13.79248,24.03898,23.454,3,0.717056,0.9941245,0.009106933,11.79772,1.356063,8.699985,6VaVb,X092320_128_3
136,X092320,-8.5,2.65086,31.09441,23.452,2,3.275018,0.9700353,0.0493537,6.019825,1.604822,3.751086,6DC,X092320_136_2
139,X092320,-10.25,14.08716,24.86152,21.641,3,0.4810397,0.9988249,0.003819037,16.58577,2.046679,8.103746,6DC,X092320_139_3
140,X092320,-9.125,12.88844,26.52596,21.435,2,6.979933,0.9844301,0.136604,8.941803,1.463345,6.110521,6DC,X092320_140_2
144,X092320,-9.125,7.78864,28.9808,20.54428,2,8.414124,0.9891304,0.07138661,7.250572,0.9929518,7.302038,6DC,X092320_144_2
144,X092320,-9.125,7.78864,28.9808,20.54428,4,3.788182,0.9856052,0.1107521,8.28708,1.687483,4.910911,6DC,X092320_144_4
003,X092520,-8.5,12.2204,23.4272,43.93,2,5.026894,0.9691539,0.06051704,8.485185,1.759129,4.823515,12r,X092520_003_2
007,X092520,-9.4375,7.62696,25.73072,42.65,1,12.11314,0.9973561,0.005875441,14.88253,1.312018,11.34324,46d,X092520_007_1
007,X092520,-9.4375,7.62696,25.73072,42.65,2,7.186812,0.9485899,0.04876616,6.856275,1.556848,4.403946,46d,X092520_007_2
011,X092520,-9.1875,13.459,23.08768,42.34,2,3.305616,0.9905993,0.00293772,18.3355,4.080654,4.493274,12r,X092520_011_2
013,X092520,-10,10.682,24.03272,42.08,3,3.746778,0.9841363,0.1465922,10.85915,1.845343,5.884627,46v,X092520_013_3
015,X092520,-9.75,7.87224,25.908,41.28,3,0.5108718,0.9976498,0.01145711,16.74176,1.63024,10.26951,46df,X092520_015_3
038,X092520,-11.0625,14.38695,22.14145,38.513,2,1.132544,0.8034665,0.01674501,12.22828,1.402457,8.719182,13l,X092520_038_2
038,X092520,-11.0625,14.38695,22.14145,38.513,3,0.2047304,0.9917744,0.003525264,16.12616,1.65159,9.764018,13l,X092520_038_3
039,X092520,-11.5,12.81735,22.72925,37.763,3,2.276644,0.9841363,0.05052879,8.203034,1.355222,6.052909,46v,X092520_039_3
040,X092520,-12.75,11.38563,22.49775,37.463,1,5.179621,0.9994125,0.008813161,10.23581,1.394994,7.337533,46v,X092520_040_1
046,X092520,-10.5625,17.70228,19.32072,38.248,3,2.80869,0.9759107,0.01145711,5.995333,1.507018,3.978275,12o,X092520_046_3
046,X092520,-10.5625,17.70228,19.32072,38.248,4,2.511788,0.9797297,0.07138661,12.09056,2.228948,5.424337,12o,X092520_046_4
050,X092520,-13.125,11.45425,22.17225,36.013,2,0.5593379,0.9964747,0.005581669,12.77645,1.688743,7.565656,46v,X092520_050_2
051,X092520,-12.875,10.03442,23.5118,35.508,3,0.5813378,0.9958872,0.01733255,14.00554,1.539622,9.096742,46df,X092520_051_3
054,X092520,-12,5.43892,26.47151,34.323,3,1.541609,0.869859,0.01674501,9.641577,1.332631,7.234995,24c,X092520_054_3
055,X092520,-11.125,19.13782,17.66912,37.713,3,10.91283,0.939483,0.05757932,6.49246,2.015315,3.221561,12l,X092520_055_3
056,X092520,-10.0625,17.5611,20.09423,36.863,3,4.882339,0.9891304,0.0252644,9.681705,2.508707,3.859241,45,X092520_056_3
057,X092520,-10.125,16.35205,21.62459,36.358,2,0.3345865,0.972973,0.004406581,22.73453,3.733651,6.089087,46v,X092520_057_2
060,X092520,-13.375,12.44716,22.03462,35.248,2,1.109251,0.9958872,0.01233843,11.7368,1.419103,8.270572,46v,X092520_060_2
063,X092520,-13.375,7.96832,24.7979,33.778,3,0.7213776,0.9873678,0.006756757,11.6022,1.375086,8.437437,8B,X092520_063_3
064,X092520,-12.125,6.28884,26.63048,33.148,2,2.282441,0.9970623,0.02085781,9.505011,1.580529,6.013816,8B,X092520_064_2
064,X092520,-12.125,6.28884,26.63048,33.148,4,2.287496,0.9976498,0.002350176,11.68248,1.584872,7.371247,8B,X092520_064_4
078,X092520,-9.375,18.53076,20.11192,34.428,3,3.901634,0.9982374,0.002643948,14.06256,1.656319,8.490251,45,X092520_078_3
078,X092520,-9.375,18.53076,20.11192,34.428,4,7.391377,0.9785547,0.1230905,7.797698,1.244034,6.268076,45,X092520_078_4
079,X092520,-10.875,16.83858,20.56372,33.498,2,14.54661,0.9571093,0.03202115,6.342142,1.081889,5.8621,45,X092520_079_2
079,X092520,-10.875,16.83858,20.56372,33.498,5,11.61986,0.9826674,0.02027027,9.550346,1.188502,8.035619,45,X092520_079_5
081,X092520,-11.75,13.77608,22.83502,32.568,3,8.541473,0.9638661,0.1048766,6.558948,1.417969,4.625592,46v,X092520_081_3
086,X092520,-12.125,6.2702,26.5932,30.188,3,1.177804,0.9964747,0.008225617,11.01931,1.789384,6.158163,6DR,X092520_086_3
091,X092520,-10.5,16.68616,20.92979,32.323,2,17.00644,1,0.005875441,11.83788,1.086385,10.89657,45,X092520_091_2
091,X092520,-10.5,16.68616,20.92979,32.323,3,3.748689,0.9300823,0.02820211,7.534959,1.062681,7.090516,45,X092520_091_3
092,X092520,-12.25,15.41598,20.87233,32.003,3,1.255869,0.9782609,0.01733255,9.149655,1.50689,6.07188,45,X092520_092_3
092,X092520,-12.25,15.41598,20.87233,32.003,4,0.8255184,0.9782609,0.002350176,8.421033,1.443434,5.834025,45,X092520_092_4
096,X092520,-13.875,8.7396,23.70124,29.728,3,2.550102,0.9788484,0.008813161,8.715577,1.875906,4.646062,8B,X092520_096_3
102,X092520,-12.125,17.96504,18.11932,31.428,3,0.07532275,0.9985312,0.001762632,23.33714,2.242528,10.40662,6VaVb,X092520_102_3
103,X092520,-12,16.13612,19.77592,31.728,3,0.9691116,0.9838426,0.004406581,14.24474,1.779512,8.004858,45,X092520_103_3
109,X092520,-12.5,7.38006,25.25907,26.874,2,16.61204,0.9641598,0.04054054,6.00286,0.7978808,7.523505,6DR,X092520_109_2
109,X092520,-12.5,7.38006,25.25907,26.874,3,18.46008,0.9988249,0.004406581,13.64689,1.436125,9.502582,6DR,X092520_109_3
110,X092520,-12.75,6.4599,25.79314,27.659,2,0.6317416,0.9929495,0.0787309,6.874467,1.259636,5.457502,6DR,X092520_110_2
117,X092520,-12.25,13.85266,22.19054,25.072,2,1.873499,0.9967685,0.001175088,20.29193,1.984665,10.22436,6DC,X092520_117_2
117,X092520,-12.25,13.85266,22.19054,25.072,3,0.6822693,0.9847239,0.01380729,10.72433,1.514469,7.081247,6DC,X092520_117_3
117,X092520,-12.25,13.85266,22.19054,25.072,4,4.330284,0.9753231,0.08284371,6.473318,1.25794,5.145966,6DC,X092520_117_4
119,X092520,-10.625,11.1,25.63532,24.454,1,0.2966337,0.9991187,0.007344301,15.69838,1.923294,8.162238,6DC,X092520_119_1
128,X092520,-11.25,13.78046,23.62871,23.464,2,22.74746,0.9923619,0.05963572,7.489929,1.229534,6.091681,6VaVb,X092520_128_2
130,X092520,-11.125,11.307,24.92442,22.838,3,4.977694,0.9991187,0.0005875441,9.930429,1.656038,5.9965,6DC,X092520_130_3
132,X092520,-11.375,8.64445,25.97086,22.497,2,6.575508,0.9591657,0.05699177,5.340783,1.258102,4.245113,6DC,X092520_132_2
132,X092520,-11.375,8.64445,25.97086,22.497,4,1.074194,0.9826674,0.0945946,7.356093,1.170075,6.286854,6DC,X092520_132_4
138,X092520,-9,15.4762,24.74922,21.876,2,51.92363,0.9344888,0.07784959,6.103263,1.415965,4.31032,6VaVb,X092520_138_2
139,X092520,-10.625,14.07779,24.54038,21.646,1,22.78231,0.9656287,0.01292597,7.636724,1.196328,6.383469,6VaVb,X092520_139_1
140,X092520,-9.5,12.88175,26.13925,21.445,2,11.39972,0.949765,0.06962397,6.198475,1.170736,5.294512,6DC,X092520_140_2
140,X092520,-9.5,12.88175,26.13925,21.445,4,16.32981,0.9744418,0.02262045,9.23888,1.118824,8.257669,6DC,X092520_140_4
003,X092820,-8.5625,12.2204,23.4272,43.93,2,0.1760086,0.996181,0.000293772,17.99249,1.71597,10.48531,12r,X092820_003_2
004,X092820,-9.5625,11.48576,23.38196,43.37,3,1.86783,0.9888366,0.1759695,10.27902,1.404668,7.317759,12r,X092820_004_3
007,X092820,-9.5,7.62437,25.56434,42.67,4,15.71176,0.9826674,0.02761457,9.524126,1.763232,5.401516,46d,X092820_007_4
011,X092820,-9.1875,13.459,23.08768,42.34,3,6.465201,0.9762045,0.02467685,10.32857,1.54137,6.700904,12r,X092820_011_3
012,X092820,-8.9375,12.56,24.27194,42.035,3,2.258243,0.9879553,0.01792009,9.399274,2.470555,3.804519,46v,X092820_012_3
015,X092820,-9.75,7.87224,25.908,41.28,2,2.745718,0.9723854,0.03907168,6.788783,1.278319,5.310712,46df,X092820_015_2
015,X092820,-9.75,7.87224,25.908,41.28,5,0.4677399,0.9926557,0.0420094,10.04967,2.418353,4.155586,46df,X092820_015_5
016,X092820,-10,6.35251,26.3867,40.825,4,0.5800402,0.9920477,0.002056404,12.01159,1.411786,8.508085,24c,X092820_016_4
023,X092820,-10,8.59217,25.88922,39.775,4,1.688565,0.9756169,0.02438308,9.846243,1.773639,5.551435,46df,X092820_023_4
023,X092820,-10,8.59217,25.88922,39.775,5,10.36178,0.9941245,0.004112808,7.206599,1.404336,5.131676,46df,X092820_023_5
029,X092820,-9.9375,13.92588,23.02624,39.78,3,0.4119414,0.9958872,0.01410106,10.07673,1.732886,5.814996,12m,X092820_029_3
038,X092820,-11.0625,14.38695,22.14145,38.513,3,3.398157,0.9929495,0.009400705,7.495349,1.338313,5.600593,13l,X092820_038_3
053,X092820,-13.125,6.96371,25.23062,34.603,3,0.6470456,0.9970623,0.008225617,11.46933,2.498881,4.589786,8B,X092820_053_3
055,X092820,-11.125,19.13782,17.66912,37.713,3,0.1602084,0.9967685,0,20.15182,1.984166,10.15632,12l,X092820_055_3
055,X092820,-11.125,19.13782,17.66912,37.713,4,2.79586,0.9688601,0.02643948,5.278741,1.261401,4.184824,12l,X092820_055_4
056,X092820,-10.3125,17.565,19.9252,36.888,3,10.27157,0.9435958,0.08460634,8.047071,1.858641,4.329546,45,X092820_056_3
058,X092820,-10.125,14.83227,22.91086,35.858,3,5.720794,0.9955934,0.056698,9.14508,1.815145,5.03821,46v,X092820_058_3
060,X092820,-13.375,12.44716,22.03462,35.248,5,5.467277,0.9867803,0.02908343,9.795092,1.394762,7.022767,46v,X092820_060_5
064,X092820,-12.125,6.28884,26.63048,33.148,4,0.375378,0.9917744,0.01057579,12.40753,1.939782,6.396351,8B,X092820_064_4
064,X092820,-12.125,6.28884,26.63048,33.148,5,14.58427,0.9482961,0.0819624,6.170828,1.236764,4.989495,8B,X092820_064_5
067,X092820,-11,17.89985,18.98635,35.538,4,0.9438234,0.9923619,0.01556992,9.238261,1.484133,6.224685,45,X092820_067_4
075,X092820,-12.375,6.5618,26.38114,31.728,5,0.3210948,0.9747356,0.002350176,10.42595,1.415584,7.365121,8B,X092820_075_5
075,X092820,-12.375,6.5618,26.38114,31.728,6,0.1004911,0.9747356,0.009106933,11.96662,1.431358,8.360329,8B,X092820_075_6
077,X092820,-11.5,19.74678,16.66551,35.233,2,5.645113,0.9553466,0.03877791,8.941097,1.894679,4.719058,12l,X092820_077_2
078,X092820,-9.625,18.53855,19.9016,34.463,3,1.818767,0.9950058,0.02379553,11.61076,1.540722,7.535918,45,X092820_078_3
080,X092820,-12,15.306,21.031,33.138,3,1.190764,0.9917744,0.03349001,9.555314,1.385802,6.89515,45,X092820_080_3
084,X092820,-13.375,8.69748,24.39312,30.778,3,0.6187948,0.9932432,0.01028202,10.72847,1.451581,7.390885,8B,X092820_084_3
086,X092820,-12.125,6.2702,26.5932,30.188,4,1.60006,0.9920682,0.0005875441,14.2057,1.967792,7.219106,6DR,X092820_086_4
091,X092820,-10.5,16.68616,20.92979,32.323,1,0.9762564,0.9723854,0.03113984,8.703744,1.647678,5.282429,45,X092820_091_1
091,X092820,-10.5,16.68616,20.92979,32.323,3,1.345007,0.9723854,0.07549942,6.89299,1.668687,4.130787,45,X092820_091_3
091,X092820,-10.5,16.68616,20.92979,32.323,5,2.081098,0.9988249,0,24.40076,1.953066,12.49357,45,X092820_091_5
092,X092820,-12.25,15.41598,20.87233,32.003,4,2.526984,0.9994125,0.00293772,15.57697,1.517783,10.26298,45,X092820_092_4
097,X092820,-14.25,7.711,23.758,29.388,4,0.3447558,0.9929495,0.01086957,10.71511,1.34977,7.938469,8B,X092820_097_4
098,X092820,-13.875,6.2622,24.59885,28.913,3,1.912053,0.9888366,0.1383666,8.332797,1.348593,6.178882,8B,X092820_098_3
101,X092820,-12,20.34804,16.30098,32.198,2,9.748953,0.9850176,0.05611046,7.09751,1.175704,6.036819,6VaVb,X092820_101_2
109,X092820,-12.5,7.38006,25.25907,26.874,3,13.56848,0.9485899,0.03936545,6.998081,1.028804,6.802154,6DR,X092820_109_3
109,X092820,-12.5,7.38006,25.25907,26.874,4,14.68751,0.9847239,0.005875441,11.50451,1.388653,8.284654,6DR,X092820_109_4
114,X092820,-11.625,19.32496,18.35022,31.262,2,15.85836,0.9509401,0.08607521,6.550834,1.368412,4.787178,6VaVb,X092820_114_2
116,X092820,-12.625,14.7514,21.4363,25.97,3,11.80253,0.9988249,0.004700352,11.42849,1.158525,9.864688,6DC,X092820_116_3
117,X092820,-12.5,13.85266,22.19054,25.072,3,6.454567,0.9612221,0.01380729,9.456135,1.353261,6.987667,6DC,X092820_117_3
117,X092820,-12.5,13.85266,22.19054,25.072,4,4.680935,0.9612221,0.1122209,7.888388,1.467558,5.375178,6DC,X092820_117_4
117,X092820,-12.5,13.85266,22.19054,25.072,5,0.1670311,0.9964747,0.007931845,16.90117,2.045298,8.263428,6DC,X092820_117_5
119,X092820,-10.875,11.1,25.201,24.469,3,1.051253,0.9850176,0.005287896,10.18191,1.706055,5.968104,6DC,X092820_119_3
132,X092820,-11.75,8.6498,25.55204,22.517,3,5.312796,0.9750293,0.06580494,5.921611,1.970934,3.00447,6DC,X092820_132_3
139,X092820,-11.125,14.05905,23.8981,21.656,3,16.26473,0.9679788,0.0945946,6.956863,1.660534,4.189534,6VaVb,X092820_139_3
140,X092820,-10,12.87506,25.75254,21.455,1,15.71122,0.9529965,0.0440658,5.946687,0.9719975,6.118006,6DC,X092820_140_1
140,X092820,-10,12.87506,25.75254,21.455,2,3.3869,0.8237368,0.04289072,8.485904,1.097751,7.730265,6DC,X092820_140_2
140,X092820,-10,12.87506,25.75254,21.455,6,1.869357,0.9876616,0.002350176,15.38276,1.781239,8.635993,6DC,X092820_140_6
141,X092820,-10.25,11.711,25.91155,21.37,4,32.95793,0.9879553,0.09312573,6.048778,1.219375,4.960556,6DC,X092820_141_4
146,X092820,-10,5.19716,28.6294,20.583,3,7.949349,0.9809048,0.1806698,6.533191,1.082092,6.037558,6DC,X092820_146_3
003,X092920,-8.625,12.21264,23.28667,43.945,6,0.2010539,0.9981073,0.00293772,17.71289,1.529806,11.57852,11ml,X092920_003_6
007,X092920,-9.5625,7.62437,25.56434,42.67,3,9.479512,0.9817861,0.04347826,8.58034,1.456104,5.892671,46d,X092920_007_3
011,X092920,-9.1875,13.459,23.08768,42.34,2,10.29847,0.9515276,0.006756757,7.210207,1.146237,6.290326,12r,X092920_011_2
011,X092920,-9.1875,13.459,23.08768,42.34,3,0.6961656,0.9726792,0.04259694,9.905489,1.461623,6.777048,12r,X092920_011_3
011,X092920,-9.1875,13.459,23.08768,42.34,9,3.73083,0.987074,0.007344301,17.55436,1.563117,11.23036,12r,X092920_011_9
015,X092920,-9.875,7.8709,25.75725,41.3,3,12.4906,0.9450646,0.04876616,6.22333,1.178555,5.280475,46df,X092920_015_3
015,X092920,-9.875,7.8709,25.75725,41.3,4,3.815912,0.9653349,0.03642773,10.06252,1.481343,6.792838,46df,X092920_015_4
016,X092920,-10.125,6.35251,26.3867,40.825,2,8.052271,0.9923619,0.03877791,11.29608,1.545593,7.308575,24c,X092920_016_2
023,X092920,-10.25,8.59284,25.69444,39.8,1,5.697847,0.9938308,0.005287896,14.14212,1.668015,8.478414,46df,X092920_023_1
024,X092920,-10.25,7.063,26.51219,39.325,2,0.1735855,1,0,36.88426,4.059609,9.085667,46df,X092920_024_2
029,X092920,-10,13.92588,23.02624,39.78,5,4.674423,0.9770858,0.03877791,7.862805,1.816934,4.327513,12m,X092920_029_5
038,X092920,-11.125,14.39318,21.97398,38.538,6,1.917609,0.9952996,0.002350176,10.03974,1.541867,6.511415,13l,X092920_038_6
042,X092920,-13.125,8.2736,24.22492,36.568,3,8.95932,0.9635723,0.1580494,7.189089,1.767713,4.066886,46df,X092920_042_3
042,X092920,-13.125,8.2736,24.22492,36.568,4,0.630389,0.989718,0.01880141,14.92302,1.702861,8.7635,46df,X092920_042_4
043,X092920,-11.875,6.71564,26.15076,36.188,2,3.09411,0.9591657,0.08254994,7.506185,1.69203,4.436201,8B,X092920_043_2
049,X092920,-12.6875,14.1298,21.4208,37.138,3,0.3506213,0.9565217,0.001175088,9.938011,1.487114,6.682752,46v,X092920_049_3
050,X092920,-13.375,11.4597,21.9705,36.038,5,0.9259593,0.9964747,0.003525264,10.55858,1.46464,7.208997,46v,X092920_050_5
055,X092920,-11.1875,19.14016,17.51956,37.738,3,3.699115,0.9867803,0.005287896,7.533177,1.07813,6.987261,12l,X092920_055_3
055,X092920,-11.1875,19.14016,17.51956,37.738,4,0.1176498,0.9673913,0.02702703,9.15699,1.832538,4.99689,12l,X092920_055_4
055,X092920,-11.1875,19.14016,17.51956,37.738,8,0.2595132,0.9908931,0.004406581,17.71618,1.625781,10.89703,12l,X092920_055_8
056,X092920,-10.375,17.5689,19.75617,36.913,2,0.06609342,0.9997062,0.005287896,18.89625,3.810457,4.959053,45,X092920_056_2
059,X092920,-11.625,13.35071,22.66719,35.603,3,1.410693,0.9691539,0.02438308,10.52492,1.65565,6.356973,46v,X092920_059_3
059,X092920,-11.625,13.35071,22.66719,35.603,4,0.6796982,0.9691539,0.000293772,14.00694,1.691959,8.278533,46v,X092920_059_4
059,X092920,-11.625,13.35071,22.66719,35.603,5,0.2295123,0.9700353,0.03437133,11.68039,1.894117,6.166665,46v,X092920_059_5
063,X092920,-13.75,7.9839,24.55175,33.813,5,7.929219,0.9333137,0.1104583,5.212668,1.066969,4.88549,8B,X092920_063_5
063,X092920,-13.75,7.9839,24.55175,33.813,7,2.871534,0.9829612,0.056698,8.653597,1.379487,6.273053,8B,X092920_063_7
064,X092920,-12.5,6.32156,26.08832,33.228,3,6.183625,0.9691539,0.1022327,6.701307,1.563167,4.287007,8B,X092920_064_3
064,X092920,-12.5,6.32156,26.08832,33.228,5,3.376756,0.9979436,0.004112808,16.1269,1.79173,9.00074,8B,X092920_064_5
066,X092920,-10.625,19.50851,17.81105,36.158,5,1.419115,0.9820799,0.0005875441,17.44287,2.026818,8.606034,12l,X092920_066_5
066,X092920,-10.625,19.50851,17.81105,36.158,6,0.1983521,0.9820799,0.000293772,21.57924,2.236121,9.650301,12l,X092920_066_6
067,X092920,-11.125,17.89985,18.98635,35.538,3,1.193135,0.9985312,0.001762632,19.65994,2.63534,7.460115,45,X092920_067_3
069,X092920,-10.875,15.11155,22.3788,34.463,5,4.165281,0.9820799,0.01380729,6.937258,1.760049,3.941514,46v,X092920_069_5
070,X092920,-12.25,13.67673,22.03759,34.173,2,9.105301,0.9853114,0.01586369,5.363873,1.147751,4.673378,46v,X092920_070_2
075,X092920,-12.75,6.5766,26.11473,31.768,4,11.94806,0.9756169,0.03642773,7.891624,2.437278,3.237885,8B,X092920_075_4
078,X092920,-9.75,18.54634,19.69128,34.498,2,1.176849,0.9591657,0.06022327,10.84174,1.669815,6.492783,45,X092920_078_2
080,X092920,-12.125,15.31068,20.7942,33.173,3,3.101594,0.9914806,0.04289072,8.210619,1.281744,6.405819,45,X092920_080_3
088,X092920,-12.25,3.27239,27.01612,29.643,1,1.258972,0.9982374,0.003231492,14.51716,1.568988,9.252563,24c,X092920_088_1
091,X092920,-10.5,16.68616,20.92979,32.323,7,2.642665,0.9988249,0.003231492,20.52565,1.934145,10.61226,45,X092920_091_7
091,X092920,-10.5,16.68616,20.92979,32.323,9,0.1962806,0.9973561,0.002350176,17.38023,1.911251,9.093641,45,X092920_091_9
092,X092920,-12.25,15.41598,20.87233,32.003,3,1.150434,0.9691539,0.05199765,9.260998,1.626225,5.694782,45,X092920_092_3
092,X092920,-12.25,15.41598,20.87233,32.003,4,0.4490222,0.9691539,0.006462985,13.36269,1.817658,7.351595,45,X092920_092_4
096,X092920,-14.125,8.7357,23.40368,29.768,2,28.65041,0.9659224,0.005581669,7.762286,1.665915,4.659474,8B,X092920_096_2
102,X092920,-12.25,17.96208,17.88664,31.468,3,1.654222,0.9964747,0.03848414,9.084291,2.627677,3.457157,6VaVb,X092920_102_3
103,X092920,-12.125,16.13218,19.55113,31.773,6,0.6035944,0.9905993,0.006169213,7.919396,2.326693,3.403714,45,X092920_103_6
104,X092920,-11.125,14.74905,22.27125,30.638,3,5.123635,0.9644536,0.06551117,7.799746,1.617504,4.822088,45,X092920_104_3
109,X092920,-12.5,7.38006,25.25907,26.874,3,24.2768,0.993537,0.007344301,11.88193,1.096051,10.84067,6DR,X092920_109_3
109,X092920,-12.5,7.38006,25.25907,26.874,6,23.15969,0.976792,0.02908343,6.133012,0.8678645,7.066785,6DR,X092920_109_6
114,X092920,-11.875,19.3342,18.14015,31.312,2,8.126532,0.9873678,0.04377203,8.875763,1.473467,6.023727,6VaVb,X092920_114_2
116,X092920,-12.625,14.7514,21.4363,25.97,2,12.08433,0.9776734,0.1013514,7.202561,1.192856,6.03808,6DC,X092920_116_2
117,X092920,-12.5,13.85266,22.19054,25.072,3,7.071372,0.9553466,0.04612221,7.011089,1.561817,4.489059,6DC,X092920_117_3
117,X092920,-12.5,13.85266,22.19054,25.072,4,1.591564,0.9947121,0.002056404,16.16372,1.832212,8.821975,6DC,X092920_117_4
119,X092920,-11.375,11.1,24.76668,24.484,2,0.7387205,0.9915809,0.01821387,11.47593,1.661204,6.908203,6DC,X092920_119_2
129,X092920,-11.75,12.65969,23.67049,23.123,4,1.112708,0.9944183,0.002350176,12.87948,1.580361,8.149709,6VaVb,X092920_129_4
130,X092920,-12,11.301,24.20606,22.858,4,3.263603,0.9829612,0.05023502,8.054661,1.491721,5.399575,6DC,X092920_130_4
130,X092920,-12,11.301,24.20606,22.858,5,1.007043,0.9944183,0.004994125,12.83537,1.608125,7.981577,6DC,X092920_130_5
140,X092920,-10.5,12.86837,25.36583,21.465,3,4.52789,0.9785547,0.03407755,8.485934,1.938734,4.377049,6DC,X092920_140_3
147,X092920,-10.125,3.72254,29.57447,22.204,7,29.03611,1,0.002643948,8.126286,1.334092,6.09125,6DC,X092920_147_7
003,X093020,-8.625,12.21264,23.28667,43.945,2,0.4486992,0.996181,0.002350176,15.26321,1.543339,9.889732,11ml,X093020_003_2
004,X093020,-9.6875,11.47972,23.21212,43.385,8,0.1066489,1,0.003525264,23.18354,2.94819,7.86365,12r,X093020_004_8
011,X093020,-9.1875,13.459,23.08768,42.34,5,2.54665,0.9947121,0.01380729,13.70869,1.682025,8.150109,12r,X093020_011_5
016,X093020,-10.125,6.35251,26.3867,40.825,2,7.334954,0.9706228,0.0420094,7.701604,1.255528,6.134154,24c,X093020_016_2
016,X093020,-10.125,6.35251,26.3867,40.825,4,7.609547,0.9732667,0.01145711,10.97187,1.754318,6.254208,24c,X093020_016_4
038,X093020,-11.125,14.39318,21.97398,38.538,3,1.928143,0.9864865,0.0005875441,8.306441,1.408286,5.898263,13l,X093020_038_3
046,X093020,-10.6875,17.70774,19.16726,38.268,2,0.629836,0.9650411,0.005875441,15.23953,2.495448,6.106932,12o,X093020_046_2
046,X093020,-10.6875,17.70774,19.16726,38.268,3,0.7691479,0.9650411,0.01351351,10.19671,2.034168,5.012715,12o,X093020_046_3
054,X093020,-13,5.46928,25.59284,34.428,3,1.13001,0.9997062,0.009400705,13.12043,1.822945,7.197384,24c,X093020_054_3
055,X093020,-11.1875,19.14016,17.51956,37.738,3,0.6493675,0.9976498,0.01175088,16.10806,1.56935,10.26416,12l,X093020_055_3
056,X093020,-10.375,17.5689,19.75617,36.913,3,3.763402,0.9744418,0.04083431,7.8778,1.698593,4.637838,45,X093020_056_3
056,X093020,-10.375,17.5689,19.75617,36.913,4,0.1279517,0.9876616,0.01880141,13.8964,1.416881,9.807742,45,X093020_056_4
059,X093020,-11.625,13.35071,22.66719,35.603,1,4.636287,0.9688601,0.03701528,6.810571,1.520742,4.478453,46v,X093020_059_1
059,X093020,-11.625,13.35071,22.66719,35.603,2,0.2458355,0.9926557,0.002056404,12.49489,1.551661,8.052586,46v,X093020_059_2
063,X093020,-13.75,7.9839,24.55175,33.813,3,3.307395,0.9653349,0.09371328,7.768553,1.628153,4.771391,8B,X093020_063_3
064,X093020,-12.5,6.32156,26.08832,33.228,3,0.7069137,0.9867803,0.009400705,10.41829,1.915446,5.439092,8B,X093020_064_3
066,X093020,-10.625,19.50851,17.81105,36.158,3,1.7854,0.9976498,0.0008813161,18.12385,2.037693,8.894299,12l,X093020_066_3
066,X093020,-10.625,19.50851,17.81105,36.158,4,0.1936971,0.9976498,0.004700352,20.86668,2.432783,8.577289,12l,X093020_066_4
067,X093020,-11.125,17.89985,18.98635,35.538,3,3.892526,0.9682726,0.06081081,8.28915,1.588668,5.217671,45,X093020_067_3
070,X093020,-12.375,13.67673,22.03759,34.173,6,0.758252,0.9371328,0.01586369,8.981749,1.32737,6.766576,46v,X093020_070_6
074,X093020,-13.875,8.2175,24.4195,32.388,3,0.9547718,0.9803173,0.01380729,8.619861,1.585889,5.435349,8B,X093020_074_3
077,X093020,-11.625,19.74912,16.49804,35.268,2,7.93294,0.9817861,0.009400705,5.694915,1.256334,4.532963,12l,X093020_077_2
078,X093020,-9.75,18.54634,19.69128,34.498,3,0.9905484,0.9920682,0.06962397,12.29811,1.524332,8.067865,45,X093020_078_3
084,X093020,-13.875,8.69436,23.76684,30.868,2,10.06225,0.9900118,0.002350176,10.05508,1.752418,5.737832,8B,X093020_084_2
085,X093020,-14.75,7.63739,23.39285,30.928,3,3.28586,0.9891304,0.00146886,11.82044,1.562413,7.565505,8B,X093020_085_3
085,X093020,-14.75,7.63739,23.39285,30.928,4,0.1536191,0.9891304,0.004700352,11.78374,1.575178,7.480898,8B,X093020_085_4
086,X093020,-12.75,6.28576,25.99496,30.278,3,2.27899,0.9856052,0.03172738,9.0163,1.761305,5.119102,8B,X093020_086_3
088,X093020,-12.25,3.27239,27.01612,29.643,3,0.6007805,0.9941245,0.01762632,10.43384,1.637144,6.373198,24c,X093020_088_3
091,X093020,-10.5,16.68616,20.92979,32.323,4,2.238696,0.9988249,0.000293772,19.69292,1.794792,10.97226,45,X093020_091_4
091,X093020,-10.5,16.68616,20.92979,32.323,5,0.1293975,0.9976498,0.002350176,14.77308,1.650586,8.950205,45,X093020_091_5
096,X093020,-14.125,8.7357,23.40368,29.768,2,15.51907,0.9635723,0.0008813161,11.94072,1.661569,7.186411,8B,X093020_096_2
096,X093020,-14.125,8.7357,23.40368,29.768,3,14.81913,0.9635723,0.03554641,7.879965,1.142361,6.897964,8B,X093020_096_3
101,X093020,-12.125,20.35198,16.12351,32.233,3,4.376725,0.9685664,0.02967098,7.833389,2.136769,3.665998,6VaVb,X093020_101_3
102,X093020,-12.25,17.96208,17.88664,31.468,3,1.165576,0.9900118,0.004406581,9.402978,1.54412,6.08954,6VaVb,X093020_102_3
103,X093020,-12.125,16.13218,19.55113,31.773,6,0.5439153,0.9917744,0.02027027,8.841722,1.894992,4.665836,45,X093020_103_6
109,X093020,-12.5,7.38006,25.25907,26.874,1,9.69662,1,0.001175088,17.68609,2.381036,7.427897,6DR,X093020_109_1
109,X093020,-12.5,7.38006,25.25907,26.874,2,8.805423,0.9118684,0.02497062,4.597662,0.6347549,7.243208,6DR,X093020_109_2
117,X093020,-12.5,13.85266,22.19054,25.072,1,1.834617,0.9753231,0.001175088,17.3817,1.75097,9.926895,6DC,X093020_117_1
117,X093020,-12.5,13.85266,22.19054,25.072,4,6.175539,0.9606345,0.03907168,7.269648,1.557194,4.668427,6DC,X093020_117_4
129,X093020,-11.75,12.65969,23.67049,23.123,3,3.749404,0.9914806,0.03055229,8.982661,1.638723,5.481502,6VaVb,X093020_129_3
131,X093020,-14,10.21317,22.53521,22.892,2,8.256787,0.9982374,0.07079906,8.500244,1.273165,6.676469,6DC,X093020_131_2
140,X093020,-10.5,12.86837,25.36583,21.465,3,2.790512,0.9864865,0.01145711,9.336976,1.64513,5.675526,6DC,X093020_140_3
140,X093020,-10.5,12.86837,25.36583,21.465,4,0.0939996,0.9911869,0.01057579,14.45236,1.698822,8.507282,6DC,X093020_140_4
144,X093020,-10.5,7.82197,27.82415,20.60569,3,34.99302,0.980611,0.0766745,5.96018,1.171452,5.087857,6DC,X093020_144_3
147,X093020,-10.125,3.72254,29.57447,22.204,5,14.52266,0.9938308,0.008813161,5.896547,1.157155,5.09573,6DC,X093020_147_5
003,X100120,-8.6875,12.21264,23.28667,43.945,2,4.915405,0.9826674,0.03407755,9.202377,1.613301,5.704068,11ml,X100120_003_2
003,X100120,-8.6875,12.21264,23.28667,43.945,3,2.471282,0.9826674,0.04964747,13.63707,2.268966,6.010258,11ml,X100120_003_3
004,X100120,-9.75,11.47972,23.21212,43.385,4,1.019821,0.9500588,0.01175088,10.17047,1.668418,6.095876,12r,X100120_004_4
006,X100120,-8.75,9.10026,25.54549,43.09,2,4.113511,0.9882491,0.00293772,11.70609,1.995833,5.865262,46d,X100120_006_2
011,X100120,-9.25,13.457,22.97895,42.35,3,0.6927789,1,0.004700352,20.67313,1.716821,12.04151,12r,X100120_011_3
011,X100120,-9.25,13.457,22.97895,42.35,6,3.059731,0.9908931,0.0546416,12.0057,1.903605,6.306824,12r,X100120_011_6
013,X100120,-10.4375,10.676,23.6165,42.125,4,2.834645,0.9950058,0.01821387,10.96447,1.29991,8.434788,46v,X100120_013_4
014,X100120,-11,9.212,23.7165,41.9,3,3.389937,0.9814923,0.02614571,8.973463,2.214693,4.051786,46v,X100120_014_3
014,X100120,-11,9.212,23.7165,41.9,4,0.4056662,0.983255,0.001175088,15.48373,1.814727,8.532263,46v,X100120_014_4
015,X100120,-10,7.86956,25.6065,41.32,3,2.500005,1,0.001175088,16.42267,3.038286,5.405242,46df,X100120_015_3
016,X100120,-10.25,6.35118,26.1986,40.85,2,6.387928,0.9914806,0.01116334,8.784551,1.446299,6.073813,24c,X100120_016_2
024,X100120,-10.375,7.065,26.32142,39.35,3,15.23927,0.9653349,0.007344301,8.943428,1.506886,5.935039,46df,X100120_024_3
029,X100120,-10,13.92588,23.02624,39.78,3,4.547866,0.9712104,0.1086956,6.760983,1.806517,3.742552,12m,X100120_029_3
029,X100120,-10,13.92588,23.02624,39.78,4,0.3611371,1,0.00293772,16.52736,1.737476,9.51228,12m,X100120_029_4
031,X100120,-12.6875,10.40389,22.53052,39.175,3,7.575381,0.9970623,0.01086957,9.267513,1.300883,7.124019,46v,X100120_031_3
038,X100120,-11.1875,14.39318,21.97398,38.538,2,0.0920089,0.9988249,0,18.63768,2.23287,8.346961,13l,X100120_038_2
040,X100120,-13.125,11.39965,22.09425,37.513,3,8.060333,0.9744418,0.05846063,7.862783,1.526201,5.151865,46v,X100120_040_3
047,X100120,-10.375,16.24349,21.55346,37.463,1,10.19838,0.9574031,0.03877791,4.683217,1.041644,4.495987,12o,X100120_047_1
047,X100120,-10.375,16.24349,21.55346,37.463,4,0.8002856,0.9958872,0.01703878,10.14221,1.401081,7.238846,12o,X100120_047_4
055,X100120,-11.1875,19.14016,17.51956,37.738,3,0.8931695,0.996181,0.03701528,14.98254,1.58337,9.462435,12l,X100120_055_3
056,X100120,-10.375,17.5689,19.75617,36.913,2,1.100439,0.9571093,0.05317274,9.472264,1.273793,7.436264,45,X100120_056_2
056,X100120,-10.375,17.5689,19.75617,36.913,3,2.069086,0.9571093,0.02438308,10.05231,1.468994,6.84299,45,X100120_056_3
058,X100120,-10.3125,14.8385,22.706,35.888,3,2.082954,0.9947121,0.06022327,9.545786,1.45549,6.558467,46v,X100120_058_3
063,X100120,-13.875,7.99948,24.3056,33.848,2,0.9015887,0.9673913,0.01233843,11.3899,1.420252,8.019629,8B,X100120_063_2
063,X100120,-13.875,7.99948,24.3056,33.848,3,0.5073513,0.9673913,0.0913631,8.288674,1.576253,5.258466,8B,X100120_063_3
066,X100120,-10.625,19.50851,17.81105,36.158,3,1.236367,0.9964747,0,16.90566,2.007853,8.419768,12l,X100120_066_3
066,X100120,-10.625,19.50851,17.81105,36.158,4,0.09612566,0.9964747,0.0005875441,18.76197,2.216722,8.463837,12l,X100120_066_4
067,X100120,-11.25,17.90452,18.78772,35.568,3,0.4084744,0.9994125,0.00293772,15.21214,1.940941,7.837507,45,X100120_067_3
070,X100120,-12.375,13.67673,22.03759,34.173,3,9.155452,0.9764982,0.03084606,5.740385,1.124124,5.106541,46v,X100120_070_3
074,X100120,-13.875,8.2175,24.4195,32.388,3,1.080754,0.9524089,0.02878966,9.442816,1.796094,5.257417,8B,X100120_074_3
077,X100120,-11.625,19.74912,16.49804,35.268,3,2.2681,0.9779671,0.01674501,9.934541,1.493102,6.653627,12l,X100120_077_3
077,X100120,-11.625,19.74912,16.49804,35.268,4,0.2291542,0.9829612,0.01145711,12.54115,2.183752,5.742938,12l,X100120_077_4
078,X100120,-10,18.55413,19.48096,34.533,3,4.695519,0.9982374,0.02085781,14.32265,1.40866,10.16757,45,X100120_078_3
083,X100120,-17.75,10.165,19.15688,31.868,2,8.861175,0.9826674,0.1054642,5.869027,1.526397,3.845021,pu,X100120_083_2
084,X100120,-13.875,8.69436,23.76684,30.868,2,1.168327,0.9759107,0.1139835,8.061384,1.685515,4.782742,8B,X100120_084_2
084,X100120,-13.875,8.69436,23.76684,30.868,4,2.941343,0.9759107,0.004700352,14.63255,2.192486,6.673956,8B,X100120_084_4
086,X100120,-12.75,6.28576,25.99496,30.278,3,3.315424,0.9982374,0.00293772,13.05575,1.387881,9.406965,8B,X100120_086_3
088,X100120,-12.625,3.2794,26.7022,29.688,3,2.284553,0.9958872,0.04847239,9.767844,1.455615,6.71046,24c,X100120_088_3
088,X100120,-12.625,3.2794,26.7022,29.688,4,0.4162112,0.9958872,0.001762632,17.48372,1.59394,10.96887,24c,X100120_088_4
091,X100120,-10.5,16.68616,20.92979,32.323,2,15.23025,0.9679788,0.03084606,5.015302,1.001857,5.006006,45,X100120_091_2
091,X100120,-10.5,16.68616,20.92979,32.323,5,1.795085,1,0.005875441,14.06455,1.291982,10.88603,45,X100120_091_5
092,X100120,-12.25,15.41598,20.87233,32.003,3,0.4960227,0.9985312,0.004406581,13.52414,1.506043,8.979912,45,X100120_092_3
102,X100120,-12.25,17.96208,17.88664,31.468,3,0.6155837,0.9753231,0.008225617,10.33857,1.767368,5.849701,6VaVb,X100120_102_3
102,X100120,-12.25,17.96208,17.88664,31.468,4,1.371554,0.9753231,0.02056404,6.991967,1.325249,5.275965,6VaVb,X100120_102_4
108,X100120,-13,8.4957,24.4187,27.809,3,1.622723,0.9914806,0.08254994,9.073385,1.333078,6.806342,6DC,X100120_108_3
108,X100120,-13,8.4957,24.4187,27.809,4,0.04244909,0.9976498,0.001175088,14.83815,1.719572,8.628974,6DC,X100120_108_4
116,X100120,-12.625,14.7514,21.4363,25.97,1,16.33626,0.9615158,0.08019976,8.058814,1.039536,7.752315,6DC,X100120_116_1
116,X100120,-12.625,14.7514,21.4363,25.97,2,7.63826,0.9438896,0.1145711,5.439143,1.001838,5.429166,6DC,X100120_116_2
119,X100120,-11.5,11.1,24.76668,24.484,5,2.238961,0.9521152,0.03584019,9.715919,1.213029,8.009635,6DC,X100120_119_5
119,X100120,-11.5,11.1,24.76668,24.484,7,0.8953055,0.9994125,0.001175088,11.31684,1.533237,7.381012,6DC,X100120_119_7
131,X100120,-14,10.21317,22.53521,22.892,2,12.42417,0.970329,0.1433607,5.710626,1.163023,4.910156,6DC,X100120_131_2
132,X100120,-12.75,8.6605,24.7144,22.557,3,6.000267,0.9950058,0.06991775,8.40309,1.178432,7.130742,6DC,X100120_132_3
140,X100120,-10.5,12.86837,25.36583,21.465,3,3.644562,0.9418331,0.006756757,8.773623,1.421059,6.174003,6DC,X100120_140_3
140,X100120,-10.5,12.86837,25.36583,21.465,4,6.142653,0.9418331,0.006756757,7.867258,1.260295,6.242393,6DC,X100120_140_4
140,X100120,-10.5,12.86837,25.36583,21.465,5,0.316249,0.9923619,0.001175088,19.01307,2.59815,7.317928,6DC,X100120_140_5
140,X100120,-10.5,12.86837,25.36583,21.465,6,0.799926,0.9985312,0.001175088,21.66156,2.504424,8.649318,6DC,X100120_140_6
003,X100220,-8.6875,12.21264,23.28667,43.945,5,1.75161,0.9324324,0.03584019,8.153296,1.323957,6.158281,11ml,X100220_003_5
003,X100220,-8.6875,12.21264,23.28667,43.945,6,2.757955,0.9917744,0.00293772,17.20924,1.901256,9.051507,11ml,X100220_003_6
006,X100220,-8.75,9.10026,25.54549,43.09,3,1.05396,0.9923619,0.007638073,14.00144,1.996898,7.011595,46d,X100220_006_3
011,X100220,-9.25,13.457,22.97895,42.35,7,5.438928,0.9923619,0.03378378,12.21517,1.972274,6.193444,12r,X100220_011_7
014,X100220,-11,9.212,23.7165,41.9,5,1.658755,0.993537,0.005581669,12.25887,2.572559,4.765243,46v,X100220_014_5
016,X100220,-10.25,6.35118,26.1986,40.85,3,8.243045,0.9553466,0.05757932,7.209288,1.81896,3.963411,24c,X100220_016_3
022,X100220,-11.5625,10.05077,23.67502,40.38,2,0.538461,0.9982374,0.002350176,12.42763,1.833516,6.778034,46v,X100220_022_2
023,X100220,-10.375,8.59351,25.49966,39.825,3,1.518388,0.996181,0.01410106,15.04038,1.357607,11.07859,46df,X100220_023_3
029,X100220,-10,13.92588,23.02624,39.78,4,0.2505112,0.9994125,0.00146886,18.36895,2.357829,7.790618,12m,X100220_029_4
031,X100220,-12.6875,10.40389,22.53052,39.175,4,5.421676,0.9732667,0.06580494,6.635536,1.464335,4.531432,46v,X100220_031_4
037,X100220,-8.9375,15.92622,22.8338,38.708,5,1.634896,0.9988249,0.002350176,20.95014,2.393198,8.754036,12o,X100220_037_5
040,X100220,-13.25,11.39965,22.09425,37.513,4,1.054235,0.9982374,0.00293772,16.26672,2.111879,7.702489,46v,X100220_040_4
041,X100220,-13.75,9.91572,22.81644,37.088,3,0.461004,0.9938308,0.008519389,8.526358,1.660617,5.13445,46v,X100220_041_3
051,X100220,-13.375,10.04688,23.0382,35.568,4,3.220047,0.9923619,0.02320799,10.82596,1.586963,6.821811,46df,X100220_051_4
054,X100220,-13.5,5.48952,25.00706,34.498,2,0.1432726,0.9976498,0.00146886,5.615803,2.015659,2.786088,24c,X100220_054_2
058,X100220,-10.4375,14.8385,22.706,35.888,3,2.678981,0.9926557,0.0766745,10.01371,1.303567,7.681777,46v,X100220_058_3
059,X100220,-11.75,13.3585,22.4335,35.638,4,3.946384,0.9847239,0.0252644,8.616713,1.440819,5.980425,46v,X100220_059_4
066,X100220,-10.625,19.50851,17.81105,36.158,5,0.1484745,0.9923619,0.004112808,16.57973,2.217177,7.477854,12l,X100220_066_5
066,X100220,-10.625,19.50851,17.81105,36.158,6,1.129382,0.9923619,0.000293772,17.84999,2.243915,7.954843,12l,X100220_066_6
067,X100220,-11.25,17.90452,18.78772,35.568,3,0.4684522,0.991384,0.004994125,10.47426,1.449616,7.225541,45,X100220_067_3
070,X100220,-12.375,13.67673,22.03759,34.173,1,8.926458,0.974148,0.07638073,7.139785,1.474854,4.841012,46v,X100220_070_1
070,X100220,-12.375,13.67673,22.03759,34.173,3,0.4319347,0.9947121,0.01586369,14.65455,1.457399,10.05527,46v,X100220_070_3
077,X100220,-11.625,19.74912,16.49804,35.268,7,5.35156,0.9644536,0.04171563,8.626565,1.851812,4.658446,12l,X100220_077_7
078,X100220,-10,18.55413,19.48096,34.533,2,15.50592,0.9835488,0.009400705,9.08071,1.489025,6.098428,45,X100220_078_2
078,X100220,-10,18.55413,19.48096,34.533,4,3.805247,0.9938308,0.03907168,9.173715,1.36799,6.70598,45,X100220_078_4
084,X100220,-13.875,8.69436,23.76684,30.868,3,2.566942,0.989718,0.01645123,11.80664,1.488183,7.933593,8B,X100220_084_3
086,X100220,-12.75,6.28576,25.99496,30.278,4,0.6913598,0.993537,0.02643948,11.35269,1.349362,8.413381,8B,X100220_086_4
087,X100220,-12.375,4.80576,26.6659,29.778,3,9.192841,0.9726792,0.1753819,6.781878,1.22856,5.520185,24c,X100220_087_3
088,X100220,-12.625,3.2794,26.7022,29.688,2,7.651179,0.9814923,0.01380729,6.023915,1.079222,5.581719,24c,X100220_088_2
092,X100220,-12.25,15.41598,20.87233,32.003,3,0.58747,0.9955934,0.05434782,10.1586,1.417769,7.165199,45,X100220_092_3
096,X100220,-14.375,8.7318,23.10612,29.808,2,24.31089,0.9841363,0.06551117,7.46728,1.100138,6.787584,8B,X100220_096_2
102,X100220,-12.25,17.96208,17.88664,31.468,3,0.4085751,0.9920682,0.02115159,9.296239,1.639567,5.669937,6VaVb,X100220_102_3
104,X100220,-11.625,14.73523,21.78815,30.738,2,3.537565,0.9764982,0.0346651,9.615398,1.446953,6.645275,45,X100220_104_2
106,X100220,-16.25,12.57437,18.97684,26.079,5,0.1455208,1,0.0005875441,18.05527,2.422373,7.453547,pu,X100220_106_5
107,X100220,-17.6875,11.1281,18.42476,25.79,1,8.001925,0.9712104,0.08343126,5.466679,1.433418,3.813736,pu,X100220_107_1
109,X100220,-12.5,7.38006,25.25907,26.874,3,0.9488407,0.9835488,0.01527615,10.84746,1.320511,8.214594,6DR,X100220_109_3
116,X100220,-12.75,14.7514,21.4363,25.97,1,25.3953,0.9697415,0.1595182,6.516818,1.226608,5.312878,6DC,X100220_116_1
119,X100220,-11.5,11.1,24.76668,24.484,4,0.1418091,0.9764982,0.01057579,10.53506,1.405874,7.493603,6DC,X100220_119_4
119,X100220,-11.5,11.1,24.76668,24.484,5,0.9670557,0.9764982,0.004700352,10.92071,1.566682,6.970602,6DC,X100220_119_5
119,X100220,-11.5,11.1,24.76668,24.484,6,0.05683685,0.9950058,0.002056404,16.11557,1.740499,9.259166,6DC,X100220_119_6
129,X100220,-12.125,12.65668,23.29028,23.133,3,1.711163,0.9882491,0.01321974,10.43486,1.468679,7.104925,6VaVb,X100220_129_3
140,X100220,-10.5,12.86837,25.36583,21.465,1,20.43035,0.9738543,0.008225617,7.919384,1.057782,7.486783,6DC,X100220_140_1
140,X100220,-10.5,12.86837,25.36583,21.465,6,7.400856,0.9776734,0.009694478,9.8637,1.459419,6.758647,6DC,X100220_140_6
140,X100220,-10.5,12.86837,25.36583,21.465,7,3.792835,0.9738543,0.005875441,11.93373,1.486431,8.028442,6DC,X100220_140_7
003,X100520,-8.6875,12.21264,23.28667,43.945,2,5.293953,0.9488837,0.01733255,10.30943,1.133479,9.095386,11ml,X100520_003_2
004,X100520,-9.8125,11.47368,23.04228,43.4,4,0.5290316,0.9970623,0.0440658,10.32082,1.75743,5.872677,12r,X100520_004_4
006,X100520,-8.75,9.10026,25.54549,43.09,2,0.8092486,0.9958872,0.002643948,12.86315,1.784789,7.207098,46d,X100520_006_2
011,X100520,-9.25,13.457,22.97895,42.35,3,1.756997,0.9856052,0.02467685,7.96968,1.094113,7.284149,12r,X100520_011_3
012,X100520,-9.3125,12.56,23.88572,42.08,2,3.644953,0.9982374,0.00293772,18.01335,1.563416,11.52179,46v,X100520_012_2
012,X100520,-9.3125,12.56,23.88572,42.08,6,0.6825775,0.9336075,0.01792009,12.54828,1.791861,7.002929,46v,X100520_012_6
012,X100520,-9.3125,12.56,23.88572,42.08,7,1.698169,0.9738543,0.006169213,8.099478,1.219577,6.641218,46v,X100520_012_7
012,X100520,-9.3125,12.56,23.88572,42.08,8,1.329424,0.9480023,0.00293772,9.33667,1.301989,7.171083,46v,X100520_012_8
013,X100520,-10.5,10.676,23.6165,42.125,4,0.7792252,0.9976498,0.02056404,12.91231,1.270028,10.16695,46v,X100520_013_4
014,X100520,-11,9.212,23.7165,41.9,3,0.1720932,0.9947121,0,12.92772,1.664785,7.765395,46v,X100520_014_3
014,X100520,-11,9.212,23.7165,41.9,5,0.2048759,0.9947121,0,19.21396,1.868338,10.28399,46v,X100520_014_5
015,X100520,-10,7.86956,25.6065,41.32,3,1.261724,0.9979767,0.01292597,10.5272,1.349974,7.798079,46df,X100520_015_3
016,X100520,-10.25,6.35118,26.1986,40.85,4,5.321155,1,0,16.72422,2.072417,8.069908,24c,X100520_016_4
022,X100520,-11.5625,10.05077,23.67502,40.38,3,0.4962309,0.9982374,0,15.33414,1.761782,8.703766,46v,X100520_022_3
023,X100520,-10.375,8.59351,25.49966,39.825,3,15.73523,0.9541715,0.04377203,6.886152,1.484355,4.639155,46df,X100520_023_3
023,X100520,-10.375,8.59351,25.49966,39.825,4,0.5253213,0.9809048,0.007050529,12.25332,1.679645,7.295182,46df,X100520_023_4
023,X100520,-10.375,8.59351,25.49966,39.825,6,1.530013,0.9809048,0.001175088,16.68423,1.536458,10.85889,46df,X100520_023_6
024,X100520,-10.5,7.067,26.13065,39.375,4,3.556227,0.9861927,0.04670975,8.897548,1.604681,5.544744,46df,X100520_024_4
032,X100520,-13.25,8.965,23.1022,38.75,3,1.537726,0.9300823,0.039953,8.738303,1.296171,6.741628,46v,X100520_032_3
033,X100520,-14.125,7.487,22.88575,38.45,3,5.376493,0.9756169,0.07168037,7.396004,1.62803,4.542915,46d,X100520_033_3
037,X100520,-8.9375,15.92622,22.8338,38.708,3,1.346851,0.9908931,0.03113984,8.551375,1.572968,5.43646,12o,X100520_037_3
038,X100520,-11.1875,14.39318,21.97398,38.538,1,4.749619,0.9911869,0.01028202,10.83546,1.30554,8.299606,13l,X100520_038_1
041,X100520,-13.75,9.91572,22.81644,37.088,4,2.307861,0.9747356,0.007344301,8.268837,1.499395,5.514784,46v,X100520_041_4
042,X100520,-13.5,8.28295,23.99124,36.598,4,0.307843,0.9976498,0.004700352,12.07157,1.404043,8.597722,46df,X100520_042_4
050,X100520,-13.5625,11.46515,21.76875,36.063,3,0.5306825,0.9970623,0.01116334,14.28459,1.908506,7.484697,46v,X100520_050_3
059,X100520,-11.75,13.3585,22.4335,35.638,3,1.195555,0.9982374,0.002056404,12.90189,1.824116,7.072957,46v,X100520_059_3
064,X100520,-12.75,6.32156,26.08832,33.228,4,0.3601747,1,0.001175088,16.12971,1.662162,9.704049,8B,X100520_064_4
066,X100520,-10.625,19.50851,17.81105,36.158,2,2.00184,0.9991187,0,18.4515,2.006415,9.196249,12l,X100520_066_2
070,X100520,-12.375,13.67673,22.03759,34.173,4,18.4394,0.9506463,0.2003525,5.7942,1.909275,3.034764,46v,X100520_070_4
074,X100520,-14,8.23307,24.14609,32.428,1,1.667012,0.9873678,0.001175088,9.537388,1.555121,6.132891,8B,X100520_074_1
075,X100520,-13.125,6.6062,25.58191,31.848,1,8.369813,0.9926557,0.0293772,8.964131,1.283648,6.983323,8B,X100520_075_1
077,X100520,-11.625,19.74912,16.49804,35.268,4,3.688009,0.9723854,0.05846063,8.038254,2.108491,3.812325,12l,X100520_077_4
077,X100520,-11.625,19.74912,16.49804,35.268,5,0.9944677,0.9973561,0.002350176,15.77654,2.714014,5.812993,12l,X100520_077_5
080,X100520,-12.375,15.31536,20.5574,33.208,2,1.041616,0.9938308,0.004994125,4.738565,1.019297,4.648858,45,X100520_080_2
080,X100520,-12.375,15.31536,20.5574,33.208,4,0.932263,0.9970623,0.01380729,11.35481,1.708039,6.647866,45,X100520_080_4
096,X100520,-14.375,8.7318,23.10612,29.808,3,6.392008,0.9556404,0.01292597,6.309072,1.488531,4.238456,8B,X100520_096_3
104,X100520,-11.625,14.73523,21.78815,30.738,5,1.008494,0.9888366,0.02555817,8.014419,1.480243,5.414259,45,X100520_104_5
104,X100520,-11.625,14.73523,21.78815,30.738,6,0.1175323,0.9888366,0.00293772,14.49673,1.582058,9.163212,45,X100520_104_6
106,X100520,-16.25,12.57437,18.97684,26.079,3,0.4130143,1,0.00146886,19.89941,2.792483,7.126063,pu,X100520_106_3
118,X100520,-13,12.5555,22.0657,25.037,3,3.268978,0.9418331,0.09312573,6.700134,1.219552,5.493931,6DC,X100520_118_3
118,X100520,-13,12.5555,22.0657,25.037,4,2.099891,0.9418331,0.02467685,9.281843,1.312916,7.069638,6DC,X100520_118_4
119,X100520,-11.5,11.1,24.76668,24.484,2,4.030032,0.9967685,0.003231492,15.64709,1.533031,10.20664,6DC,X100520_119_2
119,X100520,-11.5,11.1,24.76668,24.484,4,1.079828,0.979436,0.001175088,11.87227,1.456027,8.153881,6DC,X100520_119_4
129,X100520,-12.125,12.65668,23.29028,23.133,3,1.743585,0.9397767,0.001762632,15.04542,1.741306,8.640307,6VaVb,X100520_129_3
130,X100520,-13.375,11.289,22.76934,22.898,3,20.11443,0.9480023,0.157168,5.680852,1.118306,5.079874,6DC,X100520_130_3
130,X100520,-13.375,11.289,22.76934,22.898,4,1.684242,0.9985312,0.009988249,10.93371,1.54836,7.061477,6DC,X100520_130_4
134,X100520,-14.5,6.5834,24.02116,21.831,3,9.965303,0.9956098,0.1110458,7.794003,1.112543,7.005574,cd,X100520_134_3
140,X100520,-10.5,12.86837,25.36583,21.465,1,23.0365,0.9920682,0.01175088,9.318019,1.160512,8.029228,6DC,X100520_140_1
140,X100520,-10.5,12.86837,25.36583,21.465,4,4.615369,0.9926557,0.0220329,9.308754,1.289279,7.220127,6DC,X100520_140_4
140,X100520,-10.5,12.86837,25.36583,21.465,5,4.362474,0.9920682,0.01439483,15.34082,1.679997,9.131454,6DC,X100520_140_5
147,X100520,-10.375,3.73592,29.27206,22.249,5,1.528109,1,0,9.348106,1.780865,5.249194,6DC,X100520_147_5
003,X100620,-8.75,12.20488,23.14614,43.96,2,9.054378,0.9521152,0.0546416,7.735438,1.928675,4.010752,11ml,X100620_003_2
003,X100620,-8.75,12.20488,23.14614,43.96,3,1.022821,0.9785547,0.01028202,11.66175,2.293583,5.084511,11ml,X100620_003_3
004,X100620,-9.875,11.47368,23.04228,43.4,3,8.559509,0.9770858,0.08490012,7.407767,1.542265,4.803174,12r,X100620_004_3
006,X100620,-8.8125,9.10026,25.54549,43.09,3,1.190452,0.9985312,0.0005875441,14.17452,1.91456,7.40354,46d,X100620_006_3
007,X100620,-9.875,7.61919,25.23158,42.71,2,2.250636,0.9938308,0.0005875441,15.75666,1.418346,11.10918,46d,X100620_007_2
007,X100620,-9.875,7.61919,25.23158,42.71,4,4.631529,0.9694477,0.00293772,8.015669,1.733437,4.624148,46d,X100620_007_4
007,X100620,-9.875,7.61919,25.23158,42.71,5,1.168064,0.9077556,0.00146886,21.85044,1.933218,11.30263,46d,X100620_007_5
011,X100620,-9.25,13.457,22.97895,42.35,3,11.25878,0.9926557,0.0440658,9.210853,1.908668,4.825802,12r,X100620_011_3
012,X100620,-9.3125,12.56,23.88572,42.08,4,0.4400874,0.9982374,0.03936545,13.43075,1.469375,9.140449,46v,X100620_012_4
013,X100620,-10.5625,10.674,23.47776,42.14,3,25.22641,0.9300823,0.03202115,6.378422,1.455811,4.381352,46v,X100620_013_3
014,X100620,-11.0625,9.212,23.7165,41.9,5,3.06672,0.9820799,0.02849589,8.738429,2.030247,4.304121,46v,X100620_014_5
016,X100620,-10.25,6.35118,26.1986,40.85,5,0.6983746,0.9973561,0.006756757,13.28783,2.296889,5.785141,24c,X100620_016_5
021,X100620,-12.1875,11.58743,22.01161,40.92,2,0.6211565,0.9820799,0.1139835,9.199624,1.33558,6.888112,11ml,X100620_021_2
023,X100620,-10.375,8.59351,25.49966,39.825,4,3.12037,0.9900118,0.007344301,12.2237,1.734379,7.047882,46df,X100620_023_4
024,X100620,-10.625,7.067,26.13065,39.375,3,0.7331015,0.9823737,0,12.29964,1.454088,8.458664,46df,X100620_024_3
024,X100620,-10.625,7.067,26.13065,39.375,5,0.4088403,0.9482961,0.004112808,14.78611,1.839079,8.039958,46df,X100620_024_5
024,X100620,-10.625,7.067,26.13065,39.375,9,0.1873707,0.9958872,0.007050529,21.81052,2.74658,7.940975,46df,X100620_024_9
024,X100620,-10.625,7.067,26.13065,39.375,10,0.9771069,0.9888366,0.02350176,8.234419,1.593849,5.166373,46df,X100620_024_10
030,X100620,-12.25,11.94526,21.9955,39.56,2,1.292589,0.9861927,0.02056404,11.53845,1.558706,7.402583,13l,X100620_030_2
037,X100620,-9.0625,15.93089,22.7006,38.728,2,2.947719,0.9982374,0.004406581,13.25667,1.360572,9.743456,12o,X100620_037_2
038,X100620,-11.1875,14.39318,21.97398,38.538,3,1.540518,0.9926557,0.008813161,12.61755,1.531873,8.23668,13l,X100620_038_3
040,X100620,-13.375,11.40666,21.8925,37.538,3,0.2085567,0.989718,0.01439483,8.627829,1.477745,5.83851,46v,X100620_040_3
041,X100620,-13.75,9.91572,22.81644,37.088,4,0.6269325,0.9967685,0.002056404,12.55324,1.947079,6.447218,46v,X100620_041_4
042,X100620,-13.5,8.28295,23.99124,36.598,5,0.4194217,0.9979436,0.007344301,12.06098,1.53294,7.867873,46df,X100620_042_5
047,X100620,-10.6875,16.25595,21.2263,37.513,3,7.257639,0.980611,0.1383666,7.966185,1.409563,5.651527,12o,X100620_047_3
056,X100620,-10.5,17.5689,19.75617,36.913,3,4.127797,0.9820799,0.01380729,9.719399,2.571392,3.779821,45,X100620_056_3
064,X100620,-12.75,6.32156,26.08832,33.228,6,0.212163,0.9991187,0.00146886,15.8336,1.642612,9.639286,8B,X100620_064_6
067,X100620,-11.375,17.90919,18.58909,35.598,3,3.909852,0.989718,0.06345476,9.827154,1.605124,6.122365,45,X100620_067_3
074,X100620,-14,8.23307,24.14609,32.428,3,6.897125,0.9559342,0.07344301,7.288332,1.515569,4.808974,8B,X100620_074_3
074,X100620,-14,8.23307,24.14609,32.428,4,2.317564,0.9841363,0.01145711,7.124666,1.332642,5.346271,8B,X100620_074_4
075,X100620,-13.125,6.6062,25.58191,31.848,2,9.081498,0.9903055,0.01645123,10.97616,1.268217,8.654795,8B,X100620_075_2
077,X100620,-11.625,19.74912,16.49804,35.268,4,1.260184,0.9985312,0.003819037,14.4081,2.609065,5.522326,12l,X100620_077_4
078,X100620,-10.125,18.55413,19.48096,34.533,1,22.17513,0.9306698,0.08754407,5.848416,1.560342,3.748163,45,X100620_078_1
079,X100620,-11.375,16.85104,20.09636,33.568,3,9.290412,0.9635723,0.008519389,7.874665,1.394058,5.648734,45,X100620_079_3
080,X100620,-12.375,15.31536,20.5574,33.208,3,0.3569817,0.9929495,0.00293772,12.96335,1.919728,6.752702,45,X100620_080_3
084,X100620,-14.125,8.6928,23.4537,30.913,1,30.41446,0.9914806,0.07285547,5.524191,0.7888966,7.002428,8B,X100620_084_1
084,X100620,-14.125,8.6928,23.4537,30.913,3,16.10715,0.9914806,0.01233843,11.55765,1.209729,9.553917,8B,X100620_084_3
084,X100620,-14.125,8.6928,23.4537,30.913,4,16.2646,0.9438896,0.01028202,4.973837,0.8795732,5.65483,8B,X100620_084_4
085,X100620,-15,7.64128,23.1062,30.968,1,14.131,0.9952996,0.0005875441,12.93428,1.652793,7.825714,8B,X100620_085_1
085,X100620,-15,7.64128,23.1062,30.968,4,1.959243,0.9782609,0.01909518,9.805272,1.383835,7.085577,8B,X100620_085_4
085,X100620,-15,7.64128,23.1062,30.968,5,3.8884,0.9782609,0.05640423,7.623081,1.440744,5.291072,8B,X100620_085_5
086,X100620,-13,6.29354,25.69584,30.323,3,23.20761,0.9286134,0.04024677,6.045497,1.079273,5.601453,8B,X100620_086_3
091,X100620,-10.625,16.68616,20.92979,32.323,3,3.116906,0.9970623,0.002643948,13.7636,1.355476,10.15407,45,X100620_091_3
092,X100620,-12.375,15.41598,20.87233,32.003,6,3.76564,0.9994125,0.03143361,7.269702,1.867137,3.893502,45,X100620_092_6
092,X100620,-12.375,15.41598,20.87233,32.003,7,0.493629,0.9994125,0,18.71045,2.224895,8.409588,45,X100620_092_7
097,X100620,-15.25,7.71334,22.90738,29.508,2,3.708189,0.9803173,0.01380729,11.87444,2.056917,5.772931,8B,X100620_097_2
100,X100620,-12.25,3.20392,27.21504,28.028,4,10.04722,0.9738543,0.05346651,8.930111,1.14001,7.833364,24c,X100620_100_4
104,X100620,-11.625,14.73523,21.78815,30.738,3,0.1920172,0.9988249,0.008225617,14.79477,1.917759,7.714614,45,X100620_104_3
117,X100620,-15,13.83159,19.64471,25.142,3,3.981758,0.9764982,0.02438308,10.75888,1.637851,6.568901,pu,X100620_117_3
119,X100620,-11.5,11.1,24.76668,24.484,3,1.074692,0.9336075,0.04612221,9.323356,1.467586,6.352852,6DC,X100620_119_3
119,X100620,-11.5,11.1,24.76668,24.484,5,1.632652,0.9738543,0.07608695,8.618119,1.522914,5.658966,6DC,X100620_119_5
130,X100620,-13.5,11.286,22.41016,22.908,3,6.272346,0.9885429,0.1066393,6.267727,1.558619,4.021333,6DC,X100620_130_3
132,X100620,-13.375,8.6712,23.87676,22.597,3,1.97305,0.996181,0.1888954,10.54705,1.955802,5.392699,6DC,X100620_132_3
134,X100620,-14.625,6.5834,24.02116,21.831,3,1.948061,0.9668038,0.008813161,6.210652,2.211732,2.808049,cd,X100620_134_3
135,X100620,-13.25,4.27785,25.7709,24.233,1,0.04049142,0.9994125,0.05581669,10.3731,5.460629,1.899616,24c,X100620_135_1
147,X100620,-10.375,3.73592,29.27206,22.249,2,2.347964,0.9994125,0,10.3924,1.915797,5.424585,6DC,X100620_147_2
003,X100720,-8.75,12.20488,23.14614,43.96,5,0.2098131,0.9979436,0.001175088,28.35132,2.448021,11.58132,11ml,X100720_003_5
003,X100720,-8.75,12.20488,23.14614,43.96,6,0.6781749,0.9926557,0.00146886,11.77956,1.677884,7.020484,11ml,X100720_003_6
004,X100720,-9.9375,11.47368,23.04228,43.4,3,0.1448243,0.9997062,0.0146886,13.59301,1.611963,8.432585,12r,X100720_004_3
006,X100720,-8.84375,9.10026,25.54549,43.09,3,0.9044861,0.9300823,0.00146886,14.27179,1.849455,7.716756,46d,X100720_006_3
007,X100720,-9.90625,7.61919,25.23158,42.71,4,0.9544841,0.9453584,0.002643948,12.85249,1.760851,7.29902,46d,X100720_007_4
007,X100720,-9.90625,7.61919,25.23158,42.71,5,1.848178,0.9453584,0.01175088,10.41759,1.762933,5.909241,46d,X100720_007_5
012,X100720,-9.34375,12.56,23.88572,42.08,2,0.4503099,0.9985312,0.002643948,12.43299,1.794654,6.927791,46v,X100720_012_2
013,X100720,-10.5625,10.674,23.47776,42.14,5,21.46601,0.9853114,0.02115159,7.627416,1.761869,4.329163,46v,X100720_013_5
023,X100720,-10.375,8.59351,25.49966,39.825,5,3.285806,0.9894242,0.001762632,12.37839,1.684491,7.348444,46df,X100720_023_5
024,X100720,-10.625,7.067,26.13065,39.375,4,0.5916004,0.9811986,0.002350176,17.99817,1.827971,9.84598,46df,X100720_024_4
024,X100720,-10.625,7.067,26.13065,39.375,5,0.7530489,0.9811986,0.002056404,12.18267,1.443989,8.436814,46df,X100720_024_5
024,X100720,-10.625,7.067,26.13065,39.375,6,0.2768028,0.9529965,0.004112808,11.93257,1.390004,8.584557,46df,X100720_024_6
024,X100720,-10.625,7.067,26.13065,39.375,7,1.020419,0.9529965,0.004994125,11.14224,1.478565,7.535851,46df,X100720_024_7
032,X100720,-13.4375,8.967,22.91476,38.775,2,6.790985,0.9700353,0.06081081,9.693246,1.800115,5.384793,46v,X100720_032_2
039,X100720,-12.875,12.87734,21.2897,37.938,2,2.563422,0.9970623,0.04171563,10.03717,1.263053,7.946754,13l,X100720_039_2
041,X100720,-13.75,9.91572,22.81644,37.088,3,0.1232845,0.9964747,0.003231492,14.18521,2.905749,4.881776,46v,X100720_041_3
042,X100720,-13.5625,8.2923,23.75756,36.628,3,0.8695711,0.989718,0.03525265,10.03325,1.67681,5.983532,46df,X100720_042_3
046,X100720,-10.71875,17.70774,19.16726,38.268,3,8.288876,0.9662162,0.01204465,8.510411,1.556908,5.466226,12o,X100720_046_3
049,X100720,-13.53125,14.196,20.525,37.263,3,22.66347,0.9277321,0.1078143,5.887592,1.043042,5.644636,46v,X100720_049_3
056,X100720,-10.5,17.5689,19.75617,36.913,4,0.2527921,1,0.006756757,14.50467,1.493178,9.713956,45,X100720_056_4
062,X100720,-18.5,9.7654,19.07914,34.943,5,14.02201,0.9785547,0.05376028,6.219034,1.538502,4.042266,AI,X100720_062_5
064,X100720,-12.8125,6.33792,25.81724,33.268,2,10.7394,0.9797297,0.06756756,7.555628,1.475555,5.120534,8B,X100720_064_2
066,X100720,-10.75,19.5124,17.635,36.188,2,0.65905,0.9947075,0.003525264,13.75527,1.782713,7.715917,12l,X100720_066_2
075,X100720,-13.125,6.6062,25.58191,31.848,3,6.798228,0.9712104,0.0472973,8.583683,1.306855,6.568197,8B,X100720_075_3
077,X100720,-11.625,19.74912,16.49804,35.268,4,1.764163,0.9891304,0.004700352,11.97886,1.782086,6.721818,12l,X100720_077_4
078,X100720,-10.1875,18.56192,19.27064,34.568,3,15.06888,0.9477086,0.06551117,6.566528,1.504625,4.364229,45,X100720_078_3
079,X100720,-11.375,16.85104,20.09636,33.568,4,0.143143,0.9973561,0.003819037,11.41413,1.654214,6.900029,45,X100720_079_4
080,X100720,-12.75,15.32004,20.3206,33.243,5,0.8333846,0.9994125,0.00293772,15.37709,1.550683,9.916332,44,X100720_080_5
084,X100720,-14.125,8.6928,23.4537,30.913,1,5.021816,0.9421269,0.01057579,5.606031,0.6926987,8.09303,8B,X100720_084_1
084,X100720,-14.125,8.6928,23.4537,30.913,2,11.17371,0.983255,0.002350176,11.41055,1.378681,8.27642,8B,X100720_084_2
084,X100720,-14.125,8.6928,23.4537,30.913,9,13.07453,0.9779671,0.006462985,7.6248,0.9119086,8.361364,8B,X100720_084_9
084,X100720,-14.125,8.6928,23.4537,30.913,11,26.96013,1,0.05434782,6.188004,0.938169,6.595831,8B,X100720_084_11
085,X100720,-15,7.64128,23.1062,30.968,5,4.338629,0.9594595,0.05287896,6.247705,1.161057,5.381048,8B,X100720_085_5
085,X100720,-15,7.64128,23.1062,30.968,6,2.297956,0.9932432,0.005581669,12.6124,1.735528,7.267182,8B,X100720_085_6
085,X100720,-15,7.64128,23.1062,30.968,7,9.650311,0.9814923,0.007050529,8.971643,1.580126,5.677803,8B,X100720_085_7
086,X100720,-13.125,6.29354,25.69584,30.323,2,11.20247,0.989718,0.03407755,9.290128,1.096819,8.470062,8B,X100720_086_2
086,X100720,-13.125,6.29354,25.69584,30.323,4,2.19095,0.9982374,0.004406581,14.20686,1.722275,8.248892,8B,X100720_086_4
092,X100720,-12.375,15.41598,20.87233,32.003,3,1.495651,0.9920682,0.03084606,8.349556,1.569586,5.31959,45,X100720_092_3
095,X100720,-18.09375,9.81146,18.93246,30.498,5,6.327494,0.9797297,0.01703878,6.476517,1.197004,5.410608,pu,X100720_095_5
096,X100720,-14.5625,8.7318,23.10612,29.808,3,14.97547,0.9568155,0.1001763,6.357637,1.463524,4.344061,8B,X100720_096_3
096,X100720,-14.5625,8.7318,23.10612,29.808,6,10.49749,0.9888366,0.005287896,8.450879,1.319263,6.40576,8B,X100720_096_6
097,X100720,-15.3125,7.71334,22.90738,29.508,3,2.254711,0.993537,0.01057579,13.40474,2.1131,6.343637,8B,X100720_097_3
100,X100720,-12.3125,3.20392,27.21504,28.028,3,1.11937,1,0.002643948,15.94234,1.866869,8.539613,24c,X100720_100_3
101,X100720,-12.3125,20.35592,15.94604,32.268,3,1.449251,0.9920682,0.03349001,8.066153,2.025152,3.982986,6VaVb,X100720_101_3
104,X100720,-11.6875,14.73523,21.78815,30.738,3,0.2332823,0.9979436,0.007344301,12.35588,1.49803,8.248085,45,X100720_104_3
106,X100720,-16.4375,12.57437,18.97684,26.079,3,0.2017489,0.9759107,0.02350176,11.28176,1.48311,7.606828,pu,X100720_106_3
106,X100720,-16.4375,12.57437,18.97684,26.079,4,0.08976779,0.9759107,0.006169213,16.40373,1.800391,9.111204,pu,X100720_106_4
109,X100720,-12.625,7.38006,25.25907,26.874,4,2.609248,0.9864865,0.04670975,8.786944,1.609169,5.460546,6DR,X100720_109_4
114,X100720,-12.1875,19.34344,17.93008,31.362,2,4.947685,0.9529965,0.05082256,6.366868,1.455109,4.375525,6VaVb,X100720_114_2
114,X100720,-12.1875,19.34344,17.93008,31.362,4,0.254492,0.9748932,0.1410106,10.82516,1.35328,7.999204,6VaVb,X100720_114_4
135,X100720,-13.5,4.27785,25.7709,24.233,2,11.42115,0.9817861,0.109577,6.906425,1.402054,4.925933,24c,X100720_135_2
146,X100720,-12.65625,5.3417,26.1325,20.763,5,0.3685546,0.9988249,0.002643948,8.853497,1.571327,5.634406,24c,X100720_146_5
152,X100720,-16.375,11.2292,19.9104,19.597,2,40.61053,0.9861927,0.1169213,6.477913,1.265307,5.119637,pu,X100720_152_2
003,X100820,-8.75,12.20488,23.14614,43.96,4,0.7503664,0.9685664,0.009400705,10.80169,1.983803,5.444939,11ml,X100820_003_4
013,X100820,-10.59375,10.674,23.47776,42.14,5,6.973486,0.9488837,0.0326087,6.285795,1.325359,4.742713,46v,X100820_013_5
013,X100820,-10.59375,10.674,23.47776,42.14,6,4.122284,0.9576969,0.01498237,12.25948,1.504322,8.149503,46v,X100820_013_6
013,X100820,-10.59375,10.674,23.47776,42.14,7,2.320563,0.9688601,0.11604,8.920421,1.573972,5.667458,46v,X100820_013_7
014,X100820,-11.125,9.212,23.7165,41.9,3,0.7548332,0.9950058,0.001175088,10.77892,1.882656,5.725378,46v,X100820_014_3
015,X100820,-10.125,7.86822,25.45575,41.34,5,3.407274,0.9826674,0.02027027,8.442783,1.708268,4.942306,46df,X100820_015_5
016,X100820,-10.375,6.34985,26.0105,40.875,5,0.1177101,0.9891304,0.002643948,24.73776,2.286963,10.81686,24c,X100820_016_5
016,X100820,-10.375,6.34985,26.0105,40.875,6,0.5833104,0.9891304,0.0005875441,16.93051,1.743688,9.709598,24c,X100820_016_6
023,X100820,-10.4375,8.59351,25.49966,39.825,5,3.02958,0.980611,0.007931845,11.63115,2.002931,5.807065,46df,X100820_023_5
037,X100820,-9.125,15.93556,22.5674,38.748,2,2.288101,0.9944183,0.006169213,12.2646,1.550148,7.911891,12o,X100820_037_2
039,X100820,-12.875,12.87734,21.2897,37.938,3,4.146817,0.9926557,0.007050529,9.694853,1.582571,6.126014,13l,X100820_039_3
056,X100820,-10.5625,17.5728,19.58714,36.938,3,1.363358,0.9970623,0.009106933,11.89917,2.379414,5.000884,45,X100820_056_3
058,X100820,-12.25,14.89457,20.86226,36.158,2,19.49263,0.9568155,0.166275,6.826769,1.672868,4.080877,12o,X100820_058_2
059,X100820,-11.875,13.3585,22.4335,35.638,3,2.920665,0.9955934,0.00146886,12.14687,1.616056,7.516368,46v,X100820_059_3
064,X100820,-12.8125,6.33792,25.81724,33.268,5,0.1826449,0.9988249,0,15.39833,2.707921,5.686402,8B,X100820_064_5
066,X100820,-10.75,19.5124,17.635,36.188,3,0.9515575,0.9853114,0.003819037,12.93383,1.780334,7.264837,12l,X100820_066_3
067,X100820,-11.5,17.90919,18.58909,35.598,4,4.079593,0.9838426,0.02702703,8.314948,2.155746,3.85711,45,X100820_067_4
068,X100820,-14.125,16.77305,17.33912,35.458,5,1.04008,0.9994125,0.01439483,13.55729,2.510346,5.400565,12o,X100820_068_5
075,X100820,-13.1875,6.6062,25.58191,31.848,3,7.307389,0.9726792,0.05522914,8.10827,1.343193,6.036562,8B,X100820_075_3
077,X100820,-11.6875,19.74912,16.49804,35.268,4,3.72714,0.9920682,0.003231492,14.3272,2.1691,6.605137,12l,X100820_077_4
080,X100820,-12.875,15.32472,20.0838,33.278,3,1.539755,0.9503525,0.05816686,10.85805,1.470974,7.381536,44,X100820_080_3
080,X100820,-12.875,15.32472,20.0838,33.278,5,0.2511781,0.9503525,0.002643948,11.76866,1.3688,8.597794,44,X100820_080_5
084,X100820,-14.1875,8.6928,23.4537,30.913,1,12.65398,0.9967685,0.002350176,11.83574,1.280273,9.244702,8B,X100820_084_1
084,X100820,-14.1875,8.6928,23.4537,30.913,2,27.13029,0.9950058,0.1037015,5.561337,0.8935063,6.224172,8B,X100820_084_2
084,X100820,-14.1875,8.6928,23.4537,30.913,5,13.43869,0.8983549,0.02320799,5.548797,1.042204,5.324096,8B,X100820_084_5
084,X100820,-14.1875,8.6928,23.4537,30.913,6,11.12615,0.8983549,0.0346651,4.908271,0.8461962,5.800394,8B,X100820_084_6
086,X100820,-13.125,6.29354,25.69584,30.323,2,14.98084,0.9817861,0.1439483,7.439334,1.384004,5.375225,8B,X100820_086_2
086,X100820,-13.125,6.29354,25.69584,30.323,4,1.130386,0.9988249,0.003525264,13.96362,1.659431,8.414706,8B,X100820_086_4
091,X100820,-10.75,16.68928,20.68832,32.368,4,8.270832,0.9973561,0.00146886,10.70919,1.426441,7.507631,45,X100820_091_4
092,X100820,-12.375,15.41598,20.87233,32.003,2,1.490007,0.9515276,0.04817861,7.90647,1.728271,4.574785,45,X100820_092_2
092,X100820,-12.375,15.41598,20.87233,32.003,3,1.018561,0.9515276,0.02232667,7.862311,1.252292,6.278338,45,X100820_092_3
093,X100820,-13.75,13.91336,20.85137,31.773,3,2.742114,0.9982374,0.02144536,8.147593,1.643104,4.95866,45,X100820_093_3
096,X100820,-14.625,8.7279,22.80856,29.848,2,10.51817,0.9764982,0.05141011,6.75473,1.834291,3.682475,8B,X100820_096_2
097,X100820,-15.3125,7.71334,22.90738,29.508,3,3.544057,0.9779671,0.02379553,11.2036,1.898708,5.900645,8B,X100820_097_3
100,X100820,-12.3125,3.20392,27.21504,28.028,3,9.634542,0.9688601,0.04641598,8.12634,1.226086,6.62787,24c,X100820_100_3
102,X100820,-12.5625,17.95912,17.65396,31.508,5,1.437184,0.979436,0.06081081,8.1803,1.703805,4.801195,6VaVb,X100820_102_5
102,X100820,-12.5625,17.95912,17.65396,31.508,6,0.2013445,0.979436,0.003819037,13.43237,2.049976,6.552451,6VaVb,X100820_102_6
104,X100820,-11.6875,14.73523,21.78815,30.738,5,0.1463679,0.9976498,0.01938896,12.55332,1.854855,6.767817,45,X100820_104_5
109,X100820,-12.625,7.38006,25.25907,26.874,5,4.015332,0.9574031,0.0660987,7.219394,1.862012,3.877201,6DR,X100820_109_5
109,X100820,-12.625,7.38006,25.25907,26.874,6,0.486468,1,0.001175088,24.32808,2.037958,11.93748,6DR,X100820_109_6
111,X100820,-13.375,5.66316,25.77364,26.872,3,4.452874,0.9826674,0.039953,6.703085,1.289225,5.199314,6DR,X100820_111_3
114,X100820,-12.3125,19.35268,17.72001,31.412,2,3.606343,0.9976498,0.01762632,13.56147,1.890764,7.172482,6VaVb,X100820_114_2
117,X100820,-15.03125,13.83159,19.64471,25.142,5,3.683453,0.985899,0.0273208,11.06955,1.488874,7.434846,pu,X100820_117_5
121,X100820,-14.40625,8.54734,23.15214,24.135,2,6.740731,0.9820799,0.07197415,7.220709,1.164337,6.201561,cd,X100820_121_2
131,X100820,-15.125,10.2144,21.4022,22.937,6,5.909845,0.9864865,0.006169213,6.57795,1.276667,5.152442,6DC,X100820_131_6
134,X100820,-14.875,6.6008,23.61572,21.846,4,0.6204941,0.9994125,0.01674501,9.160424,1.527742,5.996055,cd,X100820_134_4
152,X100820,-16.4375,11.2292,19.9104,19.597,3,14.40702,0.9309636,0.1433607,7.55187,1.070815,7.052451,pu,X100820_152_3
003,X100920,-8.75,12.20488,23.14614,43.96,4,0.2892171,0.9988249,0.006169213,13.68539,1.636705,8.361548,11ml,X100920_003_4
004,X100920,-10,11.46764,22.87244,43.415,3,0.8435332,0.9709166,0.001175088,18.71896,1.994424,9.385648,12r,X100920_004_3
006,X100920,-8.90625,9.09768,25.38082,43.11,3,6.341846,0.9735605,0.03554641,8.558352,1.722311,4.969108,46d,X100920_006_3
011,X100920,-9.34375,13.455,22.87022,42.36,5,1.636243,0.9979436,0,16.43641,1.702048,9.656838,12m,X100920_011_5
013,X100920,-10.59375,10.674,23.47776,42.14,2,7.993838,0.926557,0.07373678,5.963705,1.040316,5.732591,46v,X100920_013_2
013,X100920,-10.59375,10.674,23.47776,42.14,5,3.337881,0.974148,0.04054054,7.600821,1.857853,4.091185,46v,X100920_013_5
013,X100920,-10.59375,10.674,23.47776,42.14,6,5.325922,0.9629847,0.01733255,11.59204,1.301743,8.905017,46v,X100920_013_6
014,X100920,-11.125,9.212,23.7165,41.9,5,0.6977652,0.9982374,0.008519389,10.68049,1.880769,5.67879,46v,X100920_014_5
015,X100920,-10.125,7.86822,25.45575,41.34,3,6.265242,0.9759107,0.02262045,9.842686,1.896478,5.189981,46df,X100920_015_3
016,X100920,-10.375,6.34985,26.0105,40.875,3,0.4346952,0.9770858,0.01351351,13.62871,1.610997,8.459799,24c,X100920_016_3
016,X100920,-10.375,6.34985,26.0105,40.875,5,0.06699754,0.9770858,0.05522914,9.765578,1.862551,5.243119,24c,X100920_016_5
022,X100920,-11.65625,10.0521,23.5096,40.4,1,0.9781171,0.9762045,0.03525265,11.1159,1.919287,5.79168,46v,X100920_022_1
022,X100920,-11.65625,10.0521,23.5096,40.4,5,13.51906,0.9365453,0.08607521,6.583716,2.024169,3.252552,46v,X100920_022_5
023,X100920,-10.4375,8.59351,25.49966,39.825,5,3.924511,0.9747356,0.01351351,9.780218,1.747726,5.595968,46df,X100920_023_5
023,X100920,-10.4375,8.59351,25.49966,39.825,6,0.1994743,0.9903055,0.003525264,15.89541,1.907767,8.331947,46df,X100920_023_6
024,X100920,-10.6875,7.069,25.93988,39.4,1,3.578119,0.9844301,0.01380729,8.89034,2.302182,3.861701,46df,X100920_024_1
030,X100920,-12.3125,11.94526,21.9955,39.56,5,0.2891283,0.9982374,0.01938896,11.4565,1.34489,8.518541,13l,X100920_030_5
031,X100920,-12.90625,10.40456,22.34308,39.2,1,6.599359,0.9706228,0.02967098,7.351364,1.779644,4.130805,46v,X100920_031_1
032,X100920,-13.5,8.967,22.91476,38.775,1,2.44343,0.9938308,0.02027027,11.50772,1.320717,8.713237,46v,X100920_032_1
041,X100920,-14.25,9.93909,22.21818,37.163,5,1.785986,0.9709166,0.005875441,9.210056,1.580808,5.826169,46v,X100920_041_5
047,X100920,-10.84375,16.25595,21.2263,37.513,6,0.747793,0.9773796,0.01057579,9.821206,1.634191,6.009827,12o,X100920_047_6
055,X100920,-11.28125,19.14016,17.51956,37.738,5,0.06775482,0.9952996,0.003819037,19.48793,2.897335,6.726156,12l,X100920_055_5
060,X100920,-14,12.47052,21.60464,35.308,3,11.54584,0.9427145,0.05846063,5.592166,1.151125,4.857999,46v,X100920_060_3
066,X100920,-10.875,19.51629,17.45895,36.218,4,0.7490641,0.9841363,0.002350176,16.19956,2.081534,7.782514,12l,X100920_066_4
066,X100920,-10.875,19.51629,17.45895,36.218,5,2.226732,0.9797297,0.008225617,10.76999,1.393891,7.726563,12l,X100920_066_5
074,X100920,-14.1875,8.23307,24.14609,32.428,2,0.2674331,0.9427145,0.007638073,12.3139,1.815528,6.782544,8B,X100920_074_2
077,X100920,-11.6875,19.74912,16.49804,35.268,4,3.239738,0.9629847,0.01527615,5.884222,1.47083,4.000614,12l,X100920_077_4
077,X100920,-11.6875,19.74912,16.49804,35.268,5,4.705019,0.9911869,0.009400705,14.2158,1.987671,7.151987,12l,X100920_077_5
079,X100920,-11.5625,16.85727,19.86268,33.603,2,3.812919,0.9991187,0.003525264,5.415667,1.065239,5.083991,45,X100920_079_2
079,X100920,-11.5625,16.85727,19.86268,33.603,3,7.578878,0.9697415,0.01233843,12.12406,1.688607,7.179921,45,X100920_079_3
079,X100920,-11.5625,16.85727,19.86268,33.603,7,9.237014,0.9697415,0.04759107,8.178574,1.056107,7.74408,45,X100920_079_7
080,X100920,-13,15.32472,20.0838,33.278,3,0.7846934,0.9465335,0.005581669,11.4547,1.542581,7.425669,44,X100920_080_3
080,X100920,-13,15.32472,20.0838,33.278,4,0.5118104,0.9315511,0.0220329,14.11199,1.800578,7.837478,44,X100920_080_4
084,X100920,-14.25,8.6928,23.4537,30.913,3,9.254602,0.9976498,0.005287896,12.66908,1.336413,9.479912,8B,X100920_084_3
086,X100920,-13.125,6.29354,25.69584,30.323,5,20.25396,0.9585782,0.1492362,5.914332,1.248367,4.737656,8B,X100920_086_5
086,X100920,-13.125,6.29354,25.69584,30.323,6,1.434751,0.9970623,0.003819037,12.31563,1.504874,8.183825,8B,X100920_086_6
087,X100920,-13.25,4.8291,25.79425,29.913,2,5.232921,0.9823737,0.1392479,7.226066,1.46985,4.916193,24c,X100920_087_2
091,X100920,-10.75,16.68928,20.68832,32.368,3,10.10884,0.9994125,0.001175088,11.70609,1.437925,8.140959,45,X100920_091_3
096,X100920,-14.75,8.7279,22.80856,29.848,5,3.517726,0.9785547,0.02262045,8.445147,1.328673,6.356077,8B,X100920_096_5
102,X100920,-12.5625,17.95912,17.65396,31.508,3,0.289221,0.9970623,0.007638073,12.84597,1.418987,9.052917,6VaVb,X100920_102_3
104,X100920,-11.8125,14.72832,21.5466,30.788,2,11.1361,0.9424207,0.1139835,6.933016,1.59393,4.349636,45,X100920_104_2
105,X100920,-14.25,13.59899,20.17602,26.558,3,3.774865,0.9856052,0.01175088,10.72826,1.388708,7.725356,6DC,X100920_105_3
105,X100920,-14.25,13.59899,20.17602,26.558,5,6.390655,0.9756169,0.01586369,5.13896,0.9966513,5.156227,6DC,X100920_105_5
108,X100920,-13.3125,8.48416,24.13476,27.849,5,2.827564,0.9606345,0.02820211,8.85214,1.182721,7.484558,6DC,X100920_108_5
108,X100920,-13.3125,8.48416,24.13476,27.849,7,1.231323,0.9735605,0.01057579,15.05736,1.570936,9.58496,6DC,X100920_108_7
114,X100920,-12.375,19.35268,17.72001,31.412,4,12.14293,0.9192127,0.09694477,5.85084,1.115276,5.246091,6VaVb,X100920_114_4
114,X100920,-12.375,19.35268,17.72001,31.412,6,5.549611,0.9350764,0.03172738,8.915603,1.557394,5.724693,6VaVb,X100920_114_6
117,X100920,-15.09375,13.83159,19.64471,25.142,3,3.266155,0.9809048,0.03495887,10.54713,1.513683,6.967858,pu,X100920_117_3
120,X100920,-19.8125,9.59951,17.07476,24.914,4,2.334528,0.9891304,0.1492362,10.16396,1.474647,6.892469,pu,X100920_120_4
135,X100920,-13.625,4.27918,25.47652,24.273,1,12.72109,0.9095182,0.1316099,5.456432,1.245287,4.381666,24c,X100920_135_1
135,X100920,-13.625,4.27918,25.47652,24.273,2,1.824557,0.9882491,0.05141011,11.86885,1.361714,8.716114,24c,X100920_135_2
140,X100920,-18.15625,12.73457,17.63163,21.665,3,3.918073,0.980611,0.1483549,6.797103,1.612877,4.214273,pu,X100920_140_3
147,X100920,-10.625,3.7493,28.96965,22.294,3,1.957247,0.9873678,0.03231492,6.728693,1.079013,6.235971,6DC,X100920_147_3
004,X101220,-10,11.46764,22.87244,43.415,5,4.727649,0.9991187,0.007638073,15.3288,1.288302,11.89846,12r,X101220_004_5
006,X101220,-10.90625,9.06672,23.40478,43.35,1,0.09707261,0.9970623,0.009400705,16.03321,2.350697,6.82062,46v,X101220_006_1
011,X101220,-9.34375,13.455,22.87022,42.36,2,1.035494,0.9923619,0.04142186,11.89746,1.620909,7.339995,12m,X101220_011_2
013,X101220,-10.59375,10.674,23.47776,42.14,2,20.09414,0.9588719,0.1028202,5.800552,1.88332,3.079961,46v,X101220_013_2
013,X101220,-10.59375,10.674,23.47776,42.14,4,6.176015,0.979436,0.02438308,9.486842,1.495861,6.342061,46v,X101220_013_4
014,X101220,-11.125,9.212,23.7165,41.9,2,1.258593,0.9894242,0.006169213,8.231261,2.72563,3.019948,46v,X101220_014_2
023,X101220,-12.1875,8.59954,23.74664,40.05,3,1.009065,0.9676851,0.01233843,10.52303,1.661204,6.334578,46v,X101220_023_3
023,X101220,-12.1875,8.59954,23.74664,40.05,5,0.2977504,0.9676851,0.002056404,11.86866,1.794094,6.615404,46v,X101220_023_5
028,X101220,-9.0625,15.041,22.92771,40.095,3,1.265544,0.9958872,0.0146886,13.91899,1.31417,10.59147,12l,X101220_028_3
029,X101220,-10.5,13.94456,22.40988,39.86,2,1.096911,0.9964349,0.02115159,16.29283,1.493831,10.90674,12m,X101220_029_2
037,X101220,-9.375,15.9449,22.301,38.788,4,0.7744644,0.9903055,0.04817861,7.561934,0.9494025,7.96494,12o,X101220_037_4
037,X101220,-9.375,15.9449,22.301,38.788,6,2.059072,0.9782609,0.0005875441,28.16098,2.305825,12.21297,12o,X101220_037_6
045,X101220,-8.375,19.00444,19.87224,38.168,3,7.309447,0.9920682,0.004700352,10.97846,1.625124,6.755456,12o,X101220_045_3
045,X101220,-8.375,19.00444,19.87224,38.168,7,0.1959809,0.9961089,0.002643948,19.88321,2.183873,9.104562,12o,X101220_045_7
046,X101220,-10.78125,17.7132,19.0138,38.288,3,2.024292,0.985899,0.02379553,10.60929,1.572854,6.745247,12o,X101220_046_3
050,X101220,-13.8125,11.4706,21.567,36.088,5,0.9644765,0.9991187,0.004406581,15.93478,1.836643,8.676038,46v,X101220_050_5
056,X101220,-10.625,17.5728,19.58714,36.938,2,0.07977588,1,0,30.26426,2.947861,10.26651,45,X101220_056_2
056,X101220,-10.625,17.5728,19.58714,36.938,5,0.4576544,0.994436,0.03143361,10.93528,2.261492,4.835428,45,X101220_056_5
058,X101220,-12.375,14.9008,20.6574,36.188,1,22.56162,0.9867803,0.02761457,6.264779,1.143971,5.476343,12o,X101220_058_1
060,X101220,-14.0625,12.4822,21.38965,35.338,4,5.145801,0.800235,0.01556992,6.424221,1.257819,5.107428,46v,X101220_060_4
064,X101220,-12.9375,6.33792,25.81724,33.268,3,0.8908068,0.9923619,0.02144536,13.81311,1.505077,9.177671,8B,X101220_064_3
064,X101220,-12.9375,6.33792,25.81724,33.268,4,2.002238,0.9923619,0.02790834,9.58242,1.391593,6.885937,8B,X101220_064_4
066,X101220,-10.875,19.51629,17.45895,36.218,3,0.7693579,0.9653349,0.00293772,13.59368,1.63047,8.337276,12l,X101220_066_3
066,X101220,-10.875,19.51629,17.45895,36.218,4,6.451659,0.972973,0.03760282,8.95898,1.80938,4.951408,12l,X101220_066_4
066,X101220,-10.875,19.51629,17.45895,36.218,5,1.379601,0.9679788,0.003525264,12.03263,1.519216,7.920288,12l,X101220_066_5
068,X101220,-14.3125,16.7785,17.1366,35.488,2,0.2279712,0.9947121,0.02849589,9.243956,1.724832,5.359338,12o,X101220_068_2
074,X101220,-14.1875,8.23307,24.14609,32.428,3,0.9053655,0.9239131,0.0126322,9.751224,1.531137,6.368618,8B,X101220_074_3
079,X101220,-11.5625,16.85727,19.86268,33.603,2,6.264002,0.9850176,0.03202115,9.279947,1.335884,6.94667,45,X101220_079_2
080,X101220,-13,15.32472,20.0838,33.278,4,0.5745968,0.9941245,0.007050529,14.65995,1.60521,9.132732,44,X101220_080_4
086,X101220,-13.125,6.29354,25.69584,30.323,3,0.5264661,0.9970623,0.03613396,12.07105,1.83016,6.595625,8B,X101220_086_3
086,X101220,-13.125,6.29354,25.69584,30.323,5,26.4093,0.9450646,0.05846063,5.274916,1.086208,4.856266,8B,X101220_086_5
091,X101220,-10.75,16.68928,20.68832,32.368,1,7.88501,0.9988249,0,11.39706,1.434276,7.946213,45,X101220_091_1
092,X101220,-12.5,15.41832,20.61372,32.048,2,1.765767,0.9994125,0.004994125,14.55376,1.453658,10.01182,45,X101220_092_2
099,X101220,-13.75,4.7393,25.4086,28.413,2,5.924304,0.9947121,0.01792009,6.436728,1.18329,5.439686,24c,X101220_099_2
101,X101220,-12.4375,20.35986,15.76857,32.303,3,1.484753,0.9876616,0.05082256,9.008363,1.452211,6.203204,6VaVb,X101220_101_3
102,X101220,-12.5625,17.95912,17.65396,31.508,2,1.141619,0.9856052,0.03965922,8.441028,1.7954,4.701474,6VaVb,X101220_102_2
103,X101220,-13.9375,16.10066,17.75281,32.133,5,0.1008726,0.9945619,0.004994125,12.40576,1.256785,9.871029,45,X101220_103_5
108,X101220,-13.3125,8.48416,24.13476,27.849,2,0.7704079,0.9900118,0.01762632,9.607065,1.382428,6.949416,6DC,X101220_108_2
109,X101220,-12.875,7.3766,24.9382,26.909,2,13.96623,0.9485899,0.08813161,5.740779,1.488993,3.855476,6DR,X101220_109_2
114,X101220,-12.375,19.35268,17.72001,31.412,1,23.76277,0.9271445,0.09488837,6.255023,1.621424,3.857735,6VaVb,X101220_114_1
114,X101220,-12.375,19.35268,17.72001,31.412,3,11.86279,0.989718,0.005287896,6.199444,1.111893,5.575577,6VaVb,X101220_114_3
117,X101220,-15.09375,13.83159,19.64471,25.142,1,6.527464,0.9245006,0.04876616,7.518507,1.500767,5.009776,pu,X101220_117_1
117,X101220,-15.09375,13.83159,19.64471,25.142,4,2.858757,0.9521152,0.009106933,12.46838,1.559486,7.995183,pu,X101220_117_4
128,X101220,-14.78125,13.67228,19.93628,23.554,3,2.670164,0.9668038,0.1072268,6.096365,1.814921,3.359026,pu,X101220_128_3
129,X101220,-16.15625,12.62658,19.48818,23.233,3,16.09691,0.9811986,0.1336663,9.977451,1.123661,8.879416,pu,X101220_129_3
129,X101220,-16.15625,12.62658,19.48818,23.233,6,4.067893,0.9811986,0.006756757,7.869652,1.319885,5.962378,pu,X101220_129_6
131,X101220,-15.375,10.21481,21.02453,22.952,3,13.22375,0.9709166,0.07931845,9.477821,1.233626,7.682896,6DC,X101220_131_3
132,X101220,-13.8125,8.67655,23.45794,22.617,2,1.062751,0.9944183,0.01086957,6.262737,1.474327,4.247861,6DC,X101220_132_2
135,X101220,-13.625,4.27918,25.47652,24.273,2,17.88227,0.9386017,0.1254407,5.573412,1.469735,3.79212,24c,X101220_135_2
004,X101320,-10,11.46764,22.87244,43.415,3,5.171401,0.9547591,0.06844889,8.970253,1.514462,5.923063,12r,X101320_004_3
007,X101320,-11.40625,7.59588,23.73416,42.89,3,1.026015,0.9726792,0.001762632,14.13707,1.839689,7.68449,46v,X101320_007_3
007,X101320,-11.40625,7.59588,23.73416,42.89,5,0.9848522,0.972973,0.009988249,8.96654,2.111405,4.246717,46v,X101320_007_5
011,X101320,-9.34375,13.455,22.87022,42.36,3,4.796802,0.8701528,0.09371328,7.168027,1.738964,4.12201,12m,X101320_011_3
011,X101320,-9.34375,13.455,22.87022,42.36,5,0.2219634,0.9861927,0.001762632,21.33648,3.761788,5.671899,12m,X101320_011_5
013,X101320,-10.59375,10.674,23.47776,42.14,3,5.489995,0.9929495,0.01556992,10.38768,1.589451,6.535387,46v,X101320_013_3
015,X101320,-11.75,7.85482,23.94825,41.54,3,3.739119,0.9762045,0.02673326,9.251269,1.854901,4.987473,46v,X101320_015_3
016,X101320,-12.625,6.33389,23.7533,41.175,2,3.532174,0.9823737,0.001762632,14.90437,1.488545,10.01271,46df,X101320_016_2
016,X101320,-12.625,6.33389,23.7533,41.175,3,2.260871,0.9823737,0.02144536,10.22128,1.771924,5.768461,46df,X101320_016_3
016,X101320,-12.625,6.33389,23.7533,41.175,4,2.090426,0.985899,0.00146886,17.28936,1.700295,10.16845,46df,X101320_016_4
021,X101320,-12.34375,11.58876,21.84152,40.94,3,0.2303314,0.9982374,0.01703878,10.01823,2.549313,3.929775,11ml,X101320_021_3
023,X101320,-12.1875,8.59954,23.74664,40.05,3,1.088002,0.9988249,0.007931845,11.65867,2.103992,5.541212,46v,X101320_023_3
024,X101320,-12.6875,7.089,24.03218,39.65,2,3.41815,0.9656287,0.01321974,8.928946,2.058337,4.337941,46v,X101320_024_2
028,X101320,-9.0625,15.041,22.92771,40.095,3,0.8847156,0.9973561,0.01351351,11.92968,1.632775,7.306386,12l,X101320_028_3
037,X101320,-9.375,15.9449,22.301,38.788,1,18.60431,0.949765,0.07256169,5.568161,1.375641,4.047683,12o,X101320_037_1
037,X101320,-9.375,15.9449,22.301,38.788,4,2.229906,1,0.00293772,22.39267,2.048642,10.93049,12o,X101320_037_4
041,X101320,-14.375,9.93909,22.21818,37.163,3,0.6237641,0.9955934,0,13.35108,1.660134,8.042171,46v,X101320_041_3
045,X101320,-8.375,19.00444,19.87224,38.168,3,6.713129,0.987074,0.009106933,9.970242,1.654252,6.027038,12o,X101320_045_3
045,X101320,-8.375,19.00444,19.87224,38.168,4,0.130885,0.9994125,0.002350176,19.30378,2.684939,7.189654,12o,X101320_045_4
046,X101320,-10.78125,17.7132,19.0138,38.288,3,1.511569,0.989718,0.056698,9.389347,1.281334,7.327789,12o,X101320_046_3
046,X101320,-10.78125,17.7132,19.0138,38.288,4,0.4732268,0.9944183,0.002643948,13.84083,2.057788,6.726073,12o,X101320_046_4
047,X101320,-10.90625,16.26218,21.06272,37.538,3,0.3530065,0.9988249,0.02320799,11.14674,1.354633,8.228601,12o,X101320_047_3
048,X101320,-12.4375,15.18547,20.83638,37.278,2,4.655705,0.9679788,0.0945946,5.635906,1.670844,3.37309,13l,X101320_048_2
048,X101320,-12.4375,15.18547,20.83638,37.278,4,0.4322767,0.9971036,0.001762632,9.267862,1.497013,6.190904,13l,X101320_048_4
050,X101320,-13.8125,11.4706,21.567,36.088,3,0.7325193,0.993537,0.004994125,13.50511,1.841939,7.332009,46v,X101320_050_3
058,X101320,-12.4375,14.9008,20.6574,36.188,2,20.93039,0.9950058,0.03672151,6.17427,1.195755,5.163492,12o,X101320_058_2
066,X101320,-10.875,19.51629,17.45895,36.218,3,8.448781,0.9568155,0.02908343,8.54947,1.858564,4.60004,12l,X101320_066_3
066,X101320,-10.875,19.51629,17.45895,36.218,4,0.9480249,0.9397767,0.001175088,13.2034,1.676003,7.877909,12l,X101320_066_4
066,X101320,-10.875,19.51629,17.45895,36.218,5,1.315704,0.9397767,0.004112808,11.90383,1.659914,7.171354,12l,X101320_066_5
077,X101320,-11.6875,19.74912,16.49804,35.268,3,2.927345,0.9864865,0.01204465,12.48912,1.867496,6.687629,12l,X101320_077_3
077,X101320,-11.6875,19.74912,16.49804,35.268,4,1.386096,0.9864865,0.002643948,20.55567,2.220917,9.255487,12l,X101320_077_4
079,X101320,-11.6875,16.85727,19.86268,33.603,2,7.200226,1,0.001175088,14.08391,1.438472,9.790878,45,X101320_079_2
084,X101320,-14.25,8.6928,23.4537,30.913,1,95.46002,0.970329,0.1216216,5.172469,1.356625,3.812748,8B,X101320_084_1
084,X101320,-14.25,8.6928,23.4537,30.913,2,0.6786362,0.9911869,0.007931845,12.41931,2.000276,6.208799,8B,X101320_084_2
085,X101320,-15.25,7.64517,22.81955,31.008,2,17.13629,0.9541715,0.01645123,7.359156,1.221167,6.026332,8B,X101320_085_2
085,X101320,-15.25,7.64517,22.81955,31.008,4,4.875443,0.9964747,0.03055229,13.43282,1.441367,9.319494,8B,X101320_085_4
086,X101320,-13.25,6.30132,25.39672,30.368,3,12.01049,0.9756169,0.1086956,7.61595,1.30803,5.82246,8B,X101320_086_3
086,X101320,-13.25,6.30132,25.39672,30.368,4,1.154063,0.9629847,0.02555817,9.015473,1.571833,5.735642,8B,X101320_086_4
092,X101320,-12.5625,15.41832,20.61372,32.048,3,1.637835,1,0.003819037,19.7665,1.658298,11.91975,45,X101320_092_3
093,X101320,-14,13.91648,20.59666,31.818,3,1.052916,0.9847239,0.03965922,7.291808,2.737224,2.663942,45,X101320_093_3
101,X101320,-12.5,20.35986,15.76857,32.303,3,2.93317,0.9776734,0.05376028,8.169594,1.985855,4.113892,6VaVb,X101320_101_3
103,X101320,-14,16.10066,17.75281,32.133,3,0.1606949,0.9885714,0.006756757,11.73103,1.262451,9.292266,45,X101320_103_3
104,X101320,-11.9375,14.72832,21.5466,30.788,2,3.47742,0.993537,0.009988249,9.377694,1.931451,4.855258,45,X101320_104_2
105,X101320,-14.375,13.59899,20.17602,26.558,3,4.948596,0.9809048,0.03877791,9.144452,1.844076,4.958826,6DC,X101320_105_3
108,X101320,-13.3125,8.48416,24.13476,27.849,3,0.8480812,0.9856052,0.01057579,9.865167,1.366478,7.219411,6DC,X101320_108_3
109,X101320,-12.9375,7.3766,24.9382,26.909,1,16.61213,0.9474148,0.1363102,5.850749,1.462708,3.999943,6DR,X101320_109_1
114,X101320,-12.5,19.36192,17.50994,31.462,3,0.2711462,0.9974026,0.01086957,14.88309,1.935805,7.688321,6VaVb,X101320_114_3
117,X101320,-15.09375,13.83159,19.64471,25.142,3,3.47946,0.9856052,0.01556992,12.09338,1.52696,7.919902,pu,X101320_117_3
120,X101320,-20,9.5965,16.672,24.934,4,0.6219187,0.9888366,0.09106933,9.065449,1.373697,6.599307,pu,X101320_120_4
129,X101320,-16.15625,12.62658,19.48818,23.233,2,17.87928,0.9932432,0.1554054,8.50159,1.065016,7.982594,pu,X101320_129_2
129,X101320,-16.15625,12.62658,19.48818,23.233,3,2.691198,0.9932432,0.004112808,8.07538,1.478102,5.463344,pu,X101320_129_3
130,X101320,-15.0625,11.274,20.97344,22.948,1,15.79268,0.9004113,0.207403,9.378237,1.730083,5.420686,6VaVb,X101320_130_1
130,X101320,-15.0625,11.274,20.97344,22.948,5,3.268895,0.970329,0.02555817,8.870995,1.196683,7.412986,6VaVb,X101320_130_5
130,X101320,-15.0625,11.274,20.97344,22.948,8,2.977903,0.9864865,0.009988249,7.380266,1.566564,4.711117,6VaVb,X101320_130_8
131,X101320,-15.375,10.21481,21.02453,22.952,4,6.756638,0.9553466,0.1210341,5.754534,1.324427,4.344922,6DC,X101320_131_4
134,X101320,-15.25,6.6182,23.21028,21.861,3,7.933458,0.9952996,0.0619859,8.843692,1.291611,6.847024,cd,X101320_134_3
135,X101320,-13.75,4.27918,25.47652,24.273,3,11.67253,0.9515276,0.09312573,6.654885,1.332844,4.992996,24c,X101320_135_3
135,X101320,-13.75,4.27918,25.47652,24.273,5,5.259652,0.9911869,0.02232667,12.03301,1.472005,8.17457,24c,X101320_135_5
145,X101320,-12.40625,6.41332,25.9559,20.483,2,2.228525,1,0.001762632,16.78655,1.885043,8.905128,24c,X101320_145_2
154,X101320,-15.40625,8.93975,22.23324,19.181,3,9.929857,0.993537,0.02967098,8.708714,1.356797,6.418584,cd,X101320_154_3
004,X101420,-10,11.46764,22.87244,43.415,3,0.9316867,0.9970623,0.0220329,11.08509,1.547719,7.162209,12r,X101420_004_3
007,X101420,-11.40625,7.59588,23.73416,42.89,3,9.123903,0.9626909,0.04582844,7.68112,1.203639,6.381584,46v,X101420_007_3
007,X101420,-11.40625,7.59588,23.73416,42.89,4,0.6806858,0.9403643,0.01028202,9.671712,1.703774,5.676641,46v,X101420_007_4
011,X101420,-9.34375,13.455,22.87022,42.36,3,3.387154,0.9835488,0.01116334,9.05593,2.341778,3.867117,12m,X101420_011_3
013,X101420,-10.59375,10.674,23.47776,42.14,4,5.317404,0.9811986,0.06433608,7.88905,1.617991,4.875831,46v,X101420_013_4
016,X101420,-12.625,6.33389,23.7533,41.175,2,2.075637,0.9838426,0.0005875441,15.57992,1.529704,10.18493,46df,X101420_016_2
016,X101420,-12.625,6.33389,23.7533,41.175,3,4.473068,0.9838426,0.004406581,12.05721,1.801096,6.694372,46df,X101420_016_3
022,X101420,-11.71875,10.0521,23.5096,40.4,2,1.803507,0.9468272,0.01057579,12.09751,1.610532,7.511502,46v,X101420_022_2
022,X101420,-11.71875,10.0521,23.5096,40.4,3,3.388731,0.9468272,0.005581669,8.564258,1.419436,6.033566,46v,X101420_022_3
023,X101420,-12.1875,8.59954,23.74664,40.05,3,0.5106381,0.9958872,0.0005875441,12.2853,1.833822,6.699286,46v,X101420_023_3
023,X101420,-12.1875,8.59954,23.74664,40.05,4,0.9631074,0.989718,0.04641598,9.277697,1.695502,5.471947,46v,X101420_023_4
024,X101420,-12.6875,7.089,24.03218,39.65,3,1.973314,0.9415393,0.003231492,9.81902,1.594432,6.15832,46v,X101420_024_3
029,X101420,-10.5625,13.94456,22.40988,39.86,3,0.6544605,0.9950058,0.02144536,13.53952,1.721212,7.866269,12m,X101420_029_3
031,X101420,-12.96875,10.40523,22.15564,39.225,3,2.792327,0.985899,0.007344301,7.550837,1.614798,4.676024,46v,X101420_031_3
032,X101420,-13.6875,8.969,22.72732,38.8,3,7.448584,0.9715041,0.03055229,5.66457,1.245159,4.549274,46v,X101420_032_3
032,X101420,-13.6875,8.969,22.72732,38.8,4,0.3767982,0.9941245,0.01028202,10.54033,1.456202,7.23823,46v,X101420_032_4
037,X101420,-9.375,15.9449,22.301,38.788,2,0.04051505,0.8719154,0,31.56276,2.267151,13.92177,12o,X101420_037_2
037,X101420,-9.375,15.9449,22.301,38.788,4,2.079203,0.9811986,0.01351351,7.27342,1.422134,5.114441,12o,X101420_037_4
041,X101420,-14.375,9.93909,22.21818,37.163,2,2.188419,0.9850176,0.007050529,9.151344,1.518881,6.025058,46v,X101420_041_2
045,X101420,-8.375,19.00444,19.87224,38.168,3,0.1193811,1,0.0005875441,16.14361,1.82206,8.860084,12o,X101420_045_3
050,X101420,-13.8125,11.4706,21.567,36.088,2,0.6293873,0.9976498,0.01410106,13.83503,1.95884,7.062868,46v,X101420_050_2
058,X101420,-12.5,14.9008,20.6574,36.188,4,18.53849,0.974148,0.03495887,5.460186,1.167037,4.678674,12o,X101420_058_4
066,X101420,-10.875,19.51629,17.45895,36.218,2,10.44809,0.9797297,0.0220329,9.713762,2.078616,4.673187,12l,X101420_066_2
066,X101420,-10.875,19.51629,17.45895,36.218,4,0.9620174,0.9826674,0.00146886,15.23947,1.803929,8.447931,12l,X101420_066_4
067,X101420,-14.4375,17.97924,15.60964,36.048,1,2.555568,0.9809048,0.03495887,6.530311,2.580817,2.530327,12o,X101420_067_1
074,X101420,-14.3125,8.24864,23.87268,32.468,3,0.4524211,0.9988249,0,21.21559,1.880746,11.28041,8B,X101420_074_3
074,X101420,-14.3125,8.24864,23.87268,32.468,4,1.293847,0.9988249,0.002643948,10.69264,2.127591,5.025703,8B,X101420_074_4
079,X101420,-11.6875,16.85727,19.86268,33.603,3,6.662381,0.9903055,0.00146886,10.10444,1.335646,7.565207,45,X101420_079_3
084,X101420,-14.25,8.6928,23.4537,30.913,2,8.224365,0.9556404,0.01586369,4.609453,1.423444,3.23824,8B,X101420_084_2
084,X101420,-14.25,8.6928,23.4537,30.913,3,2.561908,0.9911869,0.01292597,13.88942,1.72651,8.044793,8B,X101420_084_3
085,X101420,-15.25,7.64517,22.81955,31.008,2,19.31414,0.976792,0.03231492,8.348119,1.798692,4.641216,8B,X101420_085_2
086,X101420,-13.25,6.30132,25.39672,30.368,2,13.72195,0.985899,0.06227967,8.327435,1.178067,7.068727,8B,X101420_086_2
086,X101420,-13.25,6.30132,25.39672,30.368,3,3.579535,0.9668038,0.05992949,7.392028,1.275532,5.795252,8B,X101420_086_3
086,X101420,-13.25,6.30132,25.39672,30.368,5,3.084516,0.9668038,0.007344301,7.718965,1.094562,7.052105,8B,X101420_086_5
092,X101420,-12.5625,15.41832,20.61372,32.048,3,3.69286,0.9735605,0.08137485,6.81933,1.939863,3.515367,45,X101420_092_3
100,X101420,-12.6875,3.20704,26.91748,28.068,3,4.692852,0.9670975,0.03055229,7.592308,1.333621,5.693003,24c,X101420_100_3
104,X101420,-11.9375,14.72832,21.5466,30.788,2,3.926322,0.9747356,0.05493537,8.962746,1.801843,4.974211,45,X101420_104_2
105,X101420,-14.375,13.59899,20.17602,26.558,2,10.48449,0.9976498,0.002643948,11.29757,1.530857,7.379898,6DC,X101420_105_2
106,X101420,-16.75,12.5782,18.5554,26.089,2,15.27,0.9427145,0.05052879,8.08665,1.604726,5.039271,pu,X101420_106_2
109,X101420,-12.9375,7.3766,24.9382,26.909,3,2.796501,0.9903055,0.01733255,10.90948,1.385335,7.874976,6DR,X101420_109_3
114,X101420,-12.5,19.36192,17.50994,31.462,3,0.6555773,0.9685664,0.0146886,12.28959,2.296292,5.351931,6VaVb,X101420_114_3
114,X101420,-12.5,19.36192,17.50994,31.462,4,0.1811254,0.9685664,0.02849589,10.1054,2.814441,3.590553,6VaVb,X101420_114_4
117,X101420,-15.09375,13.83159,19.64471,25.142,1,6.238568,0.9597532,0.09929495,8.075507,1.641083,4.92084,pu,X101420_117_1
117,X101420,-15.09375,13.83159,19.64471,25.142,4,3.331484,0.9762045,0.0199765,13.96908,1.667347,8.378024,pu,X101420_117_4
129,X101420,-16.15625,12.62658,19.48818,23.233,2,17.45514,0.9964747,0.1451234,7.710876,1.30844,5.893184,pu,X101420_129_2
130,X101420,-15.0625,11.274,20.97344,22.948,1,14.53956,0.9982374,0.05111633,12.533,1.427745,8.778176,6VaVb,X101420_130_1
130,X101420,-15.0625,11.274,20.97344,22.948,5,3.249534,0.9923619,0.05816686,6.959104,1.054623,6.598663,6VaVb,X101420_130_5
131,X101420,-15.375,10.21481,21.02453,22.952,2,11.81741,0.9911869,0.01909518,6.183949,1.062797,5.818558,6DC,X101420_131_2
131,X101420,-15.375,10.21481,21.02453,22.952,3,6.972061,0.996181,0.1169213,8.881767,1.184339,7.499346,6DC,X101420_131_3
135,X101420,-13.75,4.27918,25.47652,24.273,2,16.39485,0.996181,0.05199765,8.031189,1.434197,5.599782,24c,X101420_135_2
135,X101420,-13.75,4.27918,25.47652,24.273,6,32.62514,0.9958872,0.008813161,6.833011,1.014229,6.737151,24c,X101420_135_6
139,X101420,-13.90625,13.98409,21.32898,21.696,4,13.67802,0.9621034,0.08725029,4.416536,1.291236,3.420395,6VaVb,X101420_139_4
146,X101420,-13.03125,5.36579,25.71635,20.793,3,7.799378,0.979436,0.08871915,8.583229,1.124454,7.633239,24c,X101420_146_3
004,X101520,-10,11.46764,22.87244,43.415,3,10.32647,0.987074,0.07344301,8.691531,1.56755,5.544659,12r,X101520_004_3
004,X101520,-10,11.46764,22.87244,43.415,4,0.7824271,0.987074,0.02027027,13.56996,1.536638,8.830944,12r,X101520_004_4
007,X101520,-11.40625,7.59588,23.73416,42.89,3,13.36427,0.9397767,0.1289659,6.157543,1.288154,4.780128,46v,X101520_007_3
007,X101520,-11.40625,7.59588,23.73416,42.89,4,0.6113533,0.9571093,0.01439483,9.938731,2.337842,4.251242,46v,X101520_007_4
007,X101520,-11.40625,7.59588,23.73416,42.89,6,0.2286869,0.9556404,0.000293772,17.29333,2.088689,8.279517,46v,X101520_007_6
011,X101520,-9.34375,13.455,22.87022,42.36,3,0.3302036,0.9932432,0.004406581,11.82917,1.847991,6.401094,12m,X101520_011_3
013,X101520,-10.625,10.674,23.47776,42.14,3,18.65583,0.9891304,0.01321974,5.929314,1.120894,5.289808,46v,X101520_013_3
014,X101520,-11.25,9.208,23.55975,41.92,3,6.867029,0.9800235,0.02262045,7.657922,1.948158,3.930853,46v,X101520_014_3
016,X101520,-12.625,6.33389,23.7533,41.175,3,2.675889,0.9262632,0.00146886,14.44105,1.392545,10.37026,46df,X101520_016_3
016,X101520,-12.625,6.33389,23.7533,41.175,4,1.206945,0.9262632,0.0008813161,12.26247,1.250518,9.805911,46df,X101520_016_4
016,X101520,-12.625,6.33389,23.7533,41.175,5,1.005253,0.9920682,0.001762632,18.14339,1.749501,10.37061,46df,X101520_016_5
022,X101520,-11.71875,10.0521,23.5096,40.4,2,3.522511,0.9324324,0.007638073,9.832695,1.786538,5.503769,46v,X101520_022_2
022,X101520,-11.71875,10.0521,23.5096,40.4,3,1.607545,0.9324324,0.004700352,8.335054,1.371548,6.077113,46v,X101520_022_3
023,X101520,-12.1875,8.59954,23.74664,40.05,3,1.478665,0.9747356,0.05552291,7.745802,2.020646,3.83333,46v,X101520_023_3
023,X101520,-12.1875,8.59954,23.74664,40.05,4,0.4829916,0.9747356,0.008813161,10.73435,2.124228,5.053292,46v,X101520_023_4
024,X101520,-12.75,7.089,24.03218,39.65,2,1.121878,0.9967685,0.004406581,12.47727,1.89247,6.593114,46v,X101520_024_2
028,X101520,-9.0625,15.041,22.92771,40.095,2,3.508252,0.9923619,0.04788484,8.5457,2.329243,3.668874,12l,X101520_028_2
029,X101520,-10.59375,13.94456,22.40988,39.86,2,14.58527,0.9759107,0.07579318,6.892938,1.831653,3.763232,12m,X101520_029_2
031,X101520,-13.03125,10.40523,22.15564,39.225,2,9.753677,0.9938308,0.009400705,7.407135,1.147323,6.456015,46v,X101520_031_2
031,X101520,-13.03125,10.40523,22.15564,39.225,8,4.380882,0.9941245,0.01351351,9.713276,1.270654,7.644315,46v,X101520_031_8
037,X101520,-9.375,15.9449,22.301,38.788,3,15.09629,0.9362515,0.04347826,5.718482,1.344344,4.253735,12o,X101520_037_3
037,X101520,-9.375,15.9449,22.301,38.788,4,0.2650156,0.9982374,0.001175088,18.12222,1.844894,9.822906,12o,X101520_037_4
045,X101520,-8.375,19.00444,19.87224,38.168,2,0.1970333,1,0,17.3747,1.957534,8.875811,12o,X101520_045_2
047,X101520,-10.96875,16.26218,21.06272,37.538,2,2.549486,0.9785547,0.04612221,10.44812,1.438617,7.262614,12o,X101520_047_2
050,X101520,-13.8125,11.4706,21.567,36.088,3,0.5321615,0.9994125,0.006756757,14.2099,1.720253,8.260358,46v,X101520_050_3
060,X101520,-14.1875,12.4822,21.38965,35.338,1,12.93933,0.9720917,0.1272033,6.886818,1.350225,5.100496,46v,X101520_060_1
066,X101520,-10.875,19.51629,17.45895,36.218,3,8.923499,0.9685664,0.07491187,8.728918,2.162585,4.036335,12l,X101520_066_3
066,X101520,-10.875,19.51629,17.45895,36.218,4,0.9130017,0.989718,0.003819037,15.1543,1.758234,8.619046,12l,X101520_066_4
067,X101520,-14.5,17.97924,15.60964,36.048,3,0.09268908,1,0.00146886,16.67112,1.525455,10.92862,12o,X101520_067_3
074,X101520,-14.375,8.24864,23.87268,32.468,3,1.9955,0.9973561,0.002643948,8.418775,2.303286,3.655115,8B,X101520_074_3
074,X101520,-14.375,8.24864,23.87268,32.468,4,0.1815736,0.9994125,0,19.14403,1.850773,10.3438,8B,X101520_074_4
075,X101520,-13.5625,6.621,25.3155,31.888,2,1.930329,0.9914806,0.006169213,11.05868,1.570634,7.040901,8B,X101520_075_2
075,X101520,-13.5625,6.621,25.3155,31.888,4,0.8343385,0.9932432,0.003231492,17.43888,2.471528,7.055912,8B,X101520_075_4
078,X101520,-14.375,18.70993,15.27456,35.233,3,0.697614,0.9926557,0.001175088,12.99708,2.065488,6.2925,12l,X101520_078_3
079,X101520,-11.8125,16.8635,19.629,33.638,2,13.56472,0.9365453,0.02643948,8.915731,1.448704,6.154281,45,X101520_079_2
079,X101520,-11.8125,16.8635,19.629,33.638,4,7.068325,0.9365453,0.01321974,10.01527,1.31282,7.628822,45,X101520_079_4
084,X101520,-14.375,8.6928,23.4537,30.913,4,12.48441,0.9438896,0.04171563,7.032502,1.448067,4.856475,8B,X101520_084_4
085,X101520,-15.25,7.64517,22.81955,31.008,2,3.074713,0.970329,0.07344301,7.409767,1.593696,4.649422,8B,X101520_085_2
085,X101520,-15.25,7.64517,22.81955,31.008,4,15.91157,0.9773796,0.008813161,9.392191,1.369847,6.856381,8B,X101520_085_4
085,X101520,-15.25,7.64517,22.81955,31.008,5,1.044387,0.9982374,0.01880141,16.55478,1.876859,8.820472,8B,X101520_085_5
093,X101520,-14.25,13.9196,20.34195,31.863,3,1.928838,0.9929495,0.02908343,9.96429,1.67964,5.932397,45,X101520_093_3
101,X101520,-12.625,20.3638,15.5911,32.338,3,0.5317783,0.9844932,0.01792009,11.40022,1.440401,7.914615,6VaVb,X101520_101_3
104,X101520,-11.9375,14.72832,21.5466,30.788,3,3.727688,0.9976498,0.007344301,11.04336,1.570733,7.030708,45,X101520_104_3
105,X101520,-14.375,13.59899,20.17602,26.558,1,18.67739,0.9952996,0.01292597,9.69794,1.231349,7.875863,6DC,X101520_105_1
106,X101520,-16.75,12.5782,18.5554,26.089,1,26.00536,0.96651,0.07197415,6.738548,1.315572,5.122143,pu,X101520_106_1
109,X101520,-12.9375,7.3766,24.9382,26.909,3,10.75022,0.9735605,0.04494712,7.024684,1.274314,5.512521,6DR,X101520_109_3
114,X101520,-12.5,19.36192,17.50994,31.462,3,2.393018,0.9720917,0.05611046,8.183517,1.448444,5.649867,6VaVb,X101520_114_3
114,X101520,-12.5,19.36192,17.50994,31.462,4,0.1537669,1,0.004406581,12.28303,1.65127,7.43854,6VaVb,X101520_114_4
117,X101520,-15.09375,13.83159,19.64471,25.142,3,3.996708,0.9747356,0.02908343,8.860298,1.456806,6.082002,pu,X101520_117_3
117,X101520,-15.09375,13.83159,19.64471,25.142,4,3.203808,0.9747356,0.008519389,13.42371,1.540378,8.714555,pu,X101520_117_4
119,X101520,-17.625,11.1,18.25188,24.709,2,6.082451,0.9206815,0.02967098,4.962472,1.136048,4.368187,pu,X101520_119_2
123,X101520,-16.3125,5.78703,22.74529,26.373,3,9.242769,0.9682726,0.02790834,5.362855,1.126031,4.762619,cd,X101520_123_3
128,X101520,-15.09375,13.66026,19.52601,23.564,1,2.751901,1,0.02085781,14.93782,2.342647,6.376472,pu,X101520_128_1
130,X101520,-15.0625,11.274,20.97344,22.948,1,14.41887,1,0.001175088,14.26859,1.519712,9.389009,6VaVb,X101520_130_1
130,X101520,-15.0625,11.274,20.97344,22.948,2,3.537906,1,0.00146886,9.291966,1.313278,7.075398,6VaVb,X101520_130_2
135,X101520,-13.75,4.27918,25.47652,24.273,3,4.632964,0.9715041,0.07432432,7.755022,2.065993,3.753653,24c,X101520_135_3
146,X101520,-13.15625,5.36579,25.71635,20.793,4,9.286685,0.9603408,0.1007638,6.752974,1.151173,5.866168,24c,X101520_146_4
004,X101620,-10,11.46764,22.87244,43.415,5,26.20023,0.9347826,0.1131022,6.571193,1.622414,4.050257,12r,X101620_004_5
004,X101620,-10,11.46764,22.87244,43.415,6,9.433753,0.9979436,0.0005875441,8.393995,1.31929,6.362508,12r,X101620_004_6
006,X101620,-11.03125,9.06672,23.40478,43.35,4,1.054816,0.9991187,0.02027027,10.97405,1.661868,6.603446,46v,X101620_006_4
007,X101620,-11.46875,7.59588,23.73416,42.89,3,0.05975222,1,0.003819037,21.75622,3.478823,6.253902,46v,X101620_007_3
013,X101620,-10.625,10.674,23.47776,42.14,5,16.5071,0.996181,0.01116334,6.573556,1.142689,5.752709,46v,X101620_013_5
014,X101620,-11.25,9.208,23.55975,41.92,2,3.058425,0.9303761,0.01498237,9.213749,1.657777,5.557894,46v,X101620_014_2
021,X101620,-12.40625,11.58876,21.84152,40.94,4,0.72719,0.9917744,0.01498237,9.487272,2.057739,4.610532,11ml,X101620_021_4
022,X101620,-11.78125,10.05343,23.34418,40.42,3,2.787497,0.9911869,0.007050529,12.66494,1.474116,8.591549,46v,X101620_022_3
023,X101620,-12.25,8.59954,23.74664,40.05,3,0.4345671,0.9985312,0.01204465,11.81913,2.252545,5.247011,46v,X101620_023_3
024,X101620,-12.75,7.089,24.03218,39.65,3,0.9152539,0.9952996,0.007050529,9.408805,2.112723,4.453403,46v,X101620_024_3
028,X101620,-9.0625,15.041,22.92771,40.095,3,0.3698584,0.9450646,0.001762632,11.4831,1.445528,7.943881,12l,X101620_028_3
028,X101620,-9.0625,15.041,22.92771,40.095,4,0.3690993,0.9450646,0.007344301,14.3828,1.503319,9.567361,12l,X101620_028_4
029,X101620,-10.59375,13.94456,22.40988,39.86,2,20.94862,0.956228,0.0660987,5.964909,1.70671,3.494976,12m,X101620_029_2
029,X101620,-10.59375,13.94456,22.40988,39.86,3,0.622655,0.9491774,0.01057579,15.58007,1.714449,9.087505,12m,X101620_029_3
030,X101620,-12.53125,11.94593,21.83875,39.58,3,0.9166319,0.9947121,0.02438308,8.55442,2.120561,4.034036,13l,X101620_030_3
037,X101620,-9.4375,15.9449,22.301,38.788,3,0.6986021,0.9994125,0.0008813161,18.78969,2.819404,6.664418,12o,X101620_037_3
038,X101620,-11.3125,14.39941,21.80651,38.563,3,1.016127,0.9623972,0.006756757,11.38942,1.647554,6.912925,13l,X101620_038_3
045,X101620,-8.375,19.00444,19.87224,38.168,2,1.388774,0.9588719,0.005581669,5.510999,1.123724,4.904228,12o,X101620_045_2
045,X101620,-8.375,19.00444,19.87224,38.168,5,0.09337479,1,0.001175088,16.77598,1.854818,9.044542,12o,X101620_045_5
050,X101620,-13.875,11.4706,21.567,36.088,3,0.1611015,0.9994125,0.005287896,14.3236,2.092615,6.844831,46v,X101620_050_3
066,X101620,-11,19.52018,17.2829,36.248,2,2.457666,0.9529965,0.006169213,9.189175,1.489316,6.170062,12l,X101620_066_2
066,X101620,-11,19.52018,17.2829,36.248,4,1.050228,0.9529965,0.002643948,10.25118,1.740981,5.888165,12l,X101620_066_4
074,X101620,-14.4375,8.24864,23.87268,32.468,3,1.021578,0.9997062,0.003231492,12.84706,1.572783,8.168364,8B,X101620_074_3
074,X101620,-14.4375,8.24864,23.87268,32.468,4,0.2366798,0.9997062,0,21.36064,1.809528,11.80453,8B,X101620_074_4
075,X101620,-13.5625,6.621,25.3155,31.888,3,2.680011,0.9873678,0.1824324,9.619169,1.483007,6.48626,8B,X101620_075_3
084,X101620,-14.5,8.69124,23.14056,30.958,3,40.4247,0.9594595,0.03525265,4.715177,1.026087,4.595299,8B,X101620_084_3
084,X101620,-14.5,8.69124,23.14056,30.958,4,7.937548,0.9841363,0.01586369,9.562895,1.381552,6.921848,8B,X101620_084_4
085,X101620,-15.25,7.64517,22.81955,31.008,1,16.73562,0.9811986,0.01321974,8.116096,1.308879,6.200799,8B,X101620_085_1
085,X101620,-15.25,7.64517,22.81955,31.008,4,0.9140257,0.9982374,0.01821387,17.19616,2.097733,8.197495,8B,X101620_085_4
086,X101620,-13.5,6.3091,25.0976,30.413,1,16.44621,0.956228,0.06169213,6.035267,1.1684,5.165411,8B,X101620_086_1
086,X101620,-13.5,6.3091,25.0976,30.413,4,7.677765,0.9879553,0.03055229,9.988649,1.728348,5.779303,8B,X101620_086_4
091,X101620,-11,16.6924,20.44685,32.413,2,1.485295,0.9891304,0.0819624,8.018156,1.296785,6.183105,45,X101620_091_2
091,X101620,-11,16.6924,20.44685,32.413,4,2.736484,0.9891304,0.039953,11.9506,2.28168,5.23763,45,X101620_091_4
092,X101620,-12.75,15.42066,20.35511,32.093,4,2.089616,1,0.005581669,14.6527,1.876934,7.806719,45,X101620_092_4
097,X101620,-15.5625,7.71412,22.62384,29.548,3,1.092359,0.9973561,0.002350176,15.43393,2.365221,6.525366,8B,X101620_097_3
099,X101620,-14.125,4.74398,24.81036,28.503,2,9.261684,0.9964747,0.06051704,10.04902,1.692858,5.936122,24c,X101620_099_2
099,X101620,-14.125,4.74398,24.81036,28.503,4,0.6044234,0.9950058,0.005875441,10.27599,1.643438,6.252739,24c,X101620_099_4
100,X101620,-12.875,3.21016,26.61992,28.108,3,3.097394,0.9988249,0.004700352,12.13363,1.253225,9.681924,24c,X101620_100_3
101,X101620,-12.75,20.3638,15.5911,32.338,4,0.7275305,0.9888366,0.0005875441,11.18398,1.550367,7.213763,6VaVb,X101620_101_4
102,X101620,-12.875,17.9532,17.1886,31.588,4,1.593005,0.9929495,0.0005875441,24.2454,3.581045,6.770481,6VaVb,X101620_102_4
105,X101620,-14.5,13.59899,20.17602,26.558,4,12.95274,0.960047,0.01850764,7.658243,1.404191,5.453846,6DC,X101620_105_4
105,X101620,-14.5,13.59899,20.17602,26.558,5,0.9805608,0.9811986,0.002056404,13.07793,1.61933,8.076134,6DC,X101620_105_5
106,X101620,-16.875,12.5782,18.5554,26.089,3,22.14751,0.9180376,0.1656874,5.872498,1.196118,4.909631,pu,X101620_106_3
106,X101620,-16.875,12.5782,18.5554,26.089,4,10.70668,0.993537,0.0146886,10.57406,1.310968,8.065843,pu,X101620_106_4
109,X101620,-13.0625,7.3766,24.9382,26.909,3,10.91562,0.9491774,0.1104583,5.739636,1.444409,3.973693,6DR,X101620_109_3
111,X101620,-14.25,5.69433,24.87682,27.007,5,11.46007,0.9712104,0.1257344,6.952875,1.234718,5.631145,6DR,X101620_111_5
119,X101620,-17.75,11.1,18.25188,24.709,1,29.89452,0.9988249,0.0005875441,15.46862,1.801752,8.585321,pu,X101620_119_1
128,X101620,-15.21875,13.66026,19.52601,23.564,3,25.83061,0.947121,0.08666275,5.676308,1.087812,5.218095,pu,X101620_128_3
129,X101620,-16.28125,12.62357,19.10797,23.243,2,13.31997,0.9950058,0.03907168,6.658654,1.199563,5.550901,pu,X101620_129_2
131,X101620,-15.5,10.21481,21.02453,22.952,2,11.25717,0.976792,0.1398355,9.630561,1.264745,7.614629,6DC,X101620_131_2
131,X101620,-15.5,10.21481,21.02453,22.952,3,21.85035,0.9682726,0.1257344,6.009776,1.005702,5.975702,6DC,X101620_131_3
135,X101620,-13.875,4.28051,25.18214,24.313,3,1.017458,0.9941245,0.04435958,10.96477,1.613902,6.793952,24c,X101620_135_3
146,X101620,-13.28125,5.38988,25.3002,20.823,1,43.8395,0.9441833,0.04641598,4.426767,0.974438,4.542892,24c,X101620_146_1
152,X101620,-16.875,11.23723,19.49961,19.607,4,18.4393,0.9923619,0.03378378,7.744062,1.355671,5.712346,pu,X101620_152_4
155,X101620,-14.3125,8.75662,23.87608,19.48,2,22.93411,1,0.07549942,11.52112,1.925709,5.982794,cd,X101620_155_2
004,X101920,-10,11.46764,22.87244,43.415,1,12.27273,0.9609283,0.04024677,7.462233,1.387339,5.378809,12r,X101920_004_1
004,X101920,-10,11.46764,22.87244,43.415,4,1.541525,0.9632785,0.004994125,13.19245,1.310435,10.06723,12r,X101920_004_4
006,X101920,-11.03125,9.06672,23.40478,43.35,3,0.3586593,0.9979436,0.05052879,11.00851,1.59896,6.884795,46v,X101920_006_3
007,X101920,-11.46875,7.59588,23.73416,42.89,3,0.807287,0.9867803,0.006169213,9.111115,1.822897,4.998152,46v,X101920_007_3
011,X101920,-9.375,13.455,22.87022,42.36,1,1.152352,0.9976498,0.002056404,12.30297,1.516413,8.113202,12m,X101920_011_1
013,X101920,-10.625,10.674,23.47776,42.14,3,16.57838,0.9494712,0.07696828,4.535233,1.030772,4.39984,46v,X101920_013_3
013,X101920,-10.625,10.674,23.47776,42.14,4,0.7129735,0.9850176,0.0693302,9.155782,1.125879,8.132119,46v,X101920_013_4
014,X101920,-11.25,9.208,23.55975,41.92,2,4.522409,0.9988249,0.04788484,10.91299,1.934048,5.642566,46v,X101920_014_2
021,X101920,-12.40625,11.58876,21.84152,40.94,2,1.034003,0.9950058,0.02585194,6.398261,1.186786,5.391249,11ml,X101920_021_2
021,X101920,-12.40625,11.58876,21.84152,40.94,4,2.214989,0.9759107,0.004700352,8.44695,1.951488,4.328465,11ml,X101920_021_4
023,X101920,-12.25,8.59954,23.74664,40.05,2,0.5818681,0.9991187,0.003231492,12.91253,1.556277,8.297063,46v,X101920_023_2
024,X101920,-12.8125,7.091,23.84141,39.675,3,0.2334656,0.9982374,0,14.43485,1.666597,8.661277,46v,X101920_024_3
028,X101920,-9.0625,15.041,22.92771,40.095,2,0.3831527,0.989718,0.003819037,13.0679,1.859739,7.026738,12l,X101920_028_2
028,X101920,-9.0625,15.041,22.92771,40.095,4,4.438178,0.9738543,0.1283784,6.901464,2.050619,3.365552,12l,X101920_028_4
038,X101920,-11.34375,14.39941,21.80651,38.563,3,0.4619746,0.9917744,0.0005875441,20.69274,2.357963,8.775685,13l,X101920_038_3
038,X101920,-11.34375,14.39941,21.80651,38.563,4,0.5257883,0.9917744,0,14.64581,1.468199,9.975354,13l,X101920_038_4
040,X101920,-14.875,11.45573,20.48025,37.713,4,0.9046847,0.9844301,0.0005875441,16.2131,2.070004,7.832401,13l,X101920_040_4
050,X101920,-13.875,11.4706,21.567,36.088,3,1.116123,1,0.004406581,13.28966,3.076225,4.32012,46v,X101920_050_3
056,X101920,-10.875,17.5806,19.24908,36.988,2,1.224036,0.9853114,0.02497062,9.401004,1.76565,5.324387,45,X101920_056_2
066,X101920,-11,19.52018,17.2829,36.248,3,1.44907,0.9650411,0.0005875441,9.769288,1.361701,7.174325,12l,X101920_066_3
066,X101920,-11,19.52018,17.2829,36.248,4,0.9210612,0.9650411,0.02849589,9.461402,1.612311,5.868225,12l,X101920_066_4
067,X101920,-14.5625,17.97924,15.60964,36.048,3,1.308777,0.993537,0.01703878,9.603367,1.461163,6.572415,12o,X101920_067_3
074,X101920,-14.4375,8.24864,23.87268,32.468,3,0.2716688,0.96651,0.003231492,15.61309,2.43667,6.407549,8B,X101920_074_3
074,X101920,-14.4375,8.24864,23.87268,32.468,5,1.30837,0.9967685,0.005287896,12.84197,1.569292,8.183286,8B,X101920_074_5
075,X101920,-13.5625,6.621,25.3155,31.888,3,0.874315,0.9970623,0.01615746,11.71942,1.969008,5.951938,8B,X101920_075_3
077,X101920,-11.8125,19.75146,16.33057,35.303,5,1.113482,0.9844301,0.01351351,13.87823,1.536601,9.031773,12l,X101920_077_5
079,X101920,-11.8125,16.8635,19.629,33.638,2,5.864519,0.9726792,0.05405406,9.240528,1.508607,6.125207,45,X101920_079_2
079,X101920,-11.8125,16.8635,19.629,33.638,4,0.4789849,0.9726792,0.004112808,12.09317,1.584622,7.631581,45,X101920_079_4
084,X101920,-14.5,8.69124,23.14056,30.958,3,0.4104934,0.9973561,0.02115159,12.30572,1.417113,8.683659,8B,X101920_084_3
085,X101920,-15.25,7.64517,22.81955,31.008,2,17.5153,0.980611,0.04347826,7.355757,1.209832,6.079981,8B,X101920_085_2
085,X101920,-15.25,7.64517,22.81955,31.008,4,1.146073,1,0.005287896,23.9666,1.886069,12.70717,8B,X101920_085_4
086,X101920,-13.5,6.3091,25.0976,30.413,1,7.096959,1,0.01028202,17.04557,1.652364,10.31587,8B,X101920_086_1
091,X101920,-11,16.6924,20.44685,32.413,2,2.418396,0.9967685,0.03495887,9.52964,1.37124,6.949651,45,X101920_091_2
092,X101920,-12.75,15.42066,20.35511,32.093,3,1.723401,0.9941245,0.006169213,14.21204,2.89799,4.9041,45,X101920_092_3
092,X101920,-12.75,15.42066,20.35511,32.093,4,1.502511,0.9941245,0.004406581,12.23635,1.869196,6.546315,45,X101920_092_4
097,X101920,-15.5625,7.71412,22.62384,29.548,3,0.7761038,0.9964747,0.02027027,14.19796,2.561108,5.543679,8B,X101920_097_3
100,X101920,-12.875,3.21016,26.61992,28.108,4,0.6043195,0.9932432,0.06786134,10.55919,1.324957,7.969459,24c,X101920_100_4
100,X101920,-12.875,3.21016,26.61992,28.108,5,1.892692,0.9932432,0.008813161,13.70182,1.404742,9.753977,24c,X101920_100_5
102,X101920,-12.875,17.9532,17.1886,31.588,2,2.257464,0.9365453,0.009400705,10.3317,1.572503,6.570227,6VaVb,X101920_102_2
102,X101920,-12.875,17.9532,17.1886,31.588,5,0.8011435,0.9926557,0.0005875441,22.26404,2.35843,9.440192,6VaVb,X101920_102_5
103,X101920,-14.375,16.09278,17.30323,32.223,3,0.202483,0.9923619,0.009106933,10.90926,1.809613,6.028505,44,X101920_103_3
104,X101920,-12.1875,14.72141,21.30505,30.838,3,41.30983,0.983255,0.04377203,5.881704,1.062103,5.53779,45,X101920_104_3
106,X101920,-16.875,12.5782,18.5554,26.089,2,10.01225,0.9903055,0.02320799,9.502016,1.208369,7.863506,pu,X101920_106_2
108,X101920,-13.5,8.47262,23.85082,27.889,3,1.724659,0.9809048,0.03613396,10.3577,1.353022,7.65523,6DC,X101920_108_3
114,X101920,-12.6875,19.37116,17.29987,31.512,3,32.20831,0.9233255,0.09430082,4.618032,0.9716395,4.752824,6VaVb,X101920_114_3
117,X101920,-15.21875,13.82858,19.28102,25.152,3,4.233307,0.9195065,0.008813161,11.21232,1.68771,6.643511,pu,X101920_117_3
117,X101920,-15.21875,13.82858,19.28102,25.152,4,2.750997,0.9195065,0.007050529,12.94329,1.887906,6.855899,pu,X101920_117_4
124,X101920,-15.9375,4.25399,23.5291,25.713,5,5.76291,0.9785547,0.03025852,5.577389,1.245038,4.479693,cd,X101920_124_5
129,X101920,-16.28125,12.62357,19.10797,23.243,2,14.60604,0.9970623,0.001762632,6.646887,1.323171,5.023455,pu,X101920_129_2
130,X101920,-15.1875,11.274,20.97344,22.948,2,13.82916,0.9609283,0.08019976,6.452781,1.12329,5.744535,6VaVb,X101920_130_2
135,X101920,-13.875,4.28051,25.18214,24.313,3,19.24803,0.9347826,0.1668625,6.677292,1.459218,4.575938,24c,X101920_135_3
146,X101920,-13.28125,5.38988,25.3002,20.823,3,1.224958,0.9914806,0.1897767,8.671626,1.663329,5.213415,24c,X101920_146_3
004,X102020,-10,11.46764,22.87244,43.415,3,5.596704,0.9591657,0.06786134,8.366501,1.640625,5.099581,12r,X102020_004_3
007,X102020,-11.53125,7.59329,23.56778,42.91,3,1.928837,0.9876616,0.004406581,11.0015,2.050789,5.36452,46v,X102020_007_3
011,X102020,-9.4375,13.455,22.87022,42.36,3,6.39952,0.9676851,0.05493537,6.091921,1.364405,4.464894,12m,X102020_011_3
015,X102020,-11.875,7.85348,23.7975,41.56,3,4.54742,0.9747356,0.02350176,8.253778,1.702714,4.847424,46v,X102020_015_3
016,X102020,-12.75,6.33389,23.7533,41.175,3,6.006193,0.980611,0.03672151,5.828815,1.183941,4.923231,46df,X102020_016_3
016,X102020,-12.75,6.33389,23.7533,41.175,4,0.240137,0.9955934,0.03025852,11.82417,1.592083,7.426851,46df,X102020_016_4
023,X102020,-12.25,8.59954,23.74664,40.05,3,0.6882017,0.9967685,0.009400705,10.36275,1.923502,5.387439,46v,X102020_023_3
025,X102020,-15.9375,5.60357,21.55834,39.63,4,6.265268,0.9856052,0.02438308,6.479426,1.093633,5.92468,11ml,X102020_025_4
030,X102020,-12.59375,11.9466,21.682,39.6,3,14.39828,0.9612221,0.1565805,7.447463,1.137192,6.548992,13l,X102020_030_3
037,X102020,-9.5,15.9449,22.301,38.788,3,0.203714,0.9988249,0.01057579,16.0336,1.713919,9.354934,12o,X102020_037_3
038,X102020,-11.34375,14.39941,21.80651,38.563,3,0.4789897,0.9988249,0,18.3181,2.366786,7.739655,13l,X102020_038_3
047,X102020,-11.09375,16.26841,20.89914,37.563,4,0.3286414,0.9964747,0.02085781,11.95816,2.823916,4.234602,12o,X102020_047_4
050,X102020,-13.875,11.4706,21.567,36.088,1,0.632122,0.9994125,0,16.83943,3.735224,4.508278,46v,X102020_050_1
050,X102020,-13.875,11.4706,21.567,36.088,4,8.010566,0.9565217,0.0146886,4.843238,1.239614,3.907053,46v,X102020_050_4
056,X102020,-10.875,17.5806,19.24908,36.988,3,0.1149678,0.9979436,0.005287896,14.52477,3.779574,3.842963,45,X102020_056_3
066,X102020,-11,19.52018,17.2829,36.248,3,0.1131124,0.9988249,0.002056404,22.43195,2.848591,7.874752,12l,X102020_066_3
070,X102020,-16.6875,13.78887,17.71921,34.803,3,0.9489738,0.9785547,0.01821387,6.319788,2.845669,2.220844,AI,X102020_070_3
077,X102020,-11.8125,19.75146,16.33057,35.303,3,6.263649,0.972973,0.01439483,8.895143,2.381633,3.734893,12l,X102020_077_3
079,X102020,-11.8125,16.8635,19.629,33.638,3,11.46088,0.9700353,0.06169213,8.548064,1.596154,5.355413,45,X102020_079_3
085,X102020,-15.25,7.64517,22.81955,31.008,3,17.16938,0.9453584,0.03554641,6.071568,1.205824,5.035204,8B,X102020_085_3
085,X102020,-15.25,7.64517,22.81955,31.008,4,0.8118885,0.9976498,0.005875441,18.07865,1.878385,9.624568,8B,X102020_085_4
086,X102020,-13.5,6.3091,25.0976,30.413,1,17.15229,0.9365453,0.0619859,6.505061,1.41435,4.599329,8B,X102020_086_1
086,X102020,-13.5,6.3091,25.0976,30.413,3,5.073745,0.956228,0.02878966,9.878684,1.582218,6.243566,8B,X102020_086_3
091,X102020,-11.125,16.6924,20.44685,32.413,3,3.592558,0.9964747,0.02761457,8.50123,2.173622,3.911089,45,X102020_091_3
091,X102020,-11.125,16.6924,20.44685,32.413,5,1.994024,0.9841363,0.02467685,7.986093,1.530437,5.218179,45,X102020_091_5
092,X102020,-12.8125,15.42066,20.35511,32.093,3,6.294129,0.9762045,0.0619859,6.775367,1.847586,3.667145,45,X102020_092_3
092,X102020,-12.8125,15.42066,20.35511,32.093,4,1.200295,0.9976498,0.001762632,14.30116,1.817555,7.86835,45,X102020_092_4
097,X102020,-15.5625,7.71412,22.62384,29.548,3,0.6877967,0.9979436,0.004112808,17.40209,2.282014,7.625759,8B,X102020_097_3
100,X102020,-12.875,3.21016,26.61992,28.108,3,2.267275,0.9952996,0.02320799,10.43773,1.378648,7.57099,24c,X102020_100_3
104,X102020,-12.1875,14.72141,21.30505,30.838,4,52.56634,0.983255,0.01733255,5.7306,1.003516,5.710525,45,X102020_104_4
104,X102020,-12.1875,14.72141,21.30505,30.838,6,7.887805,0.9524089,0.03554641,6.712464,1.236549,5.428387,45,X102020_104_6
105,X102020,-14.625,13.5944,19.8082,26.568,3,3.991998,0.9841363,0.02379553,8.06911,1.998744,4.037091,6DC,X102020_105_3
106,X102020,-16.875,12.5782,18.5554,26.089,3,8.199412,1,0.005287896,14.61757,1.526195,9.577786,pu,X102020_106_3
108,X102020,-13.5,8.47262,23.85082,27.889,2,0.2422464,1,0.002643948,16.31598,1.860296,8.770632,6DC,X102020_108_2
109,X102020,-13.1875,7.37314,24.61733,26.944,1,25.41568,0.9142185,0.08725029,5.573503,1.28507,4.337121,6DR,X102020_109_1
112,X102020,-14.875,4.07768,24.55714,27.051,3,10.71699,0.9779671,0.09694477,9.365525,1.345114,6.962623,24c,X102020_112_3
112,X102020,-14.875,4.07768,24.55714,27.051,6,3.079788,0.9726792,0.009694478,5.429502,1.343439,4.041496,24c,X102020_112_6
117,X102020,-15.21875,13.82858,19.28102,25.152,2,2.418346,0.9715041,0.008225617,15.88954,1.794877,8.852718,pu,X102020_117_2
117,X102020,-15.21875,13.82858,19.28102,25.152,4,7.143292,0.9715041,0.03084606,9.040427,1.512915,5.975503,pu,X102020_117_4
119,X102020,-17.875,11.1,18.25188,24.709,2,12.6051,0.9976498,0.04759107,11.19646,1.241855,9.015915,pu,X102020_119_2
128,X102020,-15.34375,13.66026,19.52601,23.564,5,33.28838,0.9985312,0.08372503,8.763824,1.11831,7.836666,pu,X102020_128_5
129,X102020,-16.40625,12.62357,19.10797,23.243,2,14.57611,0.9850176,0.004700352,7.478859,1.272984,5.875064,pu,X102020_129_2
130,X102020,-15.3125,11.271,20.61426,22.958,2,16.17874,0.970329,0.08431257,5.416002,1.233704,4.390033,6VaVb,X102020_130_2
134,X102020,-15.875,6.6356,22.80484,21.876,3,2.82107,0.9958872,0.1665687,9.610358,1.310483,7.333446,cd,X102020_134_3
135,X102020,-13.875,4.28051,25.18214,24.313,1,13.01027,0.9682726,0.05581669,7.128674,1.288655,5.531871,24c,X102020_135_1
136,X102020,-15.6875,2.68302,24.09337,24.532,3,1.826036,0.9960887,0.0146886,11.66529,1.624791,7.179568,24c,X102020_136_3
145,X102020,-13.03125,6.42804,25.5518,20.503,1,6.892749,0.9582844,0.1712691,6.970003,1.124276,6.199548,24c,X102020_145_1
145,X102020,-13.03125,6.42804,25.5518,20.503,2,4.515802,0.9923619,0.005287896,9.161067,1.641869,5.579656,24c,X102020_145_2
146,X102020,-13.40625,5.38988,25.3002,20.823,1,31.35858,0.8877791,0.09753232,5.283494,1.28106,4.124314,24c,X102020_146_1
154,X102020,-15.90625,8.9625,21.81576,19.196,6,9.910909,0.9923619,0.03495887,7.413995,1.339331,5.535596,cd,X102020_154_6
004,X102120,-10.03125,11.46764,22.87244,43.415,5,1.711719,0.996181,0.02967098,11.43835,2.162363,5.289747,12r,X102120_004_5
007,X102120,-11.53125,7.59329,23.56778,42.91,3,1.349439,0.9782609,0.007050529,12.41512,2.205961,5.627987,46v,X102120_007_3
011,X102120,-9.4375,13.455,22.87022,42.36,3,0.09199908,0.9145123,0.001175088,16.13027,1.905602,8.464657,12m,X102120_011_3
011,X102120,-9.4375,13.455,22.87022,42.36,5,4.345544,0.985899,0.02555817,7.318068,1.377859,5.311187,12m,X102120_011_5
015,X102120,-11.875,7.85348,23.7975,41.56,6,4.264684,0.9527027,0.01586369,7.783809,1.699411,4.580297,46v,X102120_015_6
015,X102120,-11.875,7.85348,23.7975,41.56,7,1.119136,0.9527027,0.007931845,11.56671,1.569201,7.371087,46v,X102120_015_7
016,X102120,-12.8125,6.33256,23.5652,41.2,2,0.2070984,0.9994125,0.004994125,10.86698,1.997823,5.439413,46df,X102120_016_2
024,X102120,-12.9375,7.091,23.84141,39.675,5,3.001872,0.960047,0.01498237,7.101617,1.413068,5.025671,46v,X102120_024_5
024,X102120,-12.9375,7.091,23.84141,39.675,6,1.351265,0.960047,0.01204465,8.895416,1.784245,4.985535,46v,X102120_024_6
032,X102120,-13.9375,8.973,22.35244,38.85,6,1.698744,0.9245006,0.01821387,12.06902,1.698621,7.105185,46v,X102120_032_6
038,X102120,-11.375,14.39941,21.80651,38.563,2,0.08358491,0.9970623,0.001762632,15.07058,2.304999,6.538217,13l,X102120_038_2
039,X102120,-13.09375,12.88591,21.08405,37.963,4,1.06072,0.9576969,0.08578143,12.38133,1.949215,6.351957,13l,X102120_039_4
050,X102120,-13.875,11.4706,21.567,36.088,6,5.495283,0.9738543,0.02027027,4.65837,1.14208,4.078847,46v,X102120_050_6
050,X102120,-13.875,11.4706,21.567,36.088,7,0.4732303,0.9829612,0.004700352,6.935666,1.366233,5.076489,46v,X102120_050_7
050,X102120,-13.875,11.4706,21.567,36.088,8,0.3910804,0.9985312,0.002643948,17.82865,2.023902,8.80905,46v,X102120_050_8
066,X102120,-11.125,19.52018,17.2829,36.248,3,1.123911,0.9914806,0.005581669,12.55261,1.797346,6.98397,12l,X102120_066_3
077,X102120,-11.8125,19.75146,16.33057,35.303,3,5.469882,0.9612221,0.03936545,8.303357,2.262341,3.67025,12l,X102120_077_3
077,X102120,-11.8125,19.75146,16.33057,35.303,4,1.271221,0.974148,0.01057579,12.70955,1.714848,7.411471,12l,X102120_077_4
079,X102120,-11.9375,16.86973,19.39532,33.673,4,5.480133,0.9656287,0.1630435,7.649992,1.239411,6.172278,45,X102120_079_4
079,X102120,-11.9375,16.86973,19.39532,33.673,5,6.893348,0.9797297,0.004112808,10.8582,1.250405,8.683742,45,X102120_079_5
079,X102120,-11.9375,16.86973,19.39532,33.673,6,2.946051,0.9985312,0.02702703,20.76505,1.976621,10.50533,45,X102120_079_6
080,X102120,-15.8125,15.38088,17.2422,33.698,1,12.71335,0.9973561,0.005875441,13.68549,1.305635,10.48186,AI,X102120_080_1
080,X102120,-15.8125,15.38088,17.2422,33.698,2,1.05361,0.9894242,0.003819037,4.115399,0.7659847,5.372692,AI,X102120_080_2
080,X102120,-15.8125,15.38088,17.2422,33.698,6,6.43187,0.9494712,0.1730317,5.943793,0.8846141,6.71908,AI,X102120_080_6
084,X102120,-14.625,8.69124,23.14056,30.958,3,0.07529677,0.996181,0.02232667,11.65124,1.60267,7.26989,8B,X102120_084_3
086,X102120,-13.5,6.3091,25.0976,30.413,4,22.32892,0.9656287,0.04817861,6.882655,1.439593,4.780973,8B,X102120_086_4
093,X102120,-14.5,13.92272,20.08724,31.908,4,0.9548368,0.9941245,0.02115159,10.23783,1.657635,6.176167,45,X102120_093_4
097,X102120,-15.5625,7.71412,22.62384,29.548,4,0.652766,0.9929495,0.005875441,14.74436,1.804963,8.16879,8B,X102120_097_4
101,X102120,-12.9375,20.37168,15.23616,32.408,4,2.244435,0.9905993,0.04289072,7.706093,2.335651,3.299334,6VaVb,X102120_101_4
105,X102120,-14.625,13.5944,19.8082,26.568,4,1.123876,0.9914806,0.002350176,8.941737,1.547685,5.777493,6DC,X102120_105_4
109,X102120,-13.3125,7.37314,24.61733,26.944,1,11.11905,0.9982374,0.01850764,10.90647,1.450576,7.518716,6DR,X102120_109_1
117,X102120,-15.21875,13.82858,19.28102,25.152,4,2.613072,0.9879553,0.04524089,13.09218,1.561511,8.384303,pu,X102120_117_4
119,X102120,-17.875,11.1,18.25188,24.709,1,7.365564,0.9970623,0.009400705,12.01248,1.609465,7.463647,pu,X102120_119_1
121,X102120,-15.15625,8.55636,22.30456,24.175,2,12.47427,0.972973,0.03642773,5.230414,1.04035,5.027552,cd,X102120_121_2
129,X102120,-16.40625,12.62357,19.10797,23.243,3,17.52194,0.9976735,0.01116334,7.12969,1.314906,5.422206,pu,X102120_129_3
131,X102120,-15.75,10.21522,20.64686,22.967,2,4.923115,0.970329,0.1104583,5.589576,1.419734,3.937059,6DC,X102120_131_2
134,X102120,-15.9375,6.6356,22.80484,21.876,2,7.566286,0.9773796,0.1501175,6.840249,1.660801,4.118645,cd,X102120_134_2
134,X102120,-15.9375,6.6356,22.80484,21.876,4,5.568805,0.9973561,0.001762632,10.58264,1.765876,5.992856,cd,X102120_134_4
155,X102120,-14.5625,8.75662,23.87608,19.48,5,1.058316,0.9218566,0.05552291,12.96613,1.884154,6.88167,cd,X102120_155_5
157,X102120,-12.25,5.56238,27.12251,18.9,3,15.62717,0.9726792,0.09106933,7.061629,1.20636,5.853667,24c,X102120_157_3
007,X102220,-11.53125,7.59329,23.56778,42.91,3,1.391742,0.867215,0.004700352,10.51503,2.02611,5.189763,46v,X102220_007_3
011,X102220,-9.46875,13.453,22.76149,42.37,3,0.2095477,0.9679788,0.003231492,14.90379,1.567492,9.508051,12m,X102220_011_3
015,X102220,-11.875,7.85348,23.7975,41.56,3,5.144806,0.9656287,0.007050529,7.98831,1.437653,5.556495,46v,X102220_015_3
015,X102220,-11.875,7.85348,23.7975,41.56,4,1.423166,0.9723854,0.007050529,12.64717,1.495058,8.459315,46v,X102220_015_4
024,X102220,-12.9375,7.091,23.84141,39.675,4,1.192644,0.9791422,0.008225617,10.50977,1.713617,6.133089,46v,X102220_024_4
024,X102220,-12.9375,7.091,23.84141,39.675,6,3.564461,0.9770858,0.01762632,7.5227,1.712145,4.393729,46v,X102220_024_6
028,X102220,-9.125,15.043,22.80498,40.11,3,0.6829519,0.9979436,0.0005875441,12.38816,2.568309,4.823467,12l,X102220_028_3
038,X102220,-11.375,14.39941,21.80651,38.563,2,0.1786789,0.996181,0.002056404,13.97483,1.880475,7.431541,13l,X102220_038_2
039,X102220,-13.09375,12.88591,21.08405,37.963,2,1.641044,0.9911869,0.1260282,11.37816,1.634272,6.96222,13l,X102220_039_2
047,X102220,-11.15625,16.26841,20.89914,37.563,6,12.14363,0.9409518,0.1310223,6.336931,1.354131,4.679704,12o,X102220_047_6
047,X102220,-11.15625,16.26841,20.89914,37.563,7,0.3062156,0.9991187,0.004994125,17.14946,1.905303,9.000908,12o,X102220_047_7
050,X102220,-13.875,11.4706,21.567,36.088,4,0.3142635,0.943302,0.001175088,19.05753,1.75945,10.83152,46v,X102220_050_4
050,X102220,-13.875,11.4706,21.567,36.088,9,6.427944,0.9629847,0.02820211,5.057438,1.117748,4.524669,46v,X102220_050_9
050,X102220,-13.875,11.4706,21.567,36.088,10,0.7926212,0.9726792,0.007050529,6.893842,1.354831,5.088343,46v,X102220_050_10
063,X102220,-21.75,8.48246,16.67495,34.933,7,0.2555856,0.9950058,0.003525264,9.185474,1.871298,4.908611,AI,X102220_063_7
069,X102220,-15,15.24398,18.32668,35.058,2,0.8955886,0.9864865,0.01116334,6.349699,2.893025,2.19483,AI,X102220_069_2
071,X102220,-17,11.99141,18.77442,33.803,1,3.612639,0.9885429,0.1609871,7.323652,1.090355,6.716758,AI,X102220_071_1
074,X102220,-14.5,8.24864,23.87268,32.468,5,0.2054383,1,0,23.37587,2.083783,11.218,8B,X102220_074_5
074,X102220,-14.5,8.24864,23.87268,32.468,6,1.278339,0.9997062,0.002350176,12.97647,1.370947,9.465337,8B,X102220_074_6
075,X102220,-13.71875,6.6358,25.04909,31.928,1,5.895327,0.9788484,0.03349001,9.015171,1.857998,4.852088,8B,X102220_075_1
075,X102220,-13.71875,6.6358,25.04909,31.928,3,0.6462055,0.9788484,0.01351351,12.56971,2.634943,4.770392,8B,X102220_075_3
077,X102220,-11.8125,19.75146,16.33057,35.303,6,1.161501,0.9847239,0.01615746,12.13235,1.664767,7.287718,12l,X102220_077_6
079,X102220,-11.9375,16.86973,19.39532,33.673,1,15.32507,0.93302,0.1257344,4.974104,0.842191,5.906147,45,X102220_079_1
079,X102220,-11.9375,16.86973,19.39532,33.673,5,7.736022,0.9732667,0.004700352,11.64919,1.164372,10.00469,45,X102220_079_5
079,X102220,-11.9375,16.86973,19.39532,33.673,9,2.583309,0.9976498,0.003231492,17.90986,1.461501,12.25443,45,X102220_079_9
080,X102220,-15.8125,15.38088,17.2422,33.698,1,10.92155,0.9691539,0.01057579,8.949487,1.229934,7.276399,AI,X102220_080_1
080,X102220,-15.8125,15.38088,17.2422,33.698,5,1.383552,0.9791422,0.006756757,4.81106,1.030547,4.668455,AI,X102220_080_5
084,X102220,-14.75,8.68968,22.82742,31.003,2,0.8603164,0.9952996,0.04347826,10.12075,1.78861,5.658447,8B,X102220_084_2
086,X102220,-13.5,6.3091,25.0976,30.413,2,10.47315,0.9809048,0.01703878,7.74403,1.693058,4.573989,8B,X102220_086_2
088,X102220,-19.4375,3.42661,20.10988,30.633,3,1.754863,0.9903055,0.07784959,8.003655,1.486156,5.385473,cd,X102220_088_3
091,X102220,-11.1875,16.69552,20.20538,32.458,5,0.5676505,0.9900118,0.02350176,9.224763,1.344597,6.860617,45,X102220_091_5
091,X102220,-11.1875,16.69552,20.20538,32.458,6,2.107549,0.9900118,0,13.00305,2.062833,6.303493,45,X102220_091_6
095,X102220,-19.09375,9.77094,17.70794,30.678,1,21.2676,0.9550529,0.1862515,6.340975,1.017076,6.234513,pu,X102220_095_1
105,X102220,-14.625,13.5944,19.8082,26.568,3,2.006068,0.9882491,0.01556992,9.044641,1.872241,4.830917,6DC,X102220_105_3
108,X102220,-13.625,8.47262,23.85082,27.889,2,0.4560323,0.9386017,0.003819037,11.32545,1.413369,8.013087,6DC,X102220_108_2
109,X102220,-13.3125,7.37314,24.61733,26.944,4,10.80689,0.9929495,0.0252644,10.33778,1.426579,7.246553,6DR,X102220_109_4
110,X102220,-14.875,6.476,23.749,28.009,6,13.11371,0.9465335,0.08431257,7.006481,1.83832,3.811351,6DR,X102220_110_6
111,X102220,-14.625,5.70472,24.57788,27.052,1,11.17749,0.9973561,0.009106933,8.110605,1.440123,5.631884,6DR,X102220_111_1
117,X102220,-15.21875,13.82858,19.28102,25.152,6,0.5490698,0.9905993,0.02056404,11.29999,1.513221,7.467511,pu,X102220_117_6
119,X102220,-17.875,11.1,18.25188,24.709,2,33.72675,0.9979436,0.05581669,8.855543,1.114418,7.946337,pu,X102220_119_2
119,X102220,-17.875,11.1,18.25188,24.709,4,1.703251,0.9976498,0.004112808,7.103776,1.249408,5.685715,pu,X102220_119_4
121,X102220,-15.15625,8.55636,22.30456,24.175,1,8.693901,0.9773796,0.02085781,5.404773,1.067265,5.064136,cd,X102220_121_1
121,X102220,-15.15625,8.55636,22.30456,24.175,6,8.5321,0.9723854,0.1439483,4.517013,1.15943,3.895891,cd,X102220_121_6
123,X102220,-17.1875,5.80956,21.83008,26.493,3,3.474003,0.9932432,0.02849589,7.465707,1.115363,6.693524,cd,X102220_123_3
129,X102220,-16.40625,12.62357,19.10797,23.243,2,16.76468,0.9515276,0.03554641,4.908939,1.171827,4.189133,pu,X102220_129_2
130,X102220,-15.5625,11.271,20.61426,22.958,2,13.16417,1,0.003819037,13.22732,2.607532,5.072735,6VaVb,X102220_130_2
131,X102220,-15.75,10.21522,20.64686,22.967,3,6.605463,0.993537,0.05522914,7.431214,1.14423,6.494512,6DC,X102220_131_3
135,X102220,-14,4.28051,25.18214,24.313,2,13.97791,0.9955934,0.01380729,12.31989,1.465161,8.408555,24c,X102220_135_2
135,X102220,-14,4.28051,25.18214,24.313,5,2.782643,0.985899,0.009400705,5.903945,1.057939,5.58061,24c,X102220_135_5
136,X102220,-15.8125,2.68436,23.80166,24.577,1,31.11548,0.9594595,0.06991775,5.757218,1.04162,5.527174,24c,X102220_136_1
146,X102220,-13.46875,5.38988,25.3002,20.823,1,35.32258,0.936839,0.09958872,5.700049,1.311267,4.346977,24c,X102220_146_1
152,X102220,-17.1875,11.24526,19.08882,19.617,2,45.60515,0.9130435,0.2027027,7.048842,1.046677,6.734499,pu,X102220_152_2
157,X102220,-12.25,5.56238,27.12251,18.9,2,19.62739,0.9759107,0.1051704,6.593669,1.190712,5.537583,24c,X102220_157_2
004,X102320,-10.03125,11.46764,22.87244,43.415,3,0.4133697,0.9932432,0.04759107,11.95985,1.338257,8.936886,12r,X102320_004_3
006,X102320,-11.21875,9.06156,23.07544,43.39,1,5.585332,0.9459459,0.05493537,14.26377,2.140854,6.662653,46v,X102320_006_1
006,X102320,-11.21875,9.06156,23.07544,43.39,6,1.019839,0.8992362,0.0420094,8.616973,1.280035,6.731825,46v,X102320_006_6
011,X102320,-9.46875,13.453,22.76149,42.37,2,1.123062,0.9985312,0.003819037,21.32794,1.858953,11.47309,12m,X102320_011_2
011,X102320,-9.46875,13.453,22.76149,42.37,3,6.424494,0.9817861,0.01439483,11.04997,1.462122,7.557485,12m,X102320_011_3
022,X102320,-11.96875,10.05476,23.17876,40.44,1,5.355645,0.9688601,0.05493537,7.586146,1.672459,4.535924,46v,X102320_022_1
022,X102320,-11.96875,10.05476,23.17876,40.44,4,12.03322,0.9756169,0.0472973,5.256296,1.110266,4.734266,46v,X102320_022_4
024,X102320,-12.9375,7.091,23.84141,39.675,2,4.412055,0.9738543,0.02408931,6.956134,1.888641,3.683142,46v,X102320_024_2
024,X102320,-12.9375,7.091,23.84141,39.675,4,1.019814,0.987074,0.007050529,11.79602,1.571715,7.50519,46v,X102320_024_4
028,X102320,-9.15625,15.043,22.80498,40.11,2,0.4982989,0.9574031,0.00146886,11.29167,1.777067,6.354103,12l,X102320_028_2
028,X102320,-9.15625,15.043,22.80498,40.11,4,2.259243,0.985899,0.01498237,8.072152,1.916623,4.211654,12l,X102320_028_4
037,X102320,-9.5625,15.94957,22.1678,38.808,2,3.776028,0.987074,0.01792009,9.848739,1.885617,5.223086,12o,X102320_037_2
041,X102320,-14.75,9.95467,21.81934,37.213,2,0.4686517,0.9518214,0.04817861,8.693427,1.744372,4.983701,46v,X102320_041_2
041,X102320,-14.75,9.95467,21.81934,37.213,3,1.314473,0.8481199,0.009106933,10.1924,1.325856,7.687413,46v,X102320_041_3
046,X102320,-10.875,17.7132,19.0138,38.288,2,4.972489,0.9753231,0.1075206,6.732377,1.633677,4.120995,12o,X102320_046_2
050,X102320,-13.875,11.4706,21.567,36.088,1,0.5109563,1,0.001175088,18.95284,1.946026,9.739256,46v,X102320_050_1
050,X102320,-13.875,11.4706,21.567,36.088,3,8.106363,0.9691539,0.02350176,5.786369,1.202164,4.813294,46v,X102320_050_3
054,X102320,-21.5625,5.76276,17.09903,35.443,3,4.309033,0.9888366,0.039953,8.469276,1.467072,5.77291,13m,X102320_054_3
068,X102320,-15.375,16.80575,16.124,35.638,3,0.1846222,0.9940324,0.05934195,11.69567,1.762241,6.636817,12o,X102320_068_3
074,X102320,-14.5,8.24864,23.87268,32.468,3,0.1357847,0.9994125,0.00146886,17.76759,2.44631,7.263014,8B,X102320_074_3
075,X102320,-13.71875,6.6358,25.04909,31.928,3,0.8966534,0.9985312,0.03084606,11.37025,1.9929,5.70538,8B,X102320_075_3
077,X102320,-11.9375,19.7538,16.1631,35.338,3,1.230785,0.9656287,0.001175088,20.99821,2.49962,8.400558,12l,X102320_077_3
077,X102320,-11.9375,19.7538,16.1631,35.338,4,0.4329121,0.9656287,0.004406581,15.48242,2.081706,7.437372,12l,X102320_077_4
079,X102320,-11.9375,16.86973,19.39532,33.673,1,23.78109,0.9344888,0.08901293,5.967885,1.349966,4.420768,45,X102320_079_1
079,X102320,-11.9375,16.86973,19.39532,33.673,2,9.449382,0.9556404,0.04759107,9.684681,1.536756,6.302028,45,X102320_079_2
080,X102320,-15.8125,15.38088,17.2422,33.698,2,20.97352,0.9353701,0.1395417,6.487273,1.583437,4.096958,AI,X102320_080_2
084,X102320,-14.75,8.68968,22.82742,31.003,3,0.2574353,0.9979436,0.007931845,13.04697,1.909392,6.833048,8B,X102320_084_3
086,X102320,-13.5,6.3091,25.0976,30.413,3,0.8642759,0.9914806,0.02996475,9.861961,1.756098,5.615838,8B,X102320_086_3
091,X102320,-11.1875,16.69552,20.20538,32.458,3,1.915044,0.9929495,0.01057579,9.87995,1.472051,6.71169,45,X102320_091_3
093,X102320,-14.625,13.92584,19.83253,31.953,3,3.310147,0.996181,0.00146886,15.62979,1.728047,9.044773,45,X102320_093_3
100,X102320,-13.0625,3.21328,26.32236,28.148,3,1.465981,0.9829612,0.02350176,5.84079,1.304507,4.477392,24c,X102320_100_3
102,X102320,-13.25,17.95024,16.95592,31.628,2,0.5614595,0.9518214,0.004700352,10.0263,1.432172,7.000769,6VaVb,X102320_102_2
105,X102320,-14.625,13.5944,19.8082,26.568,3,0.5291676,0.9988249,0.006169213,12.15155,1.659242,7.323551,6DC,X102320_105_3
108,X102320,-13.625,8.47262,23.85082,27.889,3,1.057409,1,0.002350176,14.08913,1.688941,8.341991,6DC,X102320_108_3
117,X102320,-15.21875,13.82858,19.28102,25.152,3,0.9611905,0.9958872,0.01968273,13.36545,2.02251,6.608349,pu,X102320_117_3
118,X102320,-17.59375,12.539,17.4204,25.202,4,12.10367,0.9529965,0.0893067,4.89496,1.348564,3.629757,pu,X102320_118_4
119,X102320,-18,11.1,18.25188,24.709,2,34.3265,0.9779671,0.0693302,7.481459,1.060976,7.051491,pu,X102320_119_2
119,X102320,-18,11.1,18.25188,24.709,7,11.97494,0.9456522,0.1386604,6.085607,0.97465,6.243889,pu,X102320_119_7
121,X102320,-15.21875,8.55636,22.30456,24.175,4,1.472816,0.9976498,0.003525264,6.464691,1.216924,5.312323,cd,X102320_121_4
124,X102320,-16.8125,4.27652,22.5688,25.833,2,2.764242,0.9905993,0.1348414,7.348359,1.104877,6.650836,cd,X102320_124_2
128,X102320,-15.53125,13.64824,19.11574,23.574,3,1.826894,0.9876616,0.04847239,8.054392,1.179518,6.828543,pu,X102320_128_3
129,X102320,-16.53125,12.62357,19.10797,23.243,2,17.97848,0.9929495,0.03290247,6.304027,1.171607,5.380668,pu,X102320_129_2
130,X102320,-15.5625,11.271,20.61426,22.958,3,14.06232,0.9861927,0.1039953,7.080781,2.003357,3.534458,6VaVb,X102320_130_3
133,X102320,-16.25,7.70999,21.92119,22.191,2,3.897012,0.9236193,0.1104583,5.764746,1.466874,3.929953,cd,X102320_133_2
135,X102320,-14,4.28051,25.18214,24.313,1,12.07566,0.9982374,0.0005875441,11.95335,1.189134,10.05215,24c,X102320_135_1
145,X102320,-13.28125,6.44276,25.1477,20.523,3,4.647705,0.9735605,0.03584019,5.708156,1.143068,4.993715,24c,X102320_145_3
146,X102320,-13.59375,5.41397,24.88405,20.853,1,11.99519,0.9209753,0.03495887,7.025332,1.013962,6.928595,24c,X102320_146_1
146,X102320,-13.59375,5.41397,24.88405,20.853,2,11.86877,0.9209753,0.002643948,9.679912,1.147557,8.43523,24c,X102320_146_2
152,X102320,-17.1875,11.24526,19.08882,19.617,2,40.89392,0.9706228,0.1254407,6.992772,0.9707928,7.203156,pu,X102320_152_2
157,X102320,-12.375,5.56238,27.12251,18.9,2,10.84015,0.9626909,0.08960047,7.09673,1.345664,5.273777,24c,X102320_157_2
006,X102620,-11.21875,9.06156,23.07544,43.39,2,4.514304,0.9750293,0.02173913,11.83282,1.309163,9.038461,46v,X102620_006_2
006,X102620,-11.21875,9.06156,23.07544,43.39,3,6.054905,0.9750293,0.039953,7.735028,1.378093,5.612848,46v,X102620_006_3
011,X102620,-9.46875,13.453,22.76149,42.37,1,1.610536,0.9964747,0.002056404,19.61858,1.740873,11.26939,12m,X102620_011_1
011,X102620,-9.46875,13.453,22.76149,42.37,4,1.920431,0.9947121,0.05581669,8.388913,1.308228,6.412426,12m,X102620_011_4
011,X102620,-9.46875,13.453,22.76149,42.37,5,2.00034,0.9964747,0.04318449,10.93945,1.331713,8.214571,12m,X102620_011_5
013,X102620,-10.71875,10.672,23.33902,42.155,2,6.760553,0.9756169,0.03172738,7.119651,1.681548,4.233987,46v,X102620_013_2
015,X102620,-12,7.85214,23.64675,41.58,2,13.5644,0.9347826,0.06374853,6.132949,1.637156,3.746099,46v,X102620_015_2
015,X102620,-12,7.85214,23.64675,41.58,3,3.101567,0.9629847,0.01233843,8.790919,1.571388,5.594364,46v,X102620_015_3
022,X102620,-11.96875,10.05476,23.17876,40.44,2,6.066086,0.970329,0.03642773,7.774325,1.819304,4.273241,46v,X102620_022_2
024,X102620,-12.9375,7.091,23.84141,39.675,4,2.734483,0.9785547,0.002643948,8.364686,1.543429,5.419548,46v,X102620_024_4
024,X102620,-12.9375,7.091,23.84141,39.675,5,0.9620126,0.9785547,0.01028202,10.94388,1.430592,7.649896,46v,X102620_024_5
028,X102620,-9.15625,15.043,22.80498,40.11,2,5.630867,0.9823737,0.03819036,7.131235,1.965838,3.62758,12l,X102620_028_2
039,X102620,-13.09375,12.88591,21.08405,37.963,3,1.92442,0.9938308,0.1128085,8.792351,1.533307,5.734241,13l,X102620_039_3
041,X102620,-14.75,9.95467,21.81934,37.213,4,4.103275,0.980611,0.01586369,10.5203,1.784961,5.893855,46v,X102620_041_4
044,X102620,-18.8125,5.4819,19.61044,36.608,1,2.343776,0.9879553,0.1671563,6.975873,1.278251,5.457356,13m,X102620_044_1
047,X102620,-11.28125,16.27464,20.73556,37.588,3,2.706004,0.9911869,0.06169213,9.98012,1.220877,8.174551,12o,X102620_047_3
050,X102620,-13.875,11.4706,21.567,36.088,4,6.795898,0.9723854,0.01586369,5.047938,1.181406,4.272823,46v,X102620_050_4
050,X102620,-13.875,11.4706,21.567,36.088,5,0.427496,0.9982374,0,16.87641,2.047086,8.244115,46v,X102620_050_5
054,X102620,-21.625,5.76276,17.09903,35.443,2,5.302368,0.9864865,0.02027027,8.559577,1.705925,5.017557,13m,X102620_054_2
066,X102620,-11.25,19.52407,17.10685,36.278,3,1.197133,0.9647474,0.004112808,11.79981,1.991216,5.925934,12l,X102620_066_3
077,X102620,-11.9375,19.7538,16.1631,35.338,1,13.60407,0.9427145,0.07961222,8.538774,1.730592,4.934018,12l,X102620_077_1
077,X102620,-11.9375,19.7538,16.1631,35.338,2,1.425268,0.9427145,0.01145711,11.59965,2.020287,5.741587,12l,X102620_077_2
079,X102620,-11.9375,16.86973,19.39532,33.673,1,10.9782,0.9835488,0.01645123,10.39935,1.811733,5.740001,45,X102620_079_1
080,X102620,-15.875,15.38088,17.2422,33.698,3,6.673992,0.9964747,0.01674501,9.897188,1.284974,7.702251,AI,X102620_080_3
086,X102620,-13.625,6.3091,25.0976,30.413,2,11.56436,0.993537,0.006169213,6.187369,1.086498,5.694781,8B,X102620_086_2
086,X102620,-13.625,6.3091,25.0976,30.413,3,3.410244,0.9274383,0.0440658,10.26328,1.457818,7.040164,8B,X102620_086_3
091,X102620,-11.1875,16.69552,20.20538,32.458,2,1.964142,0.9926557,0.008225617,9.671424,1.38554,6.980258,45,X102620_091_2
093,X102620,-14.625,13.92584,19.83253,31.953,1,3.392174,0.9938308,0.005287896,14.29614,1.636727,8.734589,45,X102620_093_1
093,X102620,-14.625,13.92584,19.83253,31.953,3,2.881965,0.9853114,0.08842538,7.452335,1.297551,5.743385,45,X102620_093_3
102,X102620,-13.25,17.95024,16.95592,31.628,3,0.6930607,0.9803173,0.009400705,13.52004,1.907797,7.086729,6VaVb,X102620_102_3
102,X102620,-13.25,17.95024,16.95592,31.628,4,0.349263,0.9803173,0.002056404,13.15705,1.964458,6.69755,6VaVb,X102620_102_4
103,X102620,-14.6875,16.08884,17.07844,32.268,3,5.877713,0.9712104,0.01615746,9.253987,1.55451,5.952992,44,X102620_103_3
105,X102620,-14.625,13.5944,19.8082,26.568,4,0.6906936,0.9958872,0.01762632,10.20873,1.782151,5.728321,6DC,X102620_105_4
107,X102620,-19.9375,11.14085,16.31116,25.84,3,0.06844263,0.9970623,0.02262045,8.981239,3.868309,2.321748,pu,X102620_107_3
108,X102620,-13.625,8.47262,23.85082,27.889,2,1.192405,0.993537,0.02085781,8.740664,1.488689,5.871384,6DC,X102620_108_2
108,X102620,-13.625,8.47262,23.85082,27.889,3,0.7239755,0.9973561,0.002056404,14.75112,1.794025,8.222356,6DC,X102620_108_3
109,X102620,-13.4375,7.36968,24.29646,26.979,1,8.667822,0.8616334,0.01850764,7.174998,1.106588,6.483893,6DR,X102620_109_1
109,X102620,-13.4375,7.36968,24.29646,26.979,2,45.73793,0.9306698,0.1025264,5.372178,1.057682,5.0792,6DR,X102620_109_2
110,X102620,-15,6.4783,23.45698,28.059,3,4.690988,0.9900118,0.01498237,11.0783,1.324592,8.363556,6DR,X102620_110_3
117,X102620,-15.21875,13.82858,19.28102,25.152,3,0.7819231,0.9923619,0.005581669,13.63893,2.028678,6.723062,pu,X102620_117_3
121,X102620,-15.28125,8.55636,22.30456,24.175,5,5.774244,0.9565217,0.1089894,4.056225,0.9974908,4.066429,cd,X102620_121_5
129,X102620,-16.53125,12.62357,19.10797,23.243,3,17.15597,0.9494712,0.0840188,5.507931,1.187616,4.637807,pu,X102620_129_3
130,X102620,-15.5625,11.271,20.61426,22.958,3,15.52942,0.9888366,0.03760282,6.608264,1.137193,5.81103,6VaVb,X102620_130_3
145,X102620,-13.53125,6.44276,25.1477,20.523,3,4.468244,0.9582844,0.02320799,5.042873,1.019913,4.944413,24c,X102620_145_3
155,X102620,-15,8.80211,23.49874,19.505,1,13.43061,0.9941245,0.01410106,9.162413,1.230073,7.448675,cd,X102620_155_1
003,X102720,-7.0625,12.298,24.8325,43.78,5,0.2868696,0.987074,0.01086957,9.069896,4.090178,2.217482,12r,X102720_003_5
006,X102720,-11.25,9.06156,23.07544,43.39,2,4.147264,0.9283196,0.01086957,10.42547,1.19005,8.76053,46v,X102720_006_2
007,X102720,-11.65625,7.5907,23.4014,42.93,3,3.85662,0.9817861,0.01880141,8.45382,2.336375,3.618349,46v,X102720_007_3
011,X102720,-9.5,13.453,22.76149,42.37,2,1.174177,0.9861927,0.009988249,11.99736,1.477616,8.119399,12m,X102720_011_2
011,X102720,-9.5,13.453,22.76149,42.37,3,1.861028,0.9861927,0.001175088,16.79559,1.469396,11.43027,12m,X102720_011_3
013,X102720,-10.75,10.672,23.33902,42.155,3,9.108068,0.926557,0.1401293,5.902287,1.552589,3.801577,46v,X102720_013_3
013,X102720,-10.75,10.672,23.33902,42.155,5,0.1102844,1,0,21.65795,2.82109,7.677158,46v,X102720_013_5
015,X102720,-12.0625,7.85214,23.64675,41.58,3,3.358575,0.9926557,0.007344301,12.71855,1.749297,7.270666,46v,X102720_015_3
023,X102720,-12.4375,8.60021,23.55186,40.075,3,8.132572,0.9582844,0.03231492,7.730102,1.597523,4.838805,46v,X102720_023_3
024,X102720,-13,7.093,23.65064,39.7,3,1.252953,0.9932432,0.01586369,9.656,1.915939,5.039826,46v,X102720_024_3
024,X102720,-13,7.093,23.65064,39.7,4,2.614408,0.9932432,0.001762632,12.09942,1.604438,7.541216,46v,X102720_024_4
037,X102720,-9.625,15.94957,22.1678,38.808,3,1.648712,0.9985312,0.005287896,16.03661,1.911641,8.388921,12o,X102720_037_3
039,X102720,-13.125,12.88591,21.08405,37.963,2,12.82599,0.9641598,0.03378378,6.281543,1.081096,5.810347,13l,X102720_039_2
039,X102720,-13.125,12.88591,21.08405,37.963,3,0.8499924,0.9756169,0.08783784,8.122752,2.08125,3.902823,13l,X102720_039_3
041,X102720,-14.8125,9.96246,21.61992,37.238,3,2.422471,0.9982374,0.009694478,14.60332,1.676166,8.712333,46v,X102720_041_3
042,X102720,-18.96875,8.498,18.6166,37.288,3,1.07952,0.9894242,0.05699177,9.679491,2.034664,4.757293,13l,X102720_042_3
044,X102720,-18.9375,5.4819,19.61044,36.608,2,0.9773558,0.9853114,0.1201528,8.086583,1.202089,6.72711,13m,X102720_044_2
047,X102720,-11.34375,16.28087,20.57198,37.613,3,2.477747,0.9850176,0.01028202,11.34781,1.322944,8.577701,12o,X102720_047_3
047,X102720,-11.34375,16.28087,20.57198,37.613,4,0.6300169,0.9850176,0.001175088,12.37924,2.303084,5.375072,12o,X102720_047_4
050,X102720,-13.9375,11.47605,21.36525,36.113,3,0.3952091,0.9994125,0.001762632,19.16083,2.449213,7.823257,46v,X102720_050_3
056,X102720,-11.0625,17.5845,19.08005,37.013,3,0.15286,0.9950058,0.002056404,13.42367,3.517295,3.816476,45,X102720_056_3
066,X102720,-11.375,19.52796,16.9308,36.308,2,0.4886583,0.9923619,0.01909518,11.0175,2.672953,4.121844,12l,X102720_066_2
067,X102720,-14.75,17.98391,15.41101,36.078,2,1.286852,0.9947121,0.02555817,11.41585,2.44551,4.668086,12o,X102720_067_2
067,X102720,-14.75,17.98391,15.41101,36.078,4,1.8118,0.9941245,0.009988249,10.17661,1.54442,6.589275,12o,X102720_067_4
068,X102720,-15.6875,16.81665,15.71896,35.698,3,1.562995,0.9867803,0.1595182,9.346058,1.353572,6.904735,12o,X102720_068_3
075,X102720,-13.84375,6.6358,25.04909,31.928,3,0.4386212,0.9952996,0.008519389,17.96502,1.935974,9.279578,8B,X102720_075_3
079,X102720,-11.9375,16.86973,19.39532,33.673,3,10.21268,0.9594595,0.06580494,7.575288,1.718769,4.407392,45,X102720_079_3
080,X102720,-15.875,15.38088,17.2422,33.698,2,8.713474,0.9800235,0.0326087,7.673901,1.511081,5.078417,AI,X102720_080_2
093,X102720,-14.625,13.92584,19.83253,31.953,1,4.005253,0.9985312,0.004406581,10.88199,1.6407,6.632528,45,X102720_093_1
098,X102720,-16.875,6.27624,21.82262,29.318,1,21.69729,0.9059929,0.1313161,5.762355,1.404052,4.104091,cd,X102720_098_1
100,X102720,-13.1875,3.21328,26.32236,28.148,3,3.896569,0.9388954,0.02438308,7.062869,1.189489,5.937732,24c,X102720_100_3
100,X102720,-13.1875,3.21328,26.32236,28.148,4,4.155838,0.9388954,0.02144536,8.34947,1.242245,6.721274,24c,X102720_100_4
102,X102720,-13.25,17.95024,16.95592,31.628,3,0.2704522,1,0.001175088,20.577,2.705705,7.605041,6VaVb,X102720_102_3
106,X102720,-17.1875,12.58203,18.13396,26.099,3,12.39193,0.9221504,0.05728555,4.802129,1.070566,4.485597,pu,X102720_106_3
107,X102720,-20.0625,11.14085,16.31116,25.84,3,2.375051,0.9903055,0.0146886,8.252819,2.738559,3.013563,pu,X102720_107_3
108,X102720,-13.75,8.46108,23.56688,27.929,3,2.172872,0.9994125,0.006462985,9.731505,1.238582,7.856973,6DC,X102720_108_3
108,X102720,-13.75,8.46108,23.56688,27.929,4,0.1266749,0.9970623,0.007050529,11.12276,2.811351,3.956375,6DC,X102720_108_4
109,X102720,-13.4375,7.36968,24.29646,26.979,2,10.02394,0.9994125,0.0126322,11.12928,1.621736,6.862576,6DR,X102720_109_2
110,X102720,-15,6.4783,23.45698,28.059,5,8.085614,0.9268507,0.1219154,6.645817,1.396733,4.758115,6DR,X102720_110_5
117,X102720,-15.34375,13.82858,19.28102,25.152,2,0.7907856,0.9894242,0.007638073,14.22496,2.112105,6.73497,pu,X102720_117_2
129,X102720,-16.65625,12.62056,18.72776,23.253,3,11.82695,0.9456522,0.03760282,4.828779,1.471636,3.281233,pu,X102720_129_3
135,X102720,-14.125,4.28184,24.88776,24.353,1,7.927428,0.9991187,0.01380729,12.04973,1.303415,9.244743,24c,X102720_135_1
135,X102720,-14.125,4.28184,24.88776,24.353,3,4.459666,0.9817861,0.004700352,6.070673,1.114627,5.446373,24c,X102720_135_3
147,X102720,-12.0625,3.80282,27.76001,22.474,3,8.611986,0.9709166,0.09430082,6.063069,1.48357,4.086811,24c,X102720_147_3
152,X102720,-17.4375,11.24526,19.08882,19.617,2,25.34564,0.9932432,0.2071093,7.754714,1.165757,6.652085,pu,X102720_152_2
155,X102720,-15.125,8.8476,23.1214,19.53,1,10.73211,0.8974736,0.1606933,8.519235,1.422907,5.987203,cd,X102720_155_1
157,X102720,-12.5,5.6226,26.7077,18.93,3,7.244587,0.9644536,0.02438308,4.309137,1.02879,4.188549,24c,X102720_157_3
157,X102720,-12.5,5.6226,26.7077,18.93,5,13.31874,0.9347826,0.02585194,7.259441,1.087457,6.675612,24c,X102720_157_5
006,X102820,-11.25,9.06156,23.07544,43.39,3,4.367383,0.9626909,0.04759107,9.198152,1.166597,7.884603,46v,X102820_006_3
007,X102820,-11.65625,7.5907,23.4014,42.93,4,3.644377,0.9759107,0.01498237,7.946391,2.315783,3.431406,46v,X102820_007_4
011,X102820,-9.5,13.453,22.76149,42.37,3,0.751988,0.9800235,0.005581669,16.82965,2.482382,6.779636,12m,X102820_011_3
011,X102820,-9.5,13.453,22.76149,42.37,4,2.832797,0.9894242,0.01909518,9.384103,1.482028,6.331935,12m,X102820_011_4
013,X102820,-10.75,10.672,23.33902,42.155,3,0.1744139,1,0.002350176,22.90295,2.260717,10.13083,46v,X102820_013_3
015,X102820,-12.0625,7.85214,23.64675,41.58,3,6.367162,0.9759107,0.02350176,8.146865,1.512867,5.385051,46v,X102820_015_3
015,X102820,-12.0625,7.85214,23.64675,41.58,4,2.70052,0.976792,0.002350176,12.91548,1.792361,7.205846,46v,X102820_015_4
022,X102820,-12.15625,10.05609,23.01334,40.46,2,2.505294,0.8851351,0.0220329,9.544754,1.490189,6.405064,46v,X102820_022_2
022,X102820,-12.15625,10.05609,23.01334,40.46,4,13.66982,0.9947121,0.0326087,7.759011,1.065196,7.284117,46v,X102820_022_4
023,X102820,-12.4375,8.60021,23.55186,40.075,4,5.708997,0.9706228,0.03525265,8.955587,1.817679,4.926935,46v,X102820_023_4
024,X102820,-13,7.093,23.65064,39.7,4,2.617074,0.9756169,0.00293772,10.84921,1.556068,6.972195,46v,X102820_024_4
024,X102820,-13,7.093,23.65064,39.7,5,1.135905,0.9756169,0.005875441,10.91406,1.56909,6.95566,46v,X102820_024_5
028,X102820,-9.25,15.045,22.68225,40.125,3,0.9245781,0.9835488,0,13.6791,1.579605,8.659822,12l,X102820_028_3
028,X102820,-9.25,15.045,22.68225,40.125,6,0.1506742,0.8729339,0,20.57935,1.766051,11.65275,12l,X102820_028_6
029,X102820,-10.84375,13.9539,22.1017,39.9,4,1.213084,0.9988249,0.01762632,12.39863,2.298126,5.395107,12m,X102820_029_4
037,X102820,-9.625,15.94957,22.1678,38.808,3,1.247182,0.7925969,0.02144536,8.280514,1.539867,5.377422,12o,X102820_037_3
037,X102820,-9.625,15.94957,22.1678,38.808,6,1.21356,0.9932432,0.002643948,17.11046,2.813059,6.082511,12o,X102820_037_6
039,X102820,-13.1875,12.89448,20.8784,37.988,3,18.71729,0.96651,0.07902468,5.824327,1.031157,5.648344,13l,X102820_039_3
041,X102820,-14.8125,9.96246,21.61992,37.238,2,2.243071,0.989718,0.009988249,14.59177,1.573484,9.273542,46v,X102820_041_2
041,X102820,-14.8125,9.96246,21.61992,37.238,3,1.293655,0.987074,0.02643948,9.339186,1.74671,5.346728,46v,X102820_041_3
050,X102820,-13.9375,11.47605,21.36525,36.113,4,0.4056958,0.9970623,0.003819037,17.77715,1.798154,9.886333,46v,X102820_050_4
054,X102820,-21.6875,5.76276,17.09903,35.443,2,0.340493,0.9926557,0.006462985,14.15775,1.703491,8.311023,13m,X102820_054_2
056,X102820,-11.0625,17.5845,19.08005,37.013,3,0.1281268,0.983255,0.01057579,12.86285,2.327191,5.5272,45,X102820_056_3
056,X102820,-11.0625,17.5845,19.08005,37.013,4,0.1272373,0.983255,0.006169213,16.18118,2.139818,7.561944,45,X102820_056_4
066,X102820,-11.5,19.52796,16.9308,36.308,4,1.319259,0.9092245,0.03084606,9.355096,2.125062,4.402269,12l,X102820_066_4
066,X102820,-11.5,19.52796,16.9308,36.308,5,3.651891,0.9092245,0.002056404,10.26712,1.80631,5.684031,12l,X102820_066_5
069,X102820,-15.375,15.25956,17.84996,35.128,4,0.8464738,0.9994125,0,11.4383,1.949331,5.867806,AI,X102820_069_4
079,X102820,-12.0625,16.86973,19.39532,33.673,1,11.96705,0.9209753,0.01880141,4.052139,1.02499,3.953343,45,X102820_079_1
079,X102820,-12.0625,16.86973,19.39532,33.673,3,11.54884,0.9145123,0.1424794,5.051218,1.078447,4.683789,45,X102820_079_3
080,X102820,-15.9375,15.38556,17.0054,33.733,1,11.00348,0.9911869,0.02761457,8.420828,1.245965,6.758477,AI,X102820_080_1
086,X102820,-13.75,6.3091,25.0976,30.413,2,16.01334,0.9195065,0.02878966,8.380537,1.572434,5.32966,8B,X102820_086_2
086,X102820,-13.75,6.3091,25.0976,30.413,5,12.19363,0.9515276,0.01586369,4.976227,1.129313,4.40642,8B,X102820_086_5
091,X102820,-11.3125,16.69552,20.20538,32.458,1,1.970954,0.9988249,0,24.45539,2.69114,9.08737,45,X102820_091_1
091,X102820,-11.3125,16.69552,20.20538,32.458,2,0.3261022,0.9988249,0.007344301,14.64211,1.612446,9.080678,45,X102820_091_2
092,X102820,-13.25,15.423,20.0965,32.138,4,0.8075912,0.9985312,0.01821387,15.70759,2.880927,5.45227,45,X102820_092_4
093,X102820,-14.625,13.92584,19.83253,31.953,4,3.937727,0.9803173,0.04318449,7.453427,1.695642,4.395638,45,X102820_093_4
098,X102820,-16.9375,6.27624,21.82262,29.318,3,20.87532,0.9867803,0.1081081,7.083766,1.074793,6.590821,cd,X102820_098_3
102,X102820,-13.25,17.95024,16.95592,31.628,3,0.1930089,1,0,21.44255,2.010968,10.6628,6VaVb,X102820_102_3
105,X102820,-14.875,13.5944,19.8082,26.568,5,0.778244,0.9947121,0.002350176,10.26541,1.555417,6.599783,6DC,X102820_105_5
106,X102820,-17.3125,12.58203,18.13396,26.099,4,1.489865,0.9982374,0.04142186,9.197459,1.559034,5.899461,pu,X102820_106_4
108,X102820,-13.75,8.46108,23.56688,27.929,3,6.186199,0.9638661,0.03554641,7.435253,1.911062,3.890639,6DC,X102820_108_3
117,X102820,-15.34375,13.82858,19.28102,25.152,3,0.6150514,0.9923619,0.01410106,12.56576,1.493071,8.416053,pu,X102820_117_3
127,X102820,-17.84375,14.57432,16.66882,23.194,5,2.105739,0.9770858,0.02232667,7.998242,1.49617,5.345811,pu,X102820_127_5
140,X102820,-19.96875,12.70112,15.69808,21.715,3,0.855973,0.9888366,0.08548766,9.134844,2.328424,3.923187,pu,X102820_140_3
146,X102820,-13.84375,5.41397,24.88405,20.853,3,6.55764,0.9468272,0.02115159,9.912354,1.363078,7.27204,24c,X102820_146_3
146,X102820,-13.84375,5.41397,24.88405,20.853,4,17.48337,0.9468272,0.01380729,7.616774,1.105351,6.890822,24c,X102820_146_4
152,X102820,-17.5625,11.25329,18.67803,19.627,2,11.82112,1,0.001762632,17.25849,1.975162,8.737758,pu,X102820_152_2
157,X102820,-12.5,5.6226,26.7077,18.93,2,13.47975,0.934195,0.06639248,6.124717,1.038399,5.898229,24c,X102820_157_2
007,X102920,-11.71875,7.5907,23.4014,42.93,3,0.8148188,0.9923619,0.008225617,10.61631,1.824513,5.81871,46v,X102920_007_3
011,X102920,-9.5625,13.451,22.65276,42.38,3,5.905607,0.970329,0.1148649,7.213546,1.636744,4.407254,12m,X102920_011_3
012,X102920,-9.9375,12.56,23.24202,42.155,3,0.9804032,0.9973561,0.004994125,18.20214,2.082,8.742621,12m,X102920_012_3
013,X102920,-10.75,10.672,23.33902,42.155,3,0.3483789,0.9988249,0.003525264,16.32965,1.919177,8.508672,46v,X102920_013_3
014,X102920,-11.5625,9.2,23.24625,41.96,6,6.549649,0.9682726,0.06051704,6.56035,1.961287,3.34492,46v,X102920_014_6
015,X102920,-12.0625,7.85214,23.64675,41.58,2,2.389631,0.9879553,0.002056404,14.10675,1.686083,8.366583,46v,X102920_015_2
015,X102920,-12.0625,7.85214,23.64675,41.58,3,0.05854797,0.9929495,0.005581669,20.71831,2.756274,7.516781,46v,X102920_015_3
015,X102920,-12.0625,7.85214,23.64675,41.58,6,7.171913,0.9782609,0.07285547,8.511545,1.415572,6.012795,46v,X102920_015_6
023,X102920,-12.4375,8.60021,23.55186,40.075,6,2.933138,0.9744418,0.006169213,10.79166,1.760983,6.128203,46v,X102920_023_6
024,X102920,-13,7.093,23.65064,39.7,6,2.500591,0.96651,0.00146886,10.27579,1.572339,6.535351,46v,X102920_024_6
024,X102920,-13,7.093,23.65064,39.7,7,1.155618,0.96651,0.02115159,10.47082,1.532663,6.831783,46v,X102920_024_7
028,X102920,-9.25,15.045,22.68225,40.125,3,0.1804221,0.9944183,0.001175088,12.37104,2.110076,5.862842,12l,X102920_028_3
037,X102920,-9.625,15.94957,22.1678,38.808,3,1.091145,0.9917744,0.007050529,15.98969,3.32287,4.812011,12o,X102920_037_3
039,X102920,-13.21875,12.89448,20.8784,37.988,6,0.777865,0.9950058,0.05522914,10.56315,1.350593,7.821121,13l,X102920_039_6
040,X102920,-15.09375,11.46274,20.2785,37.738,5,3.121197,0.9662162,0.01850764,16.88788,2.368506,7.130183,13l,X102920_040_5
041,X102920,-14.875,9.96246,21.61992,37.238,4,1.239031,0.9694477,0.03965922,9.28398,1.428188,6.500532,46v,X102920_041_4
044,X102920,-19.1875,5.49125,19.3565,36.638,2,8.92133,0.9485899,0.05434782,6.522542,2.118754,3.07848,13m,X102920_044_2
047,X102920,-11.40625,16.28087,20.57198,37.613,3,1.359995,0.9964747,0.03760282,10.27511,1.542017,6.663424,12o,X102920_047_3
050,X102920,-13.9375,11.47605,21.36525,36.113,2,9.754171,0.9738543,0.02085781,5.550689,1.146766,4.840299,46v,X102920_050_2
050,X102920,-13.9375,11.47605,21.36525,36.113,4,0.3480834,0.9988249,0.00146886,19.01987,1.927388,9.86821,46v,X102920_050_4
054,X102920,-21.75,5.77288,16.80614,35.478,5,4.791558,0.9773796,0.02849589,8.8122,1.952317,4.513713,13m,X102920_054_5
056,X102920,-11.125,17.5845,19.08005,37.013,3,0.2696885,0.9952996,0.0326087,14.74554,1.593824,9.251674,12l,X102920_056_3
056,X102920,-11.125,17.5845,19.08005,37.013,4,1.294975,0.9932432,0.08019976,7.997834,1.921901,4.161419,12l,X102920_056_4
066,X102920,-11.5,19.52796,16.9308,36.308,7,0.6068875,0.9524089,0.02614571,11.19969,2.011804,5.566988,12l,X102920_066_7
066,X102920,-11.5,19.52796,16.9308,36.308,8,2.04175,0.9582844,0.00146886,12.31659,1.671358,7.369209,12l,X102920_066_8
067,X102920,-14.8125,17.98858,15.21238,36.108,6,1.379703,0.9970623,0.006756757,15.79274,3.463602,4.559629,12o,X102920_067_6
068,X102920,-15.8125,16.81665,15.71896,35.698,2,0.827138,0.9979436,0.005287896,12.20044,1.49814,8.143727,12o,X102920_068_2
075,X102920,-13.96875,6.6506,24.78268,31.968,7,1.963305,0.9838426,0.00146886,15.6905,1.533658,10.23077,8B,X102920_075_7
075,X102920,-13.96875,6.6506,24.78268,31.968,9,3.11607,0.9670975,0.04876616,8.441859,1.751649,4.819377,8B,X102920_075_9
075,X102920,-13.96875,6.6506,24.78268,31.968,11,0.5141643,0.9838426,0.003231492,21.19342,2.500734,8.474882,8B,X102920_075_11
077,X102920,-12.1875,19.75614,15.99563,35.373,2,3.186527,0.9970623,0.002643948,13.92467,1.911393,7.28509,12l,X102920_077_2
077,X102920,-12.1875,19.75614,15.99563,35.373,7,3.778171,0.998604,0.009694478,15.65489,1.998384,7.833772,12l,X102920_077_7
078,X102920,-14.84375,18.7333,14.6436,35.338,3,1.752186,0.9976498,0.07432432,10.12075,1.437257,7.041713,12o,X102920_078_3
079,X102920,-12.1875,16.87596,19.16164,33.708,4,2.83996,1,0.00293772,12.52457,1.567981,7.987704,45,X102920_079_4
080,X102920,-16,15.38556,17.0054,33.733,3,6.719996,0.996181,0.02262045,9.637356,1.218733,7.907684,AI,X102920_080_3
086,X102920,-13.75,6.3091,25.0976,30.413,1,10.23766,0.9941245,0.03172738,9.023208,1.781757,5.064218,8B,X102920_086_1
091,X102920,-11.3125,16.69552,20.20538,32.458,2,0.2888747,0.9976498,0.004406581,13.00876,1.454429,8.944239,45,X102920_091_2
091,X102920,-11.3125,16.69552,20.20538,32.458,4,1.714522,0.9988249,0,23.31743,2.656179,8.77856,45,X102920_091_4
092,X102920,-13.25,15.423,20.0965,32.138,3,0.7494969,0.9950058,0.02790834,10.60851,1.814167,5.847592,45,X102920_092_3
093,X102920,-14.625,13.92584,19.83253,31.953,3,0.9330916,0.9967685,0.02555817,9.338363,1.776488,5.256642,45,X102920_093_3
098,X102920,-16.9375,6.27624,21.82262,29.318,3,23.18687,0.9679788,0.07226792,5.889731,1.156739,5.091668,cd,X102920_098_3
100,X102920,-13.1875,3.21328,26.32236,28.148,2,19.83744,0.9374266,0.02820211,6.146803,1.410911,4.35662,24c,X102920_100_2
102,X102920,-13.25,17.95024,16.95592,31.628,2,0.169361,0.9973561,0.000293772,16.73013,1.698924,9.847487,6VaVb,X102920_102_2
109,X102920,-13.5625,7.36968,24.29646,26.979,6,0.1018589,0.9979436,0.0005875441,8.756948,1.664981,5.25949,6DR,X102920_109_6
110,X102920,-15.1875,6.4783,23.45698,28.059,4,7.850796,0.9712104,0.07226792,6.82638,1.527098,4.470164,6DR,X102920_110_4
116,X102920,-17.59375,14.58916,16.36882,26.21,1,29.62845,0.9309636,0.1909518,5.500902,1.02431,5.370347,pu,X102920_116_1
117,X102920,-15.46875,13.82557,18.91733,25.162,6,1.27008,0.9967685,0.01321974,12.16155,1.893793,6.421795,pu,X102920_117_6
124,X102920,-17.5625,4.29154,21.9286,25.913,3,4.599617,0.9914806,0.1313161,10.10613,1.520955,6.644596,cd,X102920_124_3
128,X102920,-16.03125,13.63622,18.70547,23.584,2,20.18802,0.9421269,0.1374853,5.339225,1.168219,4.570399,pu,X102920_128_2
128,X102920,-16.03125,13.63622,18.70547,23.584,4,2.700227,0.980611,0.09988249,11.41497,1.628771,7.008332,pu,X102920_128_4
135,X102920,-14.25,4.28184,24.88776,24.353,6,6.820906,0.9867803,0.06639248,9.278996,1.427001,6.502445,24c,X102920_135_6
146,X102920,-13.84375,5.41397,24.88405,20.853,2,10.34152,0.9800235,0.02497062,8.435028,1.094566,7.706277,24c,X102920_146_2
146,X102920,-13.84375,5.41397,24.88405,20.853,3,5.842789,0.9847239,0.01116334,11.79325,1.254628,9.399801,24c,X102920_146_3
147,X102920,-12.4375,3.82958,27.15519,22.564,6,0.5434537,0.9973561,0.009400705,10.51649,2.095977,5.017466,24c,X102920_147_6
151,X102920,-18.25,12.26001,17.69851,19.85785,2,4.062794,0.949765,0.05287896,5.447985,1.422183,3.830719,pu,X102920_151_2
152,X102920,-17.5625,11.25329,18.67803,19.627,2,40.47409,0.9785547,0.08372503,5.880657,0.9427009,6.238095,pu,X102920_152_2
003,X103020,-7.21875,12.29024,24.69197,43.795,7,0.8541412,0.9955934,0.01086957,9.507425,1.480468,6.421904,12r,X103020_003_7
004,X103020,-10.15625,11.4616,22.7026,43.43,3,5.246831,0.9644536,0.1227967,7.575872,1.783797,4.247047,12m,X103020_004_3
011,X103020,-9.625,13.451,22.65276,42.38,1,0.4640927,0.949765,0.06433608,10.9842,1.528723,7.185214,12m,X103020_011_1
011,X103020,-9.625,13.451,22.65276,42.38,8,0.3115772,0.976792,0.03172738,17.25496,2.559114,6.742554,12m,X103020_011_8
012,X103020,-9.9375,12.56,23.24202,42.155,5,3.801456,0.9788484,0.08372503,7.697386,1.422141,5.412532,12m,X103020_012_5
012,X103020,-9.9375,12.56,23.24202,42.155,6,2.870802,0.9994125,0.0005875441,11.99096,1.441003,8.321257,12m,X103020_012_6
013,X103020,-10.8125,10.672,23.33902,42.155,5,4.690412,0.9917744,0.01204465,7.714416,1.283894,6.00861,46v,X103020_013_5
013,X103020,-10.8125,10.672,23.33902,42.155,6,1.624022,0.9967685,0.03907168,10.14109,1.878664,5.39803,46v,X103020_013_6
014,X103020,-11.625,9.196,23.0895,41.98,6,1.153515,0.9929495,0.02643948,9.160543,1.948682,4.700891,46v,X103020_014_6
015,X103020,-12.0625,7.85214,23.64675,41.58,2,3.241447,0.9900118,0.004700352,12.74068,1.824528,6.983002,46v,X103020_015_2
015,X103020,-12.0625,7.85214,23.64675,41.58,3,6.790079,0.9753231,0.1051704,7.647446,1.39882,5.467071,46v,X103020_015_3
021,X103020,-12.625,11.59142,21.50134,40.98,5,5.212547,0.9885429,0.01733255,6.445897,1.108175,5.816679,11ml,X103020_021_5
021,X103020,-12.625,11.59142,21.50134,40.98,6,0.6014407,0.8005288,0.03407755,10.0776,1.470495,6.853205,11ml,X103020_021_6
023,X103020,-12.4375,8.60021,23.55186,40.075,1,3.423892,0.9770858,0.006169213,9.929098,1.766716,5.620086,46v,X103020_023_1
024,X103020,-13,7.093,23.65064,39.7,3,2.335309,0.9673913,0.006169213,9.515053,1.514229,6.283762,46v,X103020_024_3
024,X103020,-13,7.093,23.65064,39.7,4,1.280263,0.9673913,0.01439483,10.47361,1.463996,7.154121,46v,X103020_024_4
029,X103020,-10.9375,13.9539,22.1017,39.9,3,3.359795,0.9976498,0.0346651,10.17002,1.73843,5.850117,12m,X103020_029_3
037,X103020,-9.75,15.95424,22.0346,38.828,2,3.687887,0.979436,0.0326087,9.22587,1.967762,4.688509,12o,X103020_037_2
037,X103020,-9.75,15.95424,22.0346,38.828,3,1.74165,0.9947121,0.00293772,16.7076,1.786656,9.351329,12o,X103020_037_3
038,X103020,-11.53125,14.40564,21.63904,38.588,6,0.07868061,0.8282143,0.002350176,15.97206,1.649082,9.685428,13l,X103020_038_6
040,X103020,-15.09375,11.46274,20.2785,37.738,5,1.419677,0.9900118,0.03936545,16.47706,1.496071,11.01355,13l,X103020_040_5
041,X103020,-14.875,9.96246,21.61992,37.238,2,1.263917,0.9635723,0.04582844,11.57123,1.551569,7.457759,46v,X103020_041_2
050,X103020,-14.0625,11.47605,21.36525,36.113,6,0.2527744,0.9988249,0,17.52094,1.698498,10.31554,46v,X103020_050_6
054,X103020,-21.875,5.77288,16.80614,35.478,3,0.3289258,0.9591657,0.01410106,10.20973,1.270067,8.038729,13m,X103020_054_3
054,X103020,-21.875,5.77288,16.80614,35.478,6,0.8558393,0.9591657,0.01233843,16.08769,2.013157,7.991274,13m,X103020_054_6
057,X103020,-13.4375,16.43925,18.35915,36.838,2,12.25174,0.9148061,0.07931845,5.024971,1.147881,4.377604,12o,X103020_057_2
066,X103020,-11.5,19.52796,16.9308,36.308,3,0.911227,0.9409518,0.02085781,10.07663,1.783071,5.651279,12l,X103020_066_3
066,X103020,-11.5,19.52796,16.9308,36.308,5,1.646927,0.970329,0.0005875441,13.47364,1.791661,7.520191,12l,X103020_066_5
075,X103020,-13.96875,6.6506,24.78268,31.968,4,0.9279482,0.9958872,0.02291422,12.58808,1.943523,6.476939,8B,X103020_075_4
077,X103020,-12.1875,19.75614,15.99563,35.373,2,4.035154,0.9735605,0.002350176,15.28335,1.538094,9.936546,12l,X103020_077_2
077,X103020,-12.1875,19.75614,15.99563,35.373,4,0.4361169,0.9735605,0.004700352,10.30062,1.77157,5.8144,12l,X103020_077_4
077,X103020,-12.1875,19.75614,15.99563,35.373,6,2.818787,0.996181,0.000293772,14.88369,1.905749,7.80989,12l,X103020_077_6
078,X103020,-14.84375,18.7333,14.6436,35.338,5,0.648094,0.9923619,0.01351351,13.9694,2.250502,6.207236,12o,X103020_078_5
079,X103020,-12.1875,16.87596,19.16164,33.708,3,5.750436,0.9424207,0.01615746,6.928933,1.037484,6.678596,45,X103020_079_3
079,X103020,-12.1875,16.87596,19.16164,33.708,5,2.389726,0.9979436,0.004406581,13.85802,1.569785,8.827974,45,X103020_079_5
086,X103020,-13.875,6.31688,24.79848,30.458,2,16.48484,0.9647474,0.0126322,8.621106,1.237322,6.967555,8B,X103020_086_2
086,X103020,-13.875,6.31688,24.79848,30.458,3,7.157921,0.9773796,0.01586369,6.307996,1.179035,5.350134,8B,X103020_086_3
091,X103020,-11.3125,16.69552,20.20538,32.458,2,1.657544,0.9988249,0,20.19563,2.218444,9.103514,45,X103020_091_2
091,X103020,-11.3125,16.69552,20.20538,32.458,5,0.3959264,0.9967685,0.009106933,10.15007,1.289734,7.869897,45,X103020_091_5
093,X103020,-14.625,13.92584,19.83253,31.953,3,2.57011,0.9997062,0.004112808,12.98218,1.46473,8.863191,45,X103020_093_3
098,X103020,-17.0625,6.2778,21.51415,29.363,2,5.659383,0.9811986,0.01321974,4.493906,1.284317,3.499063,cd,X103020_098_2
100,X103020,-13.3125,3.21328,26.32236,28.148,5,4.132613,0.9941245,0.01116334,9.349124,1.277888,7.316077,24c,X103020_100_5
102,X103020,-13.375,17.94728,16.72324,31.668,3,0.7995387,0.989718,0.02173913,9.690041,2.023361,4.789081,6VaVb,X103020_102_3
103,X103020,-14.9375,16.0849,16.85365,32.313,3,1.803918,0.9826674,0.001762632,25.85819,2.444896,10.5764,44,X103020_103_3
103,X103020,-14.9375,16.0849,16.85365,32.313,8,0.5659581,0.9826674,0,35.41201,3.123462,11.33742,44,X103020_103_8
104,X103020,-12.875,14.70068,20.5804,30.988,2,44.82774,0.9706228,0.07403056,7.11722,1.550688,4.589719,45,X103020_104_2
105,X103020,-15,13.58981,19.44038,26.578,4,0.3165056,0.9221504,0.01556992,9.588995,1.395401,6.871856,6DC,X103020_105_4
105,X103020,-15,13.58981,19.44038,26.578,8,0.5732304,0.9800235,0.0008813161,15.71188,1.751781,8.969088,6DC,X103020_105_8
106,X103020,-17.5625,12.58586,17.71252,26.109,5,5.286889,0.993537,0.02173913,10.14066,1.385062,7.321444,pu,X103020_106_5
108,X103020,-14,8.44954,23.28294,27.969,4,0.6973193,0.993537,0.01204465,10.52473,1.390183,7.57075,6DC,X103020_108_4
109,X103020,-13.6875,7.36968,24.29646,26.979,2,48.09716,0.9130435,0.1037015,5.25717,1.059067,4.963962,6DR,X103020_109_2
109,X103020,-13.6875,7.36968,24.29646,26.979,5,3.538748,0.9950058,0.07784959,9.741702,1.425484,6.83396,6DR,X103020_109_5
110,X103020,-15.3125,6.4806,23.16496,28.109,3,0.6211702,0.9947121,0.03290247,8.495476,1.562988,5.435406,6DR,X103020_110_3
114,X103020,-13.9375,19.41736,16.24952,31.762,2,4.760449,0.9958872,0.02702703,10.0986,1.50131,6.726525,6VaVb,X103020_114_2
117,X103020,-15.46875,13.82557,18.91733,25.162,6,0.7368957,0.9908931,0.05787309,10.85953,1.450131,7.488659,pu,X103020_117_6
127,X103020,-18.34375,14.55328,16.24653,23.194,2,5.752221,0.9715041,0.06316099,7.156927,1.213147,5.899472,pu,X103020_127_2
128,X103020,-16.03125,13.63622,18.70547,23.584,2,23.49061,0.970329,0.09900118,5.630793,1.111356,5.066597,pu,X103020_128_2
135,X103020,-14.375,4.28184,24.88776,24.353,2,26.15452,0.9462397,0.1471798,5.750245,1.709982,3.362751,24c,X103020_135_2
140,X103020,-20.21875,12.70112,15.69808,21.715,2,1.074196,0.9480023,0.04318449,8.045752,1.90411,4.225465,pu,X103020_140_2
146,X103020,-13.84375,5.41397,24.88405,20.853,3,13.01906,0.9847239,0.04494712,8.671315,1.127195,7.692827,24c,X103020_146_3
146,X103020,-13.84375,5.41397,24.88405,20.853,4,4.62756,0.9847239,0.01880141,12.07733,1.471491,8.207548,24c,X103020_146_4
152,X103020,-17.5625,11.25329,18.67803,19.627,2,37.19216,0.9059929,0.1098707,4.677771,1.004843,4.655224,pu,X103020_152_2
157,X103020,-12.75,5.6226,26.7077,18.93,3,0.5683771,0.9994125,0,19.39668,1.961216,9.890133,24c,X103020_157_3
003,X110220,-7.21875,12.29024,24.69197,43.795,2,2.400373,0.972973,0.0619859,7.955957,1.714653,4.639981,12r,X110220_003_2
011,X110220,-9.625,13.451,22.65276,42.38,2,0.1598046,0.9576969,0,16.79637,1.784287,9.413494,12m,X110220_011_2
013,X110220,-10.8125,10.672,23.33902,42.155,3,1.358308,0.9929495,0.05934195,8.474502,1.605786,5.277478,46v,X110220_013_3
024,X110220,-13,7.093,23.65064,39.7,3,2.463859,0.983255,0.002643948,10.06892,1.563418,6.440326,46v,X110220_024_3
024,X110220,-13,7.093,23.65064,39.7,4,1.241143,0.983255,0.01792009,9.337008,1.457246,6.407299,46v,X110220_024_4
025,X110220,-16.4375,5.60491,21.11142,39.69,4,3.037352,0.9785547,0.005287896,15.91,2.161585,7.360338,11ml,X110220_025_4
025,X110220,-16.4375,5.60491,21.11142,39.69,7,1.716991,0.9947121,0.008813161,6.648515,1.07964,6.158083,11ml,X110220_025_7
037,X110220,-9.75,15.95424,22.0346,38.828,3,1.868288,0.9829612,0.01116334,10.71512,1.599535,6.698896,12o,X110220_037_3
041,X110220,-14.875,9.96246,21.61992,37.238,2,2.302809,0.985899,0.009694478,9.03084,1.92242,4.69764,46v,X110220_041_2
047,X110220,-11.53125,16.2871,20.4084,37.638,3,0.6456434,0.9500588,0.01909518,11.69902,1.709001,6.845529,12o,X110220_047_3
048,X110220,-13.09375,15.22054,20.25216,37.368,5,2.05357,0.9844301,0.04524089,6.477962,1.881723,3.44257,12o,X110220_048_5
050,X110220,-14.0625,11.47605,21.36525,36.113,3,0.2083149,0.9973561,0.009400705,12.03975,1.656262,7.269228,46v,X110220_050_3
056,X110220,-11.375,17.5923,18.74199,37.063,2,2.507108,0.9847239,0.02790834,8.220306,2.583184,3.182238,12l,X110220_056_2
056,X110220,-11.375,17.5923,18.74199,37.063,3,0.06479274,0.9888366,0.003231492,14.13937,2.396451,5.900131,12l,X110220_056_3
057,X110220,-13.4375,16.43925,18.35915,36.838,2,8.843318,0.9764982,0.04435958,6.07062,1.140641,5.322114,12o,X110220_057_2
057,X110220,-13.4375,16.43925,18.35915,36.838,3,0.5996319,0.9803173,0.009106933,6.488339,1.459359,4.446022,12o,X110220_057_3
065,X110220,-17.875,5.18512,21.33309,33.568,3,1.761311,0.9952996,0.1492362,8.492454,1.153194,7.364291,cd,X110220_065_3
066,X110220,-11.5,19.52796,16.9308,36.308,2,1.131676,0.9973561,0.001175088,12.6761,1.716615,7.384357,12l,X110220_066_2
067,X110220,-14.9375,17.98858,15.21238,36.108,4,2.507614,0.9650411,0.05611046,13.2887,1.862494,7.134893,12o,X110220_067_4
068,X110220,-15.9375,16.8221,15.51644,35.728,2,2.789118,0.9782609,0.01821387,7.327189,2.13535,3.431377,12o,X110220_068_2
075,X110220,-13.96875,6.6506,24.78268,31.968,3,1.826864,0.9929495,0.05699177,11.21593,1.898275,5.908486,8B,X110220_075_3
075,X110220,-13.96875,6.6506,24.78268,31.968,4,0.07108005,0.9917744,0.0005875441,29.21685,3.09309,9.445845,8B,X110220_075_4
077,X110220,-12.1875,19.75614,15.99563,35.373,2,1.0484,0.9732667,0.06051704,7.146225,1.49002,4.796059,12l,X110220_077_2
077,X110220,-12.1875,19.75614,15.99563,35.373,3,3.978019,0.9926557,0.03672151,14.80697,2.228051,6.645705,12l,X110220_077_3
078,X110220,-14.84375,18.7333,14.6436,35.338,3,0.6108698,0.9976498,0.007638073,13.99034,2.888351,4.843712,12o,X110220_078_3
080,X110220,-16.25,15.39024,16.7686,33.768,3,2.016652,0.9903055,0.04759107,8.992184,1.361913,6.602611,AI,X110220_080_3
086,X110220,-13.875,6.31688,24.79848,30.458,3,6.501405,0.9979436,0.113396,10.40124,1.324784,7.851273,8B,X110220_086_3
088,X110220,-20.5,3.45465,18.8542,30.813,5,0.1029045,0.9970623,0.004700352,9.249083,2.312147,4.000213,cd,X110220_088_5
091,X110220,-11.3125,16.69552,20.20538,32.458,3,1.483549,0.9994125,0,24.53872,2.665809,9.204983,45,X110220_091_3
091,X110220,-11.3125,16.69552,20.20538,32.458,4,0.3497707,0.996181,0.01145711,9.950896,1.273983,7.810855,45,X110220_091_4
092,X110220,-13.375,15.42534,19.83789,32.183,3,1.236701,0.9691539,0.01762632,10.05319,1.513702,6.641464,45,X110220_092_3
100,X110220,-13.3125,3.21328,26.32236,28.148,3,0.1511375,1,0.01116334,14.93197,1.577849,9.463497,24c,X110220_100_3
102,X110220,-13.375,17.94728,16.72324,31.668,3,3.453943,0.9994125,0.002643948,8.798864,1.399746,6.286045,6VaVb,X110220_102_3
102,X110220,-13.375,17.94728,16.72324,31.668,4,0.9974951,0.9917744,0.002643948,18.15719,1.886095,9.626869,6VaVb,X110220_102_4
102,X110220,-13.375,17.94728,16.72324,31.668,5,0.1360564,0.9917744,0.0005875441,15.74028,1.90953,8.243012,6VaVb,X110220_102_5
103,X110220,-14.9375,16.0849,16.85365,32.313,1,4.387217,0.9929495,0.00293772,11.04961,1.042772,10.59638,44,X110220_103_1
103,X110220,-14.9375,16.0849,16.85365,32.313,6,0.8726118,0.9174501,0.002350176,20.21647,1.619271,12.48492,44,X110220_103_6
103,X110220,-14.9375,16.0849,16.85365,32.313,8,3.241526,0.9556404,0.03143361,5.945136,1.380903,4.305251,44,X110220_103_8
104,X110220,-12.875,14.70068,20.5804,30.988,2,1.563639,0.9891304,0.10047,9.70587,1.513124,6.414456,45,X110220_104_2
104,X110220,-12.875,14.70068,20.5804,30.988,3,9.066487,0.9944183,0.002056404,12.03625,1.910873,6.298823,45,X110220_104_3
105,X110220,-15,13.58981,19.44038,26.578,3,0.603861,0.9967685,0.009400705,12.51205,1.429222,8.754447,6DC,X110220_105_3
107,X110220,-20.6875,11.14595,15.46572,25.86,1,3.749428,0.9770858,0.01233843,4.804496,1.66811,2.880203,pu,X110220_107_1
108,X110220,-14,8.44954,23.28294,27.969,1,7.72738,0.9720917,0.01351351,8.25516,1.854685,4.450976,6DC,X110220_108_1
109,X110220,-13.6875,7.36968,24.29646,26.979,3,11.42372,0.9095182,0.02408931,8.66482,1.238755,6.99478,6DR,X110220_109_3
109,X110220,-13.6875,7.36968,24.29646,26.979,5,26.61366,0.8933607,0.06756756,5.044006,1.308849,3.853771,6DR,X110220_109_5
114,X110220,-14.0625,19.4266,16.03945,31.812,3,0.5145115,0.9920682,0.003231492,9.97151,1.490957,6.687994,6VaVb,X110220_114_3
129,X110220,-17.53125,12.61454,17.96734,23.273,3,5.470104,0.9576969,0.02761457,4.253983,1.240807,3.428401,pu,X110220_129_3
135,X110220,-14.375,4.28184,24.88776,24.353,2,14.27515,0.9438896,0.2068155,5.652579,1.693821,3.337177,24c,X110220_135_2
013,X110320,-10.875,10.67,23.20028,42.17,3,4.907811,0.9668038,0.004994125,9.116868,1.839629,4.95582,46v,X110320_013_3
020,X110320,-11,13.605,22.1127,41.26,3,1.525493,0.989718,0.06227967,8.038031,1.363429,5.895452,12m,X110320_020_3
023,X110320,-12.5,8.60088,23.35708,40.1,2,4.904943,0.9885429,0.02173913,10.34334,1.592723,6.494124,46v,X110320_023_2
024,X110320,-13.125,7.093,23.65064,39.7,2,2.163805,1,0,21.30349,2.073465,10.27434,46v,X110320_024_2
025,X110320,-16.4375,5.60491,21.11142,39.69,3,1.819853,0.9738543,0.04994125,9.505698,1.628353,5.837615,11ml,X110320_025_3
025,X110320,-16.4375,5.60491,21.11142,39.69,4,6.165114,0.9723854,0.04112808,7.484244,1.628703,4.595219,11ml,X110320_025_4
025,X110320,-16.4375,5.60491,21.11142,39.69,5,2.234995,0.9958872,0.007931845,7.174276,1.089839,6.58288,11ml,X110320_025_5
028,X110320,-9.375,15.047,22.55952,40.14,3,1.283544,0.9841363,0.03407755,8.721632,2.145884,4.064355,12l,X110320_028_3
028,X110320,-9.375,15.047,22.55952,40.14,4,0.3700959,0.9841363,0.0008813161,8.345189,1.708511,4.88448,12l,X110320_028_4
029,X110320,-11,13.95857,21.94761,39.92,3,3.075859,1,0.002643948,19.41222,2.358663,8.230179,12m,X110320_029_3
030,X110320,-12.96875,11.94794,21.3685,39.64,3,0.686527,0.9923619,0.03143361,10.41854,1.672789,6.228245,13l,X110320_030_3
034,X110320,-18.125,5.95358,19.40722,38.72,3,3.913121,0.9750293,0.04582844,7.64827,1.636246,4.674279,13m,X110320_034_3
037,X110320,-9.8125,15.95891,21.9014,38.848,3,2.063912,0.9726792,0.05699177,9.114503,1.371925,6.643588,12o,X110320_037_3
037,X110320,-9.8125,15.95891,21.9014,38.848,4,1.17041,0.9726792,0.02996475,10.38573,1.407744,7.377568,12o,X110320_037_4
038,X110320,-11.59375,14.40564,21.63904,38.588,4,1.691308,0.9985312,0.00146886,14.43412,2.263534,6.376805,13l,X110320_038_4
040,X110320,-15.15625,11.46975,20.07675,37.763,1,9.457052,0.9509401,0.08842538,7.891918,1.56916,5.029389,13l,X110320_040_1
044,X110320,-19.4375,5.5006,19.10256,36.668,3,12.74547,0.9544653,0.1348414,6.417259,1.731686,3.705786,13m,X110320_044_3
046,X110320,-11.03125,17.71866,18.86034,38.308,3,0.3902979,0.993537,0.03437133,10.85219,2.484337,4.368244,12o,X110320_046_3
056,X110320,-11.375,17.5923,18.74199,37.063,3,2.310856,0.9744418,0.1125147,6.990582,2.574388,2.715435,12l,X110320_056_3
058,X110320,-14.625,14.96933,18.40394,36.518,3,3.696763,0.9976498,0.02467685,9.310533,1.39375,6.680203,12o,X110320_058_3
065,X110320,-18,5.20148,21.07136,33.608,3,2.51289,0.9988249,0.04612221,9.434336,1.275122,7.398771,cd,X110320_065_3
066,X110320,-11.625,19.53185,16.75475,36.338,3,5.686232,0.9623972,0.01498237,7.79424,1.44288,5.401864,12l,X110320_066_3
066,X110320,-11.625,19.53185,16.75475,36.338,4,0.8675472,0.9976498,0,15.26725,1.793679,8.511694,12l,X110320_066_4
071,X110320,-17.9375,12.00697,17.79914,33.943,2,0.2389293,0.9944183,0.005875441,8.362209,3.446084,2.426583,AI,X110320_071_2
075,X110320,-13.96875,6.6506,24.78268,31.968,3,4.115413,0.9947121,0.003525264,10.82565,1.518697,7.128247,8B,X110320_075_3
078,X110320,-14.90625,18.7333,14.6436,35.338,3,5.77069,0.9856052,0.01351351,10.2513,1.436487,7.136366,12o,X110320_078_3
079,X110320,-12.3125,16.87596,19.16164,33.708,2,2.577679,0.9900118,0.009400705,8.683401,1.35822,6.393222,45,X110320_079_2
086,X110320,-14,6.31688,24.79848,30.458,3,5.688443,0.9809048,0.01145711,10.88675,1.346647,8.08434,8B,X110320_086_3
086,X110320,-14,6.31688,24.79848,30.458,4,0.6613661,0.9809048,0.009400705,12.3636,1.532063,8.069901,8B,X110320_086_4
091,X110320,-11.4375,16.69864,19.96391,32.503,2,1.559096,1,0.0005875441,35.60049,3.531772,10.08007,45,X110320_091_2
091,X110320,-11.4375,16.69864,19.96391,32.503,6,2.052215,0.9894242,0,14.89219,1.678036,8.874776,45,X110320_091_6
091,X110320,-11.4375,16.69864,19.96391,32.503,7,2.164078,0.9894242,0.02027027,6.932145,1.179514,5.87712,45,X110320_091_7
091,X110320,-11.4375,16.69864,19.96391,32.503,10,0.6188201,0.9894242,0.0146886,10.15869,1.206565,8.419507,45,X110320_091_10
093,X110320,-14.75,13.92584,19.83253,31.953,3,4.257185,0.9876616,0.01909518,8.814959,1.667712,5.28566,45,X110320_093_3
100,X110320,-13.4375,3.2164,26.0248,28.188,3,2.059874,0.9917744,0.0005875441,11.55723,1.648693,7.009935,24c,X110320_100_3
101,X110320,-15.0625,20.41502,13.28399,32.793,3,1.024388,0.9914806,0.01410106,9.035423,1.7151,5.268162,6VaVb,X110320_101_3
102,X110320,-13.375,17.94728,16.72324,31.668,3,3.137519,0.9964747,0.003525264,7.283165,1.253317,5.811111,6VaVb,X110320_102_3
102,X110320,-13.375,17.94728,16.72324,31.668,4,0.1360081,0.9932432,0.003231492,13.20979,1.820741,7.255171,6VaVb,X110320_102_4
103,X110320,-14.9375,16.0849,16.85365,32.313,2,4.314334,0.9682726,0.002056404,18.11425,1.786257,10.1409,44,X110320_103_2
104,X110320,-12.875,14.70068,20.5804,30.988,1,38.08425,0.8998237,0.1034078,6.326648,1.266166,4.996695,45,X110320_104_1
106,X110320,-17.6875,12.58586,17.71252,26.109,2,0.5966011,0.9268507,0.01762632,11.29847,1.323257,8.538381,pu,X110320_106_2
109,X110320,-13.6875,7.36968,24.29646,26.979,2,1.066399,0.9911869,0.01762632,10.38737,1.472599,7.053767,6DR,X110320_109_2
112,X110320,-17.25,4.14232,22.01786,27.371,3,5.552484,1,0.03525265,10.83863,1.400921,7.736794,cd,X110320_112_3
117,X110320,-15.71875,13.82557,18.91733,25.162,2,0.8643782,0.9914806,0.02438308,11.85448,1.571073,7.545469,pu,X110320_117_2
145,X110320,-14.90625,6.50164,23.5313,20.603,4,3.584579,0.9950058,0.003819037,7.200949,1.655119,4.350713,24c,X110320_145_4
155,X110320,-16,8.93858,22.36672,19.58,2,13.7738,0.9706228,0.05082256,6.405403,1.383614,4.629473,cd,X110320_155_2
007,X110420,-12.09375,7.58552,23.06864,42.97,3,1.199761,0.9988249,0.01233843,9.094435,1.32733,6.851674,46v,X110420_007_3
012,X110420,-10.0625,12.56,23.11328,42.17,3,2.934903,0.9850176,0.08607521,9.570484,1.61942,5.909823,12m,X110420_012_3
023,X110420,-12.5,8.60088,23.35708,40.1,3,5.991602,0.996181,0.007344301,10.84259,1.631941,6.643984,46v,X110420_023_3
024,X110420,-13.125,7.093,23.65064,39.7,2,2.203298,0.9985312,0,17.97426,1.870122,9.611275,46v,X110420_024_2
028,X110420,-9.4375,15.047,22.55952,40.14,2,0.3112537,0.9618096,0.01938896,8.958894,1.913343,4.682325,12l,X110420_028_2
028,X110420,-9.4375,15.047,22.55952,40.14,5,3.203254,0.9618096,0.003819037,13.3244,2.203203,6.04774,12l,X110420_028_5
028,X110420,-9.4375,15.047,22.55952,40.14,8,0.5127741,0.9991187,0.00293772,15.65862,1.839066,8.514442,12l,X110420_028_8
029,X110420,-11,13.95857,21.94761,39.92,4,2.742507,1,0.002350176,23.43473,1.962968,11.93841,12m,X110420_029_4
037,X110420,-9.8125,15.95891,21.9014,38.848,2,10.13663,0.9529965,0.02673326,5.937413,1.381048,4.299208,12o,X110420_037_2
038,X110420,-11.59375,14.40564,21.63904,38.588,3,0.5179945,0.9826674,0.001762632,14.48956,1.753794,8.261835,13l,X110420_038_3
040,X110420,-15.21875,11.46975,20.07675,37.763,3,2.758341,0.9615158,0.03319624,10.67215,1.227943,8.691078,13l,X110420_040_3
043,X110420,-19.5,7.00702,18.49668,37.038,3,7.237242,0.9823737,0.08372503,7.82739,1.421534,5.5063,13m,X110420_043_3
056,X110420,-11.5,17.5923,18.74199,37.063,4,0.4180094,0.9651568,0.1039953,10.20693,1.807535,5.64688,12l,X110420_056_4
056,X110420,-11.5,17.5923,18.74199,37.063,8,0.4611902,0.9967178,0.001762632,18.80302,2.082947,9.027122,12l,X110420_056_8
062,X110420,-19.875,9.8394,17.82504,35.118,5,1.054145,0.9914806,0.01439483,5.050743,1.088198,4.641381,AI,X110420_062_5
066,X110420,-11.625,19.53185,16.75475,36.338,3,0.7925962,0.9994125,0.004994125,17.67043,1.905908,9.271398,12l,X110420_066_3
067,X110420,-15,17.99325,15.01375,36.138,2,1.68025,0.9726792,0.04641598,11.99275,1.667519,7.191973,12o,X110420_067_2
067,X110420,-15,17.99325,15.01375,36.138,4,2.583699,0.9424207,0.04171563,8.257812,1.455389,5.673954,12o,X110420_067_4
067,X110420,-15,17.99325,15.01375,36.138,5,12.36841,0.9782609,0.007050529,6.769719,1.145706,5.908773,12o,X110420_067_5
068,X110420,-16.125,16.82755,15.31392,35.758,3,4.72672,0.9726792,0.02761457,4.753451,1.021619,4.652859,12o,X110420_068_3
078,X110420,-14.90625,18.7333,14.6436,35.338,4,4.572003,0.9847239,0.03437133,9.257908,1.32596,6.982043,12o,X110420_078_4
086,X110420,-14,6.31688,24.79848,30.458,3,5.158329,1,0,17.12522,1.709277,10.01898,8B,X110420_086_3
091,X110420,-11.4375,16.69864,19.96391,32.503,3,1.964996,0.9524089,0.002350176,12.60507,2.126201,5.928444,45,X110420_091_3
091,X110420,-11.4375,16.69864,19.96391,32.503,4,2.079294,0.9994125,0.002350176,36.61429,3.750334,9.762943,45,X110420_091_4
093,X110420,-14.75,13.92584,19.83253,31.953,4,2.795655,0.9817861,0.03701528,8.750232,1.563139,5.597858,45,X110420_093_4
098,X110420,-17.4375,6.27936,21.20568,29.408,2,11.26608,0.9952996,0.05170388,8.330443,1.579506,5.274083,cd,X110420_098_2
103,X110420,-14.9375,16.0849,16.85365,32.313,3,5.103088,0.9829612,0.02027027,10.58539,1.49919,7.060744,44,X110420_103_3
104,X110420,-12.875,14.70068,20.5804,30.988,1,13.55895,0.9888366,0.007344301,11.35528,1.511745,7.511376,45,X110420_104_1
104,X110420,-12.875,14.70068,20.5804,30.988,3,23.58428,0.9209753,0.07168037,5.403461,1.070907,5.045689,45,X110420_104_3
105,X110420,-15.375,13.58522,19.07256,26.588,3,1.650508,0.9938308,0.001175088,14.00741,2.481815,5.644022,6DC,X110420_105_3
106,X110420,-17.6875,12.58586,17.71252,26.109,2,0.7186016,0.9230317,0.02467685,8.030732,1.205418,6.662197,pu,X110420_106_2
108,X110420,-14.125,8.44954,23.28294,27.969,3,1.468374,0.989718,0.0146886,10.24415,1.551281,6.603669,6DC,X110420_108_3
123,X110420,-18.8125,5.84711,20.30473,26.693,1,0.1926738,0.8692715,0.1524677,6.414015,2.676216,2.396673,cd,X110420_123_1
128,X110420,-16.90625,13.61218,17.88493,23.604,3,14.55147,0.9876616,0.09312573,4.827753,1.088479,4.43532,pu,X110420_128_3
135,X110420,-14.5,4.28317,24.59338,24.393,3,17.00936,0.9706228,0.1527615,6.32413,1.91377,3.304541,24c,X110420_135_3
146,X110420,-14.09375,5.43806,24.4679,20.883,3,4.736682,0.9923619,0.04024677,8.592863,1.338166,6.421372,24c,X110420_146_3
157,X110420,-13.25,5.74304,25.87808,18.99,4,1.862875,0.9682726,0.002643948,13.79199,2.004289,6.881238,24c,X110420_157_4
157,X110420,-13.25,5.74304,25.87808,18.99,5,4.470377,0.96651,0.008225617,8.225327,1.46079,5.630738,24c,X110420_157_5
014,X110520,-11.8125,9.192,22.93275,42,3,3.949905,0.9952996,0.003525264,7.377189,1.832198,4.026414,46v,X110520_014_3
023,X110520,-12.5,8.60088,23.35708,40.1,3,4.852359,0.9929495,0.01116334,11.94064,1.723721,6.927245,46v,X110520_023_3
024,X110520,-13.125,7.093,23.65064,39.7,2,1.820374,0.9982374,0,15.53668,1.751893,8.868512,46v,X110520_024_2
029,X110520,-11,13.95857,21.94761,39.92,4,2.909876,1,0.002643948,24.99818,2.734969,9.140204,12m,X110520_029_4
030,X110520,-13.0625,11.94861,21.21175,39.66,4,4.005319,0.9914806,0.01733255,11.16184,1.234056,9.044847,13l,X110520_030_4
030,X110520,-13.0625,11.94861,21.21175,39.66,5,0.3735906,0.9914806,0.04318449,10.17863,2.09939,4.848374,13l,X110520_030_5
031,X110520,-14.78125,10.41126,20.46868,39.45,2,7.46826,0.9512339,0.05199765,7.668917,1.720718,4.456812,13l,X110520_031_2
034,X110520,-18.25,5.95358,19.40722,38.72,4,6.129074,0.9450646,0.03584019,8.496106,2.295428,3.701318,13m,X110520_034_4
034,X110520,-18.25,5.95358,19.40722,38.72,5,3.193105,0.9450646,0.01292597,8.618847,1.981885,4.348813,13m,X110520_034_5
034,X110520,-18.25,5.95358,19.40722,38.72,6,0.3012177,0.9773796,0.001762632,9.933463,1.725119,5.758131,13m,X110520_034_6
039,X110520,-13.4375,12.90305,20.67275,38.013,2,2.157843,0.9947121,0.02643948,10.91219,2.651271,4.115831,13l,X110520_039_2
040,X110520,-15.21875,11.46975,20.07675,37.763,4,1.402472,0.9529965,0.01821387,10.50765,1.49571,7.025192,13l,X110520_040_4
040,X110520,-15.21875,11.46975,20.07675,37.763,6,0.2942956,0.9867803,0.01645123,16.31169,1.842666,8.852223,13l,X110520_040_6
050,X110520,-14.375,11.48695,20.96175,36.163,3,9.802071,0.987074,0.02379553,8.549498,1.897664,4.505275,46v,X110520_050_3
054,X110520,-22.125,5.783,16.51325,35.513,3,0.9857777,0.9841363,0.01204465,10.23615,1.382795,7.402506,13m,X110520_054_3
056,X110520,-11.5,17.5923,18.74199,37.063,3,0.5056567,0.993537,0.005875441,10.679,1.729498,6.174625,12l,X110520_056_3
066,X110520,-11.625,19.53185,16.75475,36.338,4,1.254871,0.9876616,0.009988249,6.468695,2.407273,2.687147,12l,X110520_066_4
066,X110520,-11.625,19.53185,16.75475,36.338,5,0.7402093,0.9988249,0.003819037,18.11219,2.129477,8.505466,12l,X110520_066_5
075,X110520,-14.09375,6.6506,24.78268,31.968,3,1.943815,0.9867803,0.008519389,10.53056,1.45626,7.231236,8B,X110520_075_3
075,X110520,-14.09375,6.6506,24.78268,31.968,4,1.048121,0.993537,0.004700352,11.53114,1.379312,8.360069,8B,X110520_075_4
082,X110520,-19.4375,11.60444,16.57212,32.548,2,1.412762,0.9397767,0.004406581,9.892907,1.539071,6.427843,AI,X110520_082_2
086,X110520,-14,6.31688,24.79848,30.458,4,20.80907,0.9529965,0.1536428,6.635541,1.595727,4.158318,8B,X110520_086_4
091,X110520,-11.4375,16.69864,19.96391,32.503,3,2.749382,0.9938308,0.01233843,9.543226,1.440993,6.622673,45,X110520_091_3
091,X110520,-11.4375,16.69864,19.96391,32.503,4,1.570246,1,0.0005875441,39.12177,4.107057,9.5255,45,X110520_091_4
095,X110520,-21.71875,9.6899,15.2589,31.038,4,0.4731743,0.9976498,0.03319624,9.302775,2.398886,3.877956,pu,X110520_095_4
100,X110520,-13.5625,3.2164,26.0248,28.188,1,0.55343,1,0.005875441,15.71124,1.61837,9.708066,24c,X110520_100_1
105,X110520,-15.375,13.58522,19.07256,26.588,2,6.61589,0.9647474,0.08166862,7.529932,1.861755,4.044533,6DC,X110520_105_2
105,X110520,-15.375,13.58522,19.07256,26.588,5,1.11911,0.9932432,0.003231492,11.30276,1.501542,7.527431,6DC,X110520_105_5
105,X110520,-15.375,13.58522,19.07256,26.588,6,0.6017905,0.9950058,0.005581669,17.22845,1.687815,10.20754,6DC,X110520_105_6
106,X110520,-17.6875,12.58586,17.71252,26.109,3,2.112828,0.9900118,0.04259694,6.811023,1.093123,6.230791,pu,X110520_106_3
109,X110520,-13.9375,7.36622,23.97559,27.014,1,16.03656,0.9576969,0.02467685,8.547271,1.0774,7.933236,6DR,X110520_109_1
109,X110520,-13.9375,7.36622,23.97559,27.014,2,29.81518,0.9744418,0.09782609,5.564843,1.063133,5.234382,6DR,X110520_109_2
117,X110520,-15.71875,13.82557,18.91733,25.162,3,1.076484,0.9914806,0.04318449,9.607117,1.304534,7.364407,pu,X110520_117_3
119,X110520,-20.1875,11.1,16.08028,24.784,3,2.611755,0.9779671,0.004700352,4.437016,1.302648,3.406151,pu,X110520_119_3
133,X110520,-18.375,7.77694,19.93414,22.266,1,3.066127,0.9923619,0.01292597,4.547818,1.032398,4.405101,cd,X110520_133_1
134,X110520,-17.625,6.7052,21.18308,21.936,2,0.8622865,0.9888366,0.02849589,9.704453,1.911088,5.077973,cd,X110520_134_2
145,X110520,-15.03125,6.50164,23.5313,20.603,2,3.944012,0.9491774,0.01821387,8.452811,1.399773,6.038701,24c,X110520_145_2
146,X110520,-14.09375,5.43806,24.4679,20.883,4,4.59045,0.9914806,0.05111633,8.364728,1.341502,6.235346,24c,X110520_146_4
155,X110520,-16.375,8.98407,21.98938,19.605,1,12.65213,0.9764982,0.03672151,6.377885,1.934522,3.296879,cd,X110520_155_1
003,X110620,-7.40625,12.28248,24.55144,43.81,7,0.6088504,0.9932432,0.001762632,14.16024,2.090865,6.772431,12r,X110620_003_7
004,X110620,-10.34375,11.45556,22.53276,43.445,2,1.218226,0.9973561,0.01086957,12.17477,2.87461,4.235278,12m,X110620_004_2
011,X110620,-9.875,13.447,22.4353,42.4,3,0.4956824,0.9871448,0.006756757,12.38078,2.011822,6.154017,12m,X110620_011_3
014,X110620,-11.875,9.192,22.93275,42,1,10.40056,0.9650411,0.07021151,6.958238,1.298297,5.359513,46v,X110620_014_1
014,X110620,-11.875,9.192,22.93275,42,4,3.522794,0.9903055,0.004406581,11.04506,1.82488,6.052485,46v,X110620_014_4
021,X110620,-12.84375,11.59275,21.33125,41,2,5.505129,0.9653349,0.02438308,6.240055,1.408356,4.430737,11ml,X110620_021_2
023,X110620,-12.5,8.60088,23.35708,40.1,4,5.313764,0.9841363,0.007050529,11.45548,1.709151,6.702437,46v,X110620_023_4
024,X110620,-13.25,7.095,23.45987,39.725,3,1.685252,1,0.0005875441,27.78676,2.372613,11.71146,46v,X110620_024_3
028,X110620,-9.5,15.049,22.43679,40.155,4,0.7745577,0.9948915,0.001175088,12.55862,3.67198,3.420122,12l,X110620_028_4
029,X110620,-11,13.95857,21.94761,39.92,5,3.150019,0.9985312,0,15.44735,2.094819,7.374074,12m,X110620_029_5
030,X110620,-13.125,11.94861,21.21175,39.66,2,3.920582,0.9952996,0.09224442,9.663733,1.281455,7.541218,13l,X110620_030_2
031,X110620,-14.84375,10.41126,20.46868,39.45,3,6.433269,0.9468272,0.05816686,6.998426,1.801053,3.885741,13l,X110620_031_3
034,X110620,-18.25,5.95358,19.40722,38.72,4,3.084942,0.9914806,0.005287896,11.47809,1.78924,6.415066,13m,X110620_034_4
037,X110620,-9.875,15.95891,21.9014,38.848,4,0.8823371,0.9982374,0.004112808,16.58706,1.951952,8.497679,12o,X110620_037_4
039,X110620,-13.5,12.90305,20.67275,38.013,7,11.22221,0.9853114,0.01410106,6.957882,1.22061,5.700333,13l,X110620_039_7
040,X110620,-15.21875,11.46975,20.07675,37.763,5,4.964723,0.9336075,0.01703878,10.14003,1.42862,7.097781,13l,X110620_040_5
048,X110620,-13.28125,15.23223,20.05742,37.398,2,0.7824916,0.976792,0.08813161,7.343215,1.924945,3.814767,12o,X110620_048_2
048,X110620,-13.28125,15.23223,20.05742,37.398,6,20.54199,0.9245006,0.1912456,5.191942,1.191573,4.357216,12o,X110620_048_6
054,X110620,-22.25,5.783,16.51325,35.513,6,1.279135,0.9809048,0.007050529,10.98125,1.658383,6.621659,13m,X110620_054_6
066,X110620,-11.75,19.53574,16.5787,36.368,2,0.5098063,0.9838426,0.01556992,12.1296,2.076202,5.842207,12l,X110620_066_2
066,X110620,-11.75,19.53574,16.5787,36.368,6,0.7218125,0.9838426,0.004112808,15.72606,1.617202,9.724235,12l,X110620_066_6
075,X110620,-14.09375,6.6506,24.78268,31.968,3,4.437261,0.9867803,0.001175088,18.07358,1.581995,11.42455,8B,X110620_075_3
075,X110620,-14.09375,6.6506,24.78268,31.968,5,5.235577,0.9638661,0.02115159,5.582755,1.198944,4.656395,8B,X110620_075_5
075,X110620,-14.09375,6.6506,24.78268,31.968,6,0.1518549,0.996181,0.01938896,7.71837,1.184642,6.515358,8B,X110620_075_6
077,X110620,-12.6875,19.76316,15.49322,35.478,4,10.53353,0.9615158,0.01909518,7.045214,1.393865,5.054444,12l,X110620_077_4
086,X110620,-14.125,6.32466,24.49936,30.503,1,7.1723,0.9782609,0.06345476,9.579183,1.334153,7.179976,8B,X110620_086_1
091,X110620,-11.5625,16.69864,19.96391,32.503,3,0.9170431,0.9809048,0.01233843,12.58899,1.927449,6.531425,45,X110620_091_3
091,X110620,-11.5625,16.69864,19.96391,32.503,4,2.907021,0.9809048,0.003819037,17.5829,2.449915,7.176945,45,X110620_091_4
093,X110620,-14.875,13.92896,19.57782,31.998,4,3.19628,0.9967685,0.002350176,12.36505,1.944659,6.358469,45,X110620_093_4
095,X110620,-21.96875,9.67977,14.95277,31.083,2,0.04530536,0.9979436,0,13.28989,1.807777,7.351511,pu,X110620_095_2
101,X110620,-15.25,20.41896,13.10652,32.828,2,1.970117,0.9891304,0.01527615,9.974861,1.353115,7.371778,6VaVb,X110620_101_2
102,X110620,-13.5,17.94728,16.72324,31.668,3,3.652405,0.9911869,0.003231492,6.421895,1.175606,5.462626,6VaVb,X110620_102_3
102,X110620,-13.5,17.94728,16.72324,31.668,4,1.385669,0.9879553,0.0199765,10.26161,1.813812,5.657481,6VaVb,X110620_102_4
102,X110620,-13.5,17.94728,16.72324,31.668,5,0.212493,0.9994125,0.000293772,26.48635,2.478308,10.68727,6VaVb,X110620_102_5
103,X110620,-15.0625,16.08096,16.62886,32.358,6,2.158792,0.9844301,0.02173913,9.942894,1.542511,6.445913,44,X110620_103_6
104,X110620,-13,14.69377,20.33885,31.038,2,39.26297,0.9532902,0.1028202,6.792663,1.223577,5.55148,45,X110620_104_2
105,X110620,-15.5,13.58522,19.07256,26.588,4,1.439082,0.9955934,0.02497062,11.70186,1.277219,9.161988,6DC,X110620_105_4
105,X110620,-15.5,13.58522,19.07256,26.588,5,1.043266,0.996181,0.0005875441,11.96072,1.567681,7.629561,6DC,X110620_105_5
106,X110620,-17.8125,12.58586,17.71252,26.109,3,22.07118,0.996181,0.01498237,8.299616,1.209142,6.864052,pu,X110620_106_3
109,X110620,-13.9375,7.36622,23.97559,27.014,4,0.417215,0.9925559,0.02291422,10.99833,1.585582,6.936461,6DR,X110620_109_4
110,X110620,-16.3125,6.4875,22.2889,28.259,3,0.08499528,0.993537,0.004112808,13.05292,2.224164,5.868685,cd,X110620_110_3
110,X110620,-16.3125,6.4875,22.2889,28.259,6,0.2332349,0.9932432,0.005581669,7.882858,1.693823,4.653884,cd,X110620_110_6
114,X110620,-14.4375,19.44508,15.61931,31.912,2,0.4031448,0.9960887,0.004994125,13.23204,1.631476,8.110471,6VaVb,X110620_114_2
117,X110620,-15.96875,13.82256,18.55364,25.172,7,1.311188,0.9929495,0.03936545,11.41777,1.403219,8.136841,pu,X110620_117_7
140,X110620,-22.09375,12.66767,13.76453,21.765,3,3.20437,0.9885429,0.02144536,10.99827,1.8207,6.040681,pu,X110620_140_3
145,X110620,-15.15625,6.50164,23.5313,20.603,2,6.158644,1,0.005287896,14.82252,1.871737,7.919127,24c,X110620_145_2
157,X110620,-13.25,5.74304,25.87808,18.99,3,2.179556,0.9958872,0.009988249,12.01045,1.437891,8.352819,24c,X110620_157_3
003,X110920,-7.40625,12.28248,24.55144,43.81,3,0.0803653,0.9991187,0.001762632,15.22491,3.124973,4.872012,12r,X110920_003_3
014,X110920,-11.875,9.192,22.93275,42,3,7.502231,0.9491774,0.1518801,6.53784,1.457941,4.484298,46v,X110920_014_3
021,X110920,-12.90625,11.59275,21.33125,41,2,3.341385,0.943302,0.005581669,4.324232,1.163417,3.716838,11ml,X110920_021_2
023,X110920,-12.625,8.60088,23.35708,40.1,2,1.667166,0.9926557,0.02173913,10.3065,1.494249,6.897445,46v,X110920_023_2
024,X110920,-13.25,7.095,23.45987,39.725,3,2.162082,0.9997062,0,20.51259,1.744477,11.75859,46v,X110920_024_3
025,X110920,-16.6875,5.60558,20.88796,39.72,3,0.2392477,0.9720744,0.003231492,11.26409,3.772107,2.986153,11ml,X110920_025_3
029,X110920,-11,13.95857,21.94761,39.92,1,23.03213,0.9356639,0.05699177,5.245576,1.127739,4.65141,12m,X110920_029_1
029,X110920,-11,13.95857,21.94761,39.92,4,4.382021,0.9289072,0.04553467,8.412351,1.858014,4.527604,12m,X110920_029_4
031,X110920,-14.90625,10.41193,20.28124,39.475,3,3.737278,0.9744418,0.07961222,7.598814,1.90132,3.996598,13l,X110920_031_3
037,X110920,-9.875,15.95891,21.9014,38.848,3,2.74384,0.9829612,0.01674501,10.70897,1.561025,6.860215,12o,X110920_037_3
046,X110920,-11.125,17.72412,18.70688,38.328,3,0.3506109,0.9955934,0.002056404,15.73507,2.319524,6.783751,12o,X110920_046_3
056,X110920,-11.625,17.5962,18.57296,37.088,2,4.580357,0.9888366,0.00293772,20.6144,2.946282,6.996749,12l,X110920_056_2
056,X110920,-11.625,17.5962,18.57296,37.088,3,0.3083361,0.9673913,0.1210341,10.91809,1.893285,5.766745,12l,X110920_056_3
064,X110920,-18.9375,6.69784,19.85348,34.148,3,0.7690932,0.9917744,0.003525264,8.408357,1.488497,5.64889,cd,X110920_064_3
066,X110920,-11.75,19.53574,16.5787,36.368,2,5.059108,0.9770858,0.01439483,8.799853,2.095461,4.199484,12l,X110920_066_2
072,X110920,-18.8125,10.79609,18.07312,33.728,3,2.784429,0.9911869,0.09518214,7.862454,1.766241,4.451519,AI,X110920_072_3
078,X110920,-15.09375,18.74109,14.43328,35.373,1,8.121439,0.9506463,0.07961222,6.105218,1.338712,4.560516,12o,X110920_078_1
086,X110920,-14.125,6.32466,24.49936,30.503,3,17.79867,0.970329,0.08313748,7.990158,1.54992,5.155206,8B,X110920_086_3
091,X110920,-11.5625,16.69864,19.96391,32.503,3,0.9199592,0.9864865,0.01410106,10.34642,1.742281,5.938435,45,X110920_091_3
091,X110920,-11.5625,16.69864,19.96391,32.503,4,0.3139954,0.9952996,0.00146886,8.90467,1.464817,6.079031,45,X110920_091_4
091,X110920,-11.5625,16.69864,19.96391,32.503,5,1.009753,0.9979436,0.0005875441,23.9858,2.105189,11.39366,45,X110920_091_5
093,X110920,-14.875,13.92896,19.57782,31.998,1,5.704515,0.9844301,0.004700352,8.232495,1.602151,5.138402,45,X110920_093_1
100,X110920,-13.6875,3.21952,25.72724,28.228,4,0.852352,0.9973561,0.00146886,8.302954,1.784072,4.653934,24c,X110920_100_4
100,X110920,-13.6875,3.21952,25.72724,28.228,5,0.2949123,0.9973561,0.006756757,13.57521,1.985509,6.837142,24c,X110920_100_5
103,X110920,-15.0625,16.08096,16.62886,32.358,3,0.5198706,0.9900118,0.01527615,10.03661,1.398815,7.175084,44,X110920_103_3
105,X110920,-15.5,13.58522,19.07256,26.588,3,1.795752,0.9609283,0.01850764,9.169204,1.900594,4.824389,6DC,X110920_105_3
105,X110920,-15.5,13.58522,19.07256,26.588,4,0.8403359,0.9482961,0.001762632,13.01366,1.699593,7.65693,6DC,X110920_105_4
108,X110920,-14.375,8.438,22.999,28.009,4,0.4850533,0.9424207,0.01674501,11.01097,1.792068,6.144284,6DC,X110920_108_4
108,X110920,-14.375,8.438,22.999,28.009,5,0.2806434,0.9720917,0.001175088,16.0446,1.922576,8.345366,6DC,X110920_108_5
129,X110920,-19.78125,12.59648,15.68608,23.333,3,1.622223,0.9817861,0.07256169,7.727601,1.943065,3.977015,pu,X110920_129_3
130,X110920,-17.8125,11.25,18.1,23.028,2,7.233257,0.9791422,0.07314923,6.519835,1.125533,5.792666,pu,X110920_130_2
135,X110920,-15,4.2845,24.299,24.433,2,9.280557,0.9377204,0.07079906,7.554575,1.145549,6.594719,24c,X110920_135_2
135,X110920,-15,4.2845,24.299,24.433,3,9.704737,0.9377204,0.05229142,8.446944,1.283024,6.583623,24c,X110920_135_3
142,X110920,-17.84375,10.48514,18.773,21.23,3,10.73316,0.9988249,0.00293772,6.076357,1.156816,5.252656,pu,X110920_142_3
142,X110920,-17.84375,10.48514,18.773,21.23,4,21.35162,0.9809048,0.06110458,7.768393,1.157196,6.713118,pu,X110920_142_4
143,X110920,-19.34375,9.36013,17.60089,21.58,2,29.82357,0.9541715,0.1386604,5.893027,1.078369,5.464757,pu,X110920_143_2
144,X110920,-14.625,7.94418,23.5831,20.83086,3,14.0662,0.9450646,0.04465335,5.812155,1.120025,5.189308,cd,X110920_144_3
145,X110920,-15.15625,6.50164,23.5313,20.603,3,5.945404,0.9885429,0.05522914,7.739149,1.263842,6.123509,24c,X110920_145_3
146,X110920,-14.21875,5.43806,24.4679,20.883,3,4.90991,0.9929495,0.0672738,7.779967,1.299637,5.986262,24c,X110920_146_3
147,X110920,-13.0625,3.85634,26.55037,22.654,4,7.591158,0.9776734,0.0326087,8.461817,1.168305,7.242817,24c,X110920_147_4
150,X110920,-17.5,13.16902,17.73742,20.188,2,7.676686,0.9565217,0.02996475,4.385959,1.028832,4.263045,pu,X110920_150_2
011,X111020,-9.9375,13.445,22.32657,42.41,3,6.620042,0.979436,0.02115159,7.851496,2.090428,3.755927,12m,X111020_011_3
012,X111020,-10.25,12.56,22.98454,42.185,2,2.556263,0.9885429,0.1145711,7.525761,1.586418,4.743871,12m,X111020_012_2
012,X111020,-10.25,12.56,22.98454,42.185,3,2.287261,0.9885429,0.1680376,9.555521,1.255328,7.61197,12m,X111020_012_3
015,X111020,-12.625,7.84678,23.04375,41.66,3,7.259849,0.9967685,0.01527615,7.438924,1.295665,5.741393,46v,X111020_015_3
023,X111020,-12.625,8.60088,23.35708,40.1,3,1.799256,0.9958872,0.01850764,11.06836,1.487221,7.442309,46v,X111020_023_3
024,X111020,-13.25,7.095,23.45987,39.725,3,2.303283,0.9985312,0.002350176,20.97663,1.74212,12.04086,46v,X111020_024_3
029,X111020,-11.0625,13.95857,21.94761,39.92,3,2.73269,0.9967685,0.008813161,11.97347,1.457132,8.217144,12m,X111020_029_3
034,X111020,-18.375,5.95625,19.16375,38.75,2,1.31725,0.9938308,0.008225617,14.91747,2.800928,5.325902,13m,X111020_034_2
037,X111020,-9.9375,15.96358,21.7682,38.868,3,2.736483,0.9894242,0.02144536,11.1378,1.634424,6.81451,12o,X111020_037_3
040,X111020,-15.34375,11.46975,20.07675,37.763,3,0.2547105,0.9952996,0.04494712,10.5857,3.312574,3.195611,13l,X111020_040_3
043,X111020,-19.6875,7.01559,18.27156,37.063,4,0.8612653,0.9952996,0,13.19358,1.990277,6.62902,13m,X111020_043_4
044,X111020,-19.875,5.5193,18.59468,36.728,3,1.253125,0.9903055,0.01233843,8.121162,1.200102,6.76706,13m,X111020_044_3
046,X111020,-11.125,17.72412,18.70688,38.328,3,0.1612238,0.9814923,0.003525264,14.10213,1.789988,7.878338,12o,X111020_046_3
046,X111020,-11.125,17.72412,18.70688,38.328,5,0.2411659,0.9814923,0.0005875441,22.63179,2.791241,8.108146,12o,X111020_046_5
056,X111020,-11.625,17.5962,18.57296,37.088,6,0.5756211,0.9579906,0.00293772,18.57005,2.65357,6.998138,12l,X111020_056_6
064,X111020,-19.0625,6.69784,19.85348,34.148,3,5.66023,0.9820799,0.09547591,7.436161,1.769785,4.201732,cd,X111020_064_3
065,X111020,-19.0625,5.26692,20.02444,33.768,3,0.2032359,0.9958872,0.002643948,9.63808,1.557549,6.187977,cd,X111020_065_3
066,X111020,-11.75,19.53574,16.5787,36.368,3,2.894932,0.9612221,0.01057579,9.044868,1.426556,6.34035,12l,X111020_066_3
079,X111020,-12.5625,16.88219,18.92796,33.743,3,9.925603,0.9612221,0.1007638,6.857263,1.870318,3.666363,45,X111020_079_3
079,X111020,-12.5625,16.88219,18.92796,33.743,4,1.615169,0.9809048,0.01086957,12.19786,1.716323,7.106973,45,X111020_079_4
080,X111020,-16.6875,15.3996,16.295,33.838,3,10.77862,0.9550529,0.05111633,5.428224,1.41398,3.838969,AI,X111020_080_3
086,X111020,-14.375,6.33244,24.20024,30.548,4,57.70552,0.9262632,0.10047,5.913313,1.528341,3.869106,8B,X111020_086_4
093,X111020,-15,13.92896,19.57782,31.998,3,0.1985473,0.9951338,0.01439483,12.19076,1.742141,6.997572,45,X111020_093_3
100,X111020,-13.9375,3.21952,25.72724,28.228,10,0.6174847,0.9982374,0.004112808,17.13513,1.731024,9.898838,24c,X111020_100_10
103,X111020,-15.3125,16.07702,16.40407,32.403,2,2.354599,0.9723854,0.01850764,7.371308,1.524602,4.834906,44,X111020_103_2
104,X111020,-13.25,14.68686,20.0973,31.088,2,2.562595,0.987074,0.03172738,8.608447,1.712406,5.027107,45,X111020_104_2
105,X111020,-15.5,13.58522,19.07256,26.588,3,0.2660195,0.9947121,0.001762632,13.89863,1.611653,8.623839,6DC,X111020_105_3
106,X111020,-18.1875,12.58969,17.29108,26.119,3,0.0891727,0.9988249,0,22.95586,2.382976,9.633274,pu,X111020_106_3
108,X111020,-14.5,8.42646,22.71506,28.049,2,2.13649,0.9738543,0.00293772,10.7154,1.682055,6.370419,6DC,X111020_108_2
111,X111020,-17.5,5.80862,21.58848,27.502,3,0.05826058,0.970329,0.06492362,10.22048,2.13419,4.788925,cd,X111020_111_3
119,X111020,-21.3125,11.1,14.77732,24.829,3,2.334601,0.9900118,0.06580494,7.827422,2.098413,3.730162,pu,X111020_119_3
120,X111020,-30,9.52426,7.00576,25.414,5,5.665613,0.9641598,0.1039953,7.476252,1.292386,5.784844,AMG,X111020_120_5
141,X111020,-18.53125,11.711,17.52185,21.59,1,21.30359,0.9823737,0.05757932,7.818092,1.406132,5.559999,pu,X111020_141_1
143,X111020,-19.84375,9.3695,17.2075,21.6,4,19.64814,0.9403643,0.03730905,4.594903,1.012815,4.536764,pu,X111020_143_4
144,X111020,-15,7.95529,23.19755,20.85133,10,14.6578,0.989718,0.1013514,7.517098,1.058696,7.100335,cd,X111020_144_10
147,X111020,-13.1875,3.85634,26.55037,22.654,1,9.566767,0.9744418,0.1110458,7.990017,1.220617,6.545882,24c,X111020_147_1
150,X111020,-17.875,13.16233,17.31993,20.198,3,37.18162,0.9762045,0.07344301,6.764621,1.04577,6.468556,pu,X111020_150_3
151,X111020,-21.625,12.21564,13.92364,19.9564,3,0.6406417,0.9853114,0.004406581,9.94084,3.565265,2.788247,pu,X111020_151_3
003,X111120,-7.53125,12.27472,24.41091,43.825,3,0.1876453,0.9982374,0.007050529,12.77227,1.859925,6.867091,12r,X111120_003_3
004,X111120,-10.40625,11.45556,22.53276,43.445,3,4.399113,0.9594595,0.04612221,6.855574,1.637911,4.18556,12m,X111120_004_3
004,X111120,-10.40625,11.45556,22.53276,43.445,4,2.073709,0.9847239,0.0220329,10.53098,1.623585,6.486248,12m,X111120_004_4
011,X111120,-10,13.443,22.21784,42.42,3,2.77654,0.9756169,0.1363102,8.847946,2.237045,3.955194,12m,X111120_011_3
015,X111120,-12.625,7.84678,23.04375,41.66,3,4.179898,0.9947121,0.002350176,8.753948,1.299934,6.734149,46v,X111120_015_3
015,X111120,-12.625,7.84678,23.04375,41.66,4,0.07678448,0.9938308,0.03084606,9.555302,1.787848,5.344584,46v,X111120_015_4
016,X111120,-15.125,6.3166,21.308,41.5,3,1.235124,0.9952996,0.05640423,8.308344,1.41062,5.889853,11ml,X111120_016_3
021,X111120,-13,11.59408,21.16116,41.02,3,5.405965,0.9556404,0.07197415,6.931461,1.530754,4.528136,11ml,X111120_021_3
024,X111120,-13.25,7.095,23.45987,39.725,4,2.577754,1,0.0008813161,20.08202,1.689443,11.88677,46v,X111120_024_4
029,X111120,-11.0625,13.95857,21.94761,39.92,3,3.204352,0.9994125,0.00146886,12.24961,1.49085,8.216528,12m,X111120_029_3
032,X111120,-15.90625,8.993,20.47804,39.1,2,0.1596396,0.9967685,0.05816686,9.223083,2.074328,4.446299,13m,X111120_032_2
033,X111120,-17.25,7.515,19.86945,38.87,3,0.260629,0.9843174,0.08666275,9.798044,1.242553,7.885414,13m,X111120_033_3
034,X111120,-18.4375,5.95625,19.16375,38.75,3,5.432628,0.9856052,0.002056404,8.150596,1.709851,4.766844,13m,X111120_034_3
039,X111120,-13.625,12.91162,20.4671,38.038,2,27.23731,0.8960047,0.07843713,4.267708,1.050703,4.061763,13l,X111120_039_2
043,X111120,-19.75,7.01559,18.27156,37.063,3,3.13195,0.9615158,0.01527615,10.47715,2.574991,4.068809,13m,X111120_043_3
043,X111120,-19.75,7.01559,18.27156,37.063,4,0.4733106,0.9615158,0.1371915,9.021633,1.810996,4.981587,13m,X111120_043_4
046,X111120,-11.1875,17.72412,18.70688,38.328,3,0.7505196,0.9955934,0.01292597,12.02222,2.343863,5.129231,12o,X111120_046_3
047,X111120,-12.09375,16.30579,19.91766,37.713,2,37.37341,0.9421269,0.07373678,4.416605,1.06417,4.15028,12o,X111120_047_2
054,X111120,-22.375,5.79312,16.22036,35.548,3,2.1701,0.9864865,0.02320799,8.688768,1.501974,5.7849,13m,X111120_054_3
056,X111120,-11.6875,17.5962,18.57296,37.088,2,0.09795679,1,0.008813161,11.18366,2.174961,5.142005,12l,X111120_056_2
057,X111120,-13.9375,16.4556,17.74688,36.928,3,0.1880742,0.9955934,0.001762632,15.16223,1.851118,8.190848,12o,X111120_057_3
058,X111120,-15.1875,14.98179,17.99422,36.578,2,2.95422,0.9958872,0.0146886,9.423153,1.518158,6.206965,12o,X111120_058_2
060,X111120,-16.125,12.58732,19.45474,35.608,3,1.297069,0.987074,0.1812573,7.29239,1.060642,6.87545,AI,X111120_060_3
062,X111120,-20.1875,9.869,17.3234,35.188,2,1.27417,0.9826674,0.05934195,7.008192,1.810647,3.870545,AI,X111120_062_2
066,X111120,-11.875,19.53574,16.5787,36.368,3,1.312849,0.9926557,0.004700352,12.28557,1.399254,8.780087,12l,X111120_066_3
066,X111120,-11.875,19.53574,16.5787,36.368,4,0.302377,0.9955934,0.0008813161,23.73575,2.158267,10.9976,12l,X111120_066_4
068,X111120,-16.5625,16.83845,14.90888,35.818,3,1.83065,0.9903055,0.007050529,10.31031,1.511703,6.82033,12o,X111120_068_3
075,X111120,-14.34375,6.6654,24.51627,32.008,3,15.49258,0.9441833,0.06551117,6.714223,1.602845,4.188941,8B,X111120_075_3
077,X111120,-12.875,19.7655,15.32575,35.513,2,4.778187,0.9717979,0.02497062,7.529592,1.563468,4.815955,12l,X111120_077_2
078,X111120,-15.28125,18.74888,14.22296,35.408,5,14.02053,0.972973,0.01938896,6.870789,1.099897,6.246758,12o,X111120_078_5
078,X111120,-15.28125,18.74888,14.22296,35.408,6,2.33089,0.9835488,0.02379553,7.811984,1.795339,4.351257,12o,X111120_078_6
079,X111120,-12.5625,16.88219,18.92796,33.743,3,0.9611212,0.9962582,0.00146886,18.01122,1.790435,10.05969,45,X111120_079_3
086,X111120,-14.375,6.33244,24.20024,30.548,2,4.643853,0.9947121,0.0005875441,9.971832,1.51908,6.564387,8B,X111120_086_2
091,X111120,-11.8125,16.70176,19.72244,32.548,3,0.8451971,0.9985312,0.008519389,14.33634,1.698285,8.44166,44,X111120_091_3
102,X111120,-13.875,17.94136,16.25788,31.748,4,0.08238789,1,0.00146886,16.35189,1.560252,10.48029,6VaVb,X111120_102_4
102,X111120,-13.875,17.94136,16.25788,31.748,6,0.2257549,0.8715789,0,26.29537,3.067935,8.571031,6VaVb,X111120_102_6
102,X111120,-13.875,17.94136,16.25788,31.748,7,0.3644815,0.9985312,0.003231492,13.29697,1.4814,8.975945,6VaVb,X111120_102_7
103,X111120,-15.4375,16.07702,16.40407,32.403,5,15.1256,1,0.004406581,7.671188,1.232543,6.223873,44,X111120_103_5
106,X111120,-27.4375,12.67395,8.0194,26.339,3,0.442761,0.9994125,0.001175088,15.31534,3.070061,4.988611,AMG,X111120_106_3
110,X111120,-16.6875,6.4898,21.99688,28.309,2,0.4820936,0.9988249,0.01733255,10.90258,1.655877,6.584174,cd,X111120_110_2
117,X111120,-16.96875,13.81353,17.46257,25.202,3,2.414356,0.9494712,0.009106933,11.50074,2.671705,4.304645,pu,X111120_117_3
117,X111120,-16.96875,13.81353,17.46257,25.202,4,11.10189,0.9494712,0.1363102,7.388267,1.533277,4.818611,pu,X111120_117_4
126,X111120,-21.28125,15.4575,12.1635,23.48,2,4.835935,0.9988249,0.005875441,13.55754,1.394154,9.724564,pu,X111120_126_2
138,X111120,-18.21875,15.0934,15.56444,21.986,2,0.4360385,0.9923619,0.03231492,10.05329,1.882878,5.33932,pu,X111120_138_2
139,X111120,-19.53125,13.81543,15.54846,21.786,3,2.715634,0.9900118,0.06081081,8.013252,1.907321,4.201313,pu,X111120_139_3
143,X111120,-20.21875,9.37887,16.81411,21.62,2,17.9446,0.9788484,0.08254994,8.125562,1.177124,6.902891,pu,X111120_143_2
144,X111120,-15.375,7.9664,22.812,20.8718,2,2.163327,0.9744418,0.006462985,5.26494,1.096889,4.799885,cd,X111120_144_2
146,X111120,-14.40625,5.43806,24.4679,20.883,2,5.578403,0.9800235,0.06169213,7.256521,1.272106,5.704336,24c,X111120_146_2
003,X111220,-7.53125,12.27472,24.41091,43.825,3,0.4007092,0.996181,0.008519389,11.29193,1.870504,6.036835,12r,X111220_003_3
004,X111220,-10.4375,11.45556,22.53276,43.445,2,3.391772,0.979436,0.02173913,5.257954,1.296769,4.054658,12m,X111220_004_2
004,X111220,-10.4375,11.45556,22.53276,43.445,5,6.88051,0.893067,0.05816686,7.498425,2.181339,3.437533,12m,X111220_004_5
011,X111220,-10.03125,13.443,22.21784,42.42,3,0.5619316,0.9932432,0.001175088,10.47285,2.968439,3.528064,12m,X111220_011_3
011,X111220,-10.03125,13.443,22.21784,42.42,4,0.05671797,0.9932432,0.005875441,18.78634,2.472151,7.599189,12m,X111220_011_4
012,X111220,-10.34375,12.56,22.8558,42.2,4,9.03612,0.9773796,0.1066393,6.98733,1.446257,4.831321,12m,X111220_012_4
024,X111220,-13.25,7.095,23.45987,39.725,4,1.965132,1,0.001175088,18.89299,1.701378,11.10453,46v,X111220_024_4
029,X111220,-11.09375,13.95857,21.94761,39.92,2,2.020653,0.9888366,0.02350176,9.070028,1.478538,6.134457,12m,X111220_029_2
030,X111220,-13.25,11.94928,21.055,39.68,3,7.401698,0.9647474,0.06962397,6.630108,1.820918,3.64108,13l,X111220_030_3
032,X111220,-15.9375,8.993,20.47804,39.1,4,0.1538089,0.9964747,0.003525264,15.36099,2.057058,7.467454,13m,X111220_032_4
033,X111220,-17.28125,7.515,19.86945,38.87,2,8.93119,0.9353701,0.1081081,5.845945,1.638549,3.567758,13m,X111220_033_2
033,X111220,-17.28125,7.515,19.86945,38.87,3,4.940584,0.9421269,0.01938896,9.050214,1.653952,5.47187,13m,X111220_033_3
037,X111220,-9.9375,15.96358,21.7682,38.868,3,1.9699,0.9970623,0.01439483,14.63071,1.794776,8.151831,12o,X111220_037_3
039,X111220,-13.65625,12.91162,20.4671,38.038,2,28.97922,0.9958872,0.01556992,7.225369,1.118645,6.459038,13l,X111220_039_2
039,X111220,-13.65625,12.91162,20.4671,38.038,3,3.607685,0.9571093,0.03437133,7.953249,1.243767,6.394487,13l,X111220_039_3
042,X111220,-19.5,8.52605,17.91556,37.378,2,1.346827,0.9873678,0.008519389,7.515335,1.431907,5.248479,13l,X111220_042_2
042,X111220,-19.5,8.52605,17.91556,37.378,4,0.1508856,0.9976498,0.04230317,10.86956,1.70588,6.37182,13l,X111220_042_4
046,X111220,-11.21875,17.72412,18.70688,38.328,3,1.0529,0.9967685,0.003231492,9.167254,1.675147,5.472507,12o,X111220_046_3
047,X111220,-12.125,16.30579,19.91766,37.713,1,6.597215,0.9101058,0.06433608,6.729071,1.372701,4.902067,12o,X111220_047_1
058,X111220,-15.1875,14.98179,17.99422,36.578,5,0.817894,0.9914806,0.02173913,10.15495,1.700709,5.971011,12o,X111220_058_5
065,X111220,-22.9375,5.49596,16.36022,34.328,3,0.7390002,0.9911869,0.009988249,9.705639,2.361444,4.110044,13m,X111220_065_3
066,X111220,-11.875,19.53574,16.5787,36.368,3,1.786373,0.9864865,0.009694478,11.66295,2.128721,5.478852,12l,X111220_066_3
066,X111220,-11.875,19.53574,16.5787,36.368,4,1.829004,0.9864865,0.01116334,10.8476,1.398406,7.757112,12l,X111220_066_4
067,X111220,-15.25,17.99792,14.81512,36.168,2,11.5882,1,0.04524089,11.30233,2.817928,4.010864,12o,X111220_067_2
068,X111220,-16.5625,16.83845,14.90888,35.818,2,2.073297,0.9888366,0.02643948,9.579099,1.575812,6.078834,12o,X111220_068_2
069,X111220,-16.28125,15.29072,16.89652,35.268,6,3.205934,0.9709166,0.03437133,8.082677,1.208288,6.689365,AI,X111220_069_6
073,X111220,-21.28125,9.8884,16.41165,33.863,5,0.978547,0.987074,0.01586369,7.91392,1.49153,5.305907,AI,X111220_073_5
075,X111220,-19.09375,6.9318,19.72089,32.728,5,0.1283032,0.9941245,0.02497062,10.46416,1.618941,6.463583,cd,X111220_075_5
075,X111220,-19.09375,6.9318,19.72089,32.728,8,1.985952,0.9941245,0.01938896,5.217391,1.763068,2.959268,cd,X111220_075_8
076,X111220,-24.875,5.382,14.5741,32.988,3,5.698029,0.9503525,0.1536428,8.558382,1.282804,6.671623,cd,X111220_076_3
076,X111220,-24.875,5.382,14.5741,32.988,5,8.310317,0.9503525,0.06580494,12.2261,3.12153,3.916702,cd,X111220_076_5
078,X111220,-15.28125,18.74888,14.22296,35.408,2,17.8901,0.9312574,0.1254407,5.347936,1.829625,2.922968,12o,X111220_078_2
078,X111220,-15.28125,18.74888,14.22296,35.408,3,12.03476,0.9811986,0.009694478,8.194403,1.458254,5.619324,12o,X111220_078_3
078,X111220,-15.28125,18.74888,14.22296,35.408,6,3.283422,0.9841363,0.01615746,10.01509,1.520135,6.588289,12o,X111220_078_6
080,X111220,-16.78125,15.3996,16.295,33.838,4,4.821529,0.9785547,0.05904818,8.531185,1.906461,4.47488,AI,X111220_080_4
086,X111220,-14.625,6.33244,24.20024,30.548,1,7.067317,0.9250881,0.03525265,5.543498,1.435927,3.860571,8B,X111220_086_1
086,X111220,-14.625,6.33244,24.20024,30.548,4,3.091794,0.9656287,0.02291422,9.984344,1.418249,7.03991,8B,X111220_086_4
086,X111220,-14.625,6.33244,24.20024,30.548,5,7.792072,0.9823737,0.006462985,9.050772,1.388009,6.520685,8B,X111220_086_5
086,X111220,-14.625,6.33244,24.20024,30.548,9,0.8180971,0.9985312,0,16.52577,2.624928,6.295704,8B,X111220_086_9
091,X111220,-11.84375,16.70176,19.72244,32.548,3,1.650645,0.9659224,0.0005875441,9.622105,1.747134,5.507364,44,X111220_091_3
091,X111220,-11.84375,16.70176,19.72244,32.548,4,2.954541,0.9835488,0.004700352,10.30244,1.72015,5.989266,44,X111220_091_4
091,X111220,-11.84375,16.70176,19.72244,32.548,6,0.7537245,0.9788484,0.003231492,10.73868,1.804243,5.951904,44,X111220_091_6
094,X111220,-21.6875,10.81269,14.25888,31.308,4,3.125462,0.9797297,0.03642773,4.377228,1.490083,2.937574,AI,X111220_094_4
099,X111220,-17.375,4.76738,21.81916,28.953,5,2.21176,0.9988249,0,7.167206,1.589286,4.509701,cd,X111220_099_5
100,X111220,-14.0625,3.22264,25.42968,28.268,3,5.488439,0.9650411,0.03907168,7.924925,2.049556,3.866655,24c,X111220_100_3
101,X111220,-15.46875,20.4229,12.92905,32.863,2,0.8444072,0.9753231,0.05699177,8.538037,1.60367,5.324061,6VaVb,X111220_101_2
102,X111220,-13.875,17.94136,16.25788,31.748,3,0.2765362,1,0,41.49592,3.438341,12.06859,6VaVb,X111220_102_3
103,X111220,-15.4375,16.07702,16.40407,32.403,3,0.1559292,1,0,22.72906,1.866607,12.17667,44,X111220_103_3
108,X111220,-14.5,8.42646,22.71506,28.049,3,0.856104,0.9932432,0.003819037,15.20522,1.721796,8.831022,6DC,X111220_108_3
108,X111220,-14.5,8.42646,22.71506,28.049,4,1.763242,0.9879553,0.007931845,8.633473,1.196006,7.218588,6DC,X111220_108_4
112,X111220,-18.40625,4.17464,20.74822,27.531,3,1.316955,0.9867803,0.006462985,6.606343,1.406093,4.69837,cd,X111220_112_3
126,X111220,-21.28125,15.4575,12.1635,23.48,2,5.025154,0.9982374,0.00293772,10.38557,1.341529,7.74159,pu,X111220_126_2
138,X111220,-18.59375,15.0934,15.56444,21.986,3,0.8184109,0.9344888,0.09400705,9.836322,1.682152,5.847464,pu,X111220_138_3
139,X111220,-19.90625,13.80606,15.22732,21.791,2,3.198978,0.9905993,0.05023502,6.937734,2.497633,2.777723,pu,X111220_139_2
143,X111220,-20.59375,9.38824,16.42072,21.64,2,21.55203,0.9905993,0.04318449,5.990058,1.069389,5.601384,pu,X111220_143_2
150,X111220,-18.625,13.14895,16.48495,20.218,2,31.68003,0.9947121,0.09929495,8.497893,1.081133,7.86017,pu,X111220_150_2
153,X111220,-19.1875,10.1719,18.0105,19.556,2,15.10659,0.9468272,0.153349,7.353309,1.20137,6.12077,pu,X111220_153_2
004,X111320,-10.4375,11.45556,22.53276,43.445,3,1.226989,0.9336075,0.007638073,11.39427,1.921956,5.928476,12m,X111320_004_3
004,X111320,-10.4375,11.45556,22.53276,43.445,4,0.6019868,0.9336075,0.02115159,13.01962,2.084774,6.245101,12m,X111320_004_4
004,X111320,-10.4375,11.45556,22.53276,43.445,5,4.577403,0.970329,0.01233843,5.224822,1.365674,3.825819,12m,X111320_004_5
011,X111320,-10.0625,13.443,22.21784,42.42,6,0.5178667,0.9688601,0.01116334,9.227654,2.087573,4.420279,12m,X111320_011_6
011,X111320,-10.0625,13.443,22.21784,42.42,7,0.1551503,0.9688601,0,13.49824,2.026738,6.660081,12m,X111320_011_7
020,X111320,-11.28125,13.617,21.7685,41.3,2,11.22568,0.9427145,0.03789659,4.483003,1.013523,4.423186,12m,X111320_020_2
024,X111320,-13.25,7.095,23.45987,39.725,3,2.010084,1,0,17.07003,1.633581,10.44946,46v,X111320_024_3
029,X111320,-11.125,13.96324,21.79352,39.94,4,10.12656,0.9544653,0.05052879,4.769158,1.151482,4.141757,12m,X111320_029_4
029,X111320,-11.125,13.96324,21.79352,39.94,5,1.194185,0.9982374,0.003819037,17.32088,1.900246,9.11507,12m,X111320_029_5
032,X111320,-15.96875,8.993,20.47804,39.1,4,12.47988,0.9756169,0.1119271,6.285515,1.079088,5.824838,13m,X111320_032_4
032,X111320,-15.96875,8.993,20.47804,39.1,9,0.2320044,0.9800235,0.0005875441,17.11487,2.443731,7.00358,13m,X111320_032_9
034,X111320,-18.46875,5.95625,19.16375,38.75,3,4.980026,0.9659224,0.02379553,8.124238,1.700944,4.776311,13m,X111320_034_3
037,X111320,-10,15.96358,21.7682,38.868,2,1.272645,0.9879553,0.01498237,10.62967,1.518216,7.001426,12o,X111320_037_2
037,X111320,-10,15.96358,21.7682,38.868,5,1.983576,0.9879553,0.005287896,17.7478,1.766318,10.04791,12o,X111320_037_5
039,X111320,-13.65625,12.91162,20.4671,38.038,4,6.422425,0.9844301,0.03730905,7.43827,1.283332,5.796062,13l,X111320_039_4
039,X111320,-13.65625,12.91162,20.4671,38.038,5,0.6264539,0.9844301,0.03789659,10.30782,1.460441,7.058022,13l,X111320_039_5
039,X111320,-13.65625,12.91162,20.4671,38.038,6,1.40089,0.9988249,0.000293772,23.05816,2.634178,8.753454,13l,X111320_039_6
040,X111320,-15.46875,11.47676,19.875,37.788,3,19.13971,0.9638661,0.0493537,6.764047,1.74249,3.881827,13l,X111320_040_3
042,X111320,-19.5,8.52605,17.91556,37.378,6,0.5561424,0.9878935,0.02115159,10.84415,1.624843,6.673966,13l,X111320_042_6
047,X111320,-12.15625,16.30579,19.91766,37.713,2,3.388892,0.987074,0.05376028,9.367307,1.529374,6.12493,12o,X111320_047_2
054,X111320,-22.46875,5.79312,16.22036,35.548,6,0.3182585,0.9955934,0.008225617,10.94593,1.63833,6.681153,13m,X111320_054_6
057,X111320,-13.96875,16.4556,17.74688,36.928,5,6.636815,0.9735605,0.0660987,7.457214,1.933815,3.856219,12o,X111320_057_5
058,X111320,-15.1875,14.98179,17.99422,36.578,2,3.38118,0.9955934,0.008519389,8.634542,1.604292,5.38215,12o,X111320_058_2
066,X111320,-11.875,19.53574,16.5787,36.368,3,0.3104768,1,0,23.37654,2.366483,9.878178,12l,X111320_066_3
069,X111320,-16.3125,15.29072,16.89652,35.268,3,4.635047,0.9861927,0.01762632,9.199898,1.573967,5.845039,AI,X111320_069_3
076,X111320,-24.90625,5.382,14.5741,32.988,3,6.719093,0.9130435,0.07373678,8.530574,1.488148,5.732341,cd,X111320_076_3
077,X111320,-12.90625,19.7655,15.32575,35.513,2,2.028914,0.8210928,0.001762632,10.58914,1.530325,6.919538,12l,X111320_077_2
079,X111320,-12.71875,16.88842,18.69428,33.778,1,6.155023,0.9571093,0.02262045,10.27249,1.772646,5.795002,6VaVb,X111320_079_1
079,X111320,-12.71875,16.88842,18.69428,33.778,3,6.063237,0.9571093,0.003525264,12.0727,1.840496,6.559483,6VaVb,X111320_079_3
086,X111320,-14.625,6.33244,24.20024,30.548,3,14.31771,0.9292009,0.02320799,6.188332,1.246802,4.963364,8B,X111320_086_3
086,X111320,-14.625,6.33244,24.20024,30.548,4,7.898444,0.9626909,0.01615746,10.84995,1.573003,6.897602,8B,X111320_086_4
086,X111320,-14.625,6.33244,24.20024,30.548,6,4.156,0.9717979,0.01380729,6.014151,1.520052,3.956544,8B,X111320_086_6
091,X111320,-11.84375,16.70176,19.72244,32.548,3,1.832308,0.9753231,0.01321974,10.71919,1.716203,6.245872,44,X111320_091_3
091,X111320,-11.84375,16.70176,19.72244,32.548,4,1.600502,0.9679788,0.003231492,9.838436,1.962786,5.012485,44,X111320_091_4
091,X111320,-11.84375,16.70176,19.72244,32.548,5,0.728667,0.9679788,0.005287896,10.58756,1.979045,5.349833,44,X111320_091_5
093,X111320,-15.15625,13.93208,19.32311,32.043,3,7.226388,0.9809048,0.0913631,7.382269,1.302977,5.665695,44,X111320_093_3
100,X111320,-14.1875,3.22264,25.42968,28.268,6,0.160687,0.9826674,0.0005875441,13.08587,2.055483,6.366326,24c,X111320_100_6
100,X111320,-14.1875,3.22264,25.42968,28.268,7,3.099503,0.996181,0.007931845,11.1771,1.634311,6.839026,24c,X111320_100_7
102,X111320,-14,17.94136,16.25788,31.748,2,12.60716,0.9817861,0.01321974,6.919175,1.131808,6.113385,6VaVb,X111320_102_2
104,X111320,-13.4375,14.68686,20.0973,31.088,4,1.559597,0.9911869,0.05023502,9.259462,1.83769,5.038642,45,X111320_104_4
106,X111320,-27.53125,12.67395,8.0194,26.339,3,0.2601313,0.9785547,0.002056404,10.7833,1.841353,5.856184,AMG,X111320_106_3
106,X111320,-27.53125,12.67395,8.0194,26.339,4,0.09173001,0.9597532,0,12.94157,2.531565,5.112085,AMG,X111320_106_4
108,X111320,-14.5625,8.42646,22.71506,28.049,2,2.278462,0.9814923,0.03877791,8.839686,1.396823,6.328424,6DC,X111320_108_2
117,X111320,-17.09375,13.81353,17.46257,25.202,3,2.102952,0.9835488,0.0005875441,15.76376,1.710472,9.216027,pu,X111320_117_3
117,X111320,-17.09375,13.81353,17.46257,25.202,4,1.074097,0.9835488,0.0005875441,21.47637,2.386983,8.997286,pu,X111320_117_4
117,X111320,-17.09375,13.81353,17.46257,25.202,5,1.446297,0.9900118,0.009694478,11.94898,1.474099,8.105955,pu,X111320_117_5
127,X111320,-22.71875,14.32184,11.60134,23.194,5,2.437198,0.9629847,0.1319036,7.941438,1.574343,5.044286,pu,X111320_127_5
128,X111320,-31.40625,13.19148,3.52548,23.954,6,0.1215365,0.9958872,0.0008813161,12.6149,2.369695,5.323427,AMG,X111320_128_6
129,X111320,-30.1875,12.51521,5.42041,23.603,5,4.606377,0.9503525,0.03349001,6.447768,1.608264,4.009149,AMG,X111320_129_5
132,X111320,-19.75,8.75145,17.59446,22.897,3,5.471616,0.9797297,0.02350176,5.016102,1.082116,4.635456,cd,X111320_132_3
138,X111320,-18.71875,15.076,15.14695,21.991,1,0.1616872,0.9952996,0.007638073,10.93477,1.786217,6.121747,pu,X111320_138_1
139,X111320,-20.03125,13.80606,15.22732,21.791,4,2.48531,0.9873678,0.06668625,7.232854,1.880604,3.846028,pu,X111320_139_4
142,X111320,-32.6875,10.57859,4.0205,21.755,2,0.1354871,0.9961089,0.006756757,13.65567,1.998049,6.8345,AMG,X111320_142_2
150,X111320,-18.875,13.14895,16.48495,20.218,2,19.22851,0.9450646,0.06051704,4.966283,1.21068,4.102059,pu,X111320_150_2
150,X111320,-18.875,13.14895,16.48495,20.218,7,1.255667,0.972973,0.09753232,6.356336,1.645934,3.861841,pu,X111320_150_7
157,X111320,-13.78125,5.80326,25.46327,19.02,3,4.332903,0.9894242,0.01351351,10.72438,1.705676,6.287465,24c,X111320_157_3
003,X111620,-7.59375,12.26696,24.27038,43.84,3,1.931998,0.9856052,0.007638073,9.074131,2.398285,3.783592,12r,X111620_003_3
003,X111620,-7.59375,12.26696,24.27038,43.84,4,0.4408211,0.9964747,0.0005875441,18.24954,2.021167,9.029209,12r,X111620_003_4
004,X111620,-10.4375,11.45556,22.53276,43.445,4,0.3409351,0.9568155,0.00293772,18.71851,3.002983,6.233305,12m,X111620_004_4
013,X111620,-11.90625,10.656,22.2291,42.275,3,1.052279,0.9920682,0.02908343,9.724763,1.68279,5.778953,11ml,X111620_013_3
020,X111620,-11.28125,13.617,21.7685,41.3,3,1.605026,0.9817861,0.1045828,7.170063,1.489557,4.813555,12m,X111620_020_3
024,X111620,-13.25,7.095,23.45987,39.725,3,2.604859,0.9985312,0,16.37273,1.539192,10.63722,46v,X111620_024_3
031,X111620,-15.125,10.4126,20.0938,39.5,4,0.5978301,0.9941245,0.01586369,12.24888,1.397211,8.766661,13l,X111620_031_4
033,X111620,-17.28125,7.515,19.86945,38.87,3,1.90942,1,0.004700352,16.18642,2.151442,7.523523,13m,X111620_033_3
037,X111620,-10,15.96358,21.7682,38.868,2,4.839057,0.9841363,0.03349001,7.827951,1.540874,5.080203,12o,X111620_037_2
039,X111620,-13.65625,12.91162,20.4671,38.038,3,1.014827,0.9955934,0.02056404,12.84413,2.378749,5.39953,13l,X111620_039_3
040,X111620,-15.46875,11.47676,19.875,37.788,4,13.63319,0.956228,0.03701528,4.725235,1.095846,4.311952,13l,X111620_040_4
041,X111620,-17.8125,10.07931,18.62862,37.613,3,0.3707751,0.9920682,0.02673326,9.91747,1.65658,5.986714,13l,X111620_041_3
043,X111620,-19.875,7.02416,18.04644,37.088,4,0.9965933,0.9941245,0.03584019,14.83605,2.046412,7.249785,13m,X111620_043_4
044,X111620,-20.0625,5.5193,18.59468,36.728,3,0.6748453,0.9988249,0,17.63094,1.66302,10.60176,13m,X111620_044_3
044,X111620,-20.0625,5.5193,18.59468,36.728,4,0.04318312,0.9926557,0,76.46995,8.898223,8.593845,13m,X111620_044_4
047,X111620,-12.15625,16.30579,19.91766,37.713,3,4.557966,0.9853114,0.02262045,8.685319,1.726647,5.030164,12o,X111620_047_3
049,X111620,-14.96875,14.30192,19.09172,37.463,3,0.161351,0.9571093,0.004700352,12.27098,1.616183,7.59257,13l,X111620_049_3
056,X111620,-11.71875,17.6001,18.40393,37.113,3,0.2070484,0.9967685,0.004406581,8.786457,1.498871,5.862051,12l,X111620_056_3
057,X111620,-13.96875,16.4556,17.74688,36.928,2,1.928657,0.9632785,0.03113984,8.434623,1.62809,5.180686,12o,X111620_057_2
058,X111620,-15.1875,14.98179,17.99422,36.578,3,1.16372,0.9950058,0.02350176,9.853342,1.553829,6.341331,12o,X111620_058_3
066,X111620,-11.875,19.53574,16.5787,36.368,3,0.05850947,0.9988249,0.002350176,19.78533,2.096647,9.436653,12l,X111620_066_3
068,X111620,-16.65625,16.83845,14.90888,35.818,2,0.9807795,0.9947121,0.008813161,11.84905,1.64664,7.195898,12o,X111620_068_2
069,X111620,-16.3125,15.29072,16.89652,35.268,3,3.151741,0.9923619,0.01527615,9.700261,1.286707,7.538825,AI,X111620_069_3
072,X111620,-19.125,10.80388,17.80984,33.768,3,0.1241901,0.9891412,0.02291422,8.915939,1.317127,6.769235,AI,X111620_072_3
074,X111620,-22.40625,8.70017,15.94379,33.628,3,0.4501202,0.9988249,0.001175088,28.39275,2.87536,9.874502,13m,X111620_074_3
076,X111620,-24.90625,5.382,14.5741,32.988,3,3.36086,0.9198002,0.1180964,8.713184,1.499479,5.810807,cd,X111620_076_3
077,X111620,-12.90625,19.7655,15.32575,35.513,2,2.914171,0.9903055,0.001762632,11.9171,1.61703,7.369745,12l,X111620_077_2
077,X111620,-12.90625,19.7655,15.32575,35.513,4,3.012504,0.976792,0.02643948,7.596179,1.487625,5.106246,12l,X111620_077_4
080,X111620,-16.8125,15.3996,16.295,33.838,2,3.84291,0.9847239,0.01057579,4.822184,1.036426,4.652705,AI,X111620_080_2
091,X111620,-11.84375,16.70176,19.72244,32.548,3,1.562886,0.9826674,0.006462985,9.041908,1.540997,5.867571,44,X111620_091_3
093,X111620,-15.15625,13.93208,19.32311,32.043,3,9.252064,0.9914806,0.07638073,7.683001,1.507093,5.097894,44,X111620_093_3
100,X111620,-19.1875,3.27568,20.37116,28.948,3,0.1343631,0.9976498,0.008813161,10.89512,2.259535,4.821844,cd,X111620_100_3
102,X111620,-14,17.94136,16.25788,31.748,3,8.201662,0.9864865,0.02379553,7.043405,1.37951,5.105728,6VaVb,X111620_102_3
102,X111620,-14,17.94136,16.25788,31.748,4,3.121837,0.985899,0.07256169,7.663219,1.536691,4.986831,6VaVb,X111620_102_4
106,X111620,-27.59375,12.67395,8.0194,26.339,2,0.1885754,0.8860164,0.0252644,12.06894,1.829951,6.595222,AMG,X111620_106_2
117,X111620,-17.09375,13.81353,17.46257,25.202,1,6.582268,0.9615158,0.0346651,4.218652,1.137932,3.707299,pu,X111620_117_1
117,X111620,-17.09375,13.81353,17.46257,25.202,4,0.3707353,0.9759107,0.009988249,13.62191,1.632253,8.345464,pu,X111620_117_4
117,X111620,-17.09375,13.81353,17.46257,25.202,5,0.2792371,0.9759107,0.004994125,19.05756,1.937932,9.833969,pu,X111620_117_5
122,X111620,-17.9375,7.42088,20.15856,23.796,3,4.693612,0.9955934,0.03554641,8.518464,1.489555,5.718796,cd,X111620_122_3
129,X111620,-30.25,12.5122,5.0402,23.613,2,9.347545,0.9280258,0.130141,5.058142,1.775138,2.849436,AMG,X111620_129_2
129,X111620,-30.25,12.5122,5.0402,23.613,3,0.1830284,0.9905993,0.07814336,10.65621,1.552973,6.86181,AMG,X111620_129_3
133,X111620,-20.75,7.85728,17.54968,22.356,2,8.615232,0.9679788,0.189483,6.520399,1.089184,5.986499,pu,X111620_133_2
134,X111620,-18.40625,6.74,20.3722,21.966,3,2.652536,1,0.007638073,14.57294,1.570748,9.277707,cd,X111620_134_3
136,X111620,-20.1875,2.70312,19.71772,25.207,3,2.833112,0.9809048,0.06316099,6.817897,1.613039,4.226739,cd,X111620_136_3
139,X111620,-20.03125,13.80606,15.22732,21.791,1,20.7529,0.9756169,0.01615746,6.178564,1.04878,5.891193,pu,X111620_139_1
146,X111620,-14.5,5.46215,24.05175,20.913,2,5.913056,0.9747356,0.03378378,6.964824,1.196858,5.819257,24c,X111620_146_2
157,X111620,-13.78125,5.80326,25.46327,19.02,1,3.780426,0.9668038,0.04230317,7.907107,1.24366,6.357932,24c,X111620_157_1
157,X111620,-13.78125,5.80326,25.46327,19.02,4,3.790456,0.9691539,0.009988249,12.43267,1.607938,7.732059,24c,X111620_157_4
003,X111720,-7.65625,12.26696,24.27038,43.84,2,1.124153,0.9908931,0.002643948,11.73781,3.25186,3.609567,12r,X111720_003_2
004,X111720,-10.5,11.44952,22.36292,43.46,3,0.8811949,0.9809048,0.003525264,13.24714,1.851087,7.156411,12m,X111720_004_3
004,X111720,-10.5,11.44952,22.36292,43.46,5,0.7756714,0.9688601,0.007344301,14.39334,2.639229,5.453616,12m,X111720_004_5
006,X111720,-12.125,9.04866,22.25209,43.49,2,0.4033889,0.9817861,0,24.27413,2.761163,8.79127,11ml,X111720_006_2
006,X111720,-12.125,9.04866,22.25209,43.49,4,1.836688,0.9706228,0.01116334,10.37702,1.430788,7.25266,11ml,X111720_006_4
011,X111720,-10.125,13.441,22.10911,42.43,4,1.939113,0.9952996,0.01733255,9.147711,2.044669,4.473932,12m,X111720_011_4
013,X111720,-11.9375,10.654,22.09036,42.29,3,0.4999809,0.9957544,0.005875441,13.91391,2.633207,5.284017,11ml,X111720_013_3
014,X111720,-13,9.164,21.8355,42.14,3,0.5241438,0.9964747,0.001762632,15.01767,1.58524,9.473438,11ml,X111720_014_3
022,X111720,-13.84375,10.06939,21.35914,40.66,3,1.565314,0.9988249,0.01145711,21.40075,3.490275,6.131536,11ml,X111720_022_3
022,X111720,-13.84375,10.06939,21.35914,40.66,4,1.707661,0.9988249,0.002643948,18.13847,1.947139,9.315447,11ml,X111720_022_4
023,X111720,-14.6875,8.60825,21.2145,40.375,3,2.962356,0.9759107,0.0220329,9.222737,1.664602,5.540507,11ml,X111720_023_3
024,X111720,-15.9375,7.123,20.78909,40.075,1,10.59037,0.9700353,0.007344301,5.781702,1.346384,4.294244,11ml,X111720_024_1
024,X111720,-15.9375,7.123,20.78909,40.075,2,0.8041503,0.9911869,0.01938896,10.30112,1.349831,7.631415,11ml,X111720_024_2
024,X111720,-15.9375,7.123,20.78909,40.075,4,5.105616,0.993537,0.004700352,15.812,3.440821,4.595415,11ml,X111720_024_4
030,X111720,-13.375,11.94995,20.89825,39.7,3,0.08729555,0.9865872,0.02790834,14.66322,2.320401,6.319263,13l,X111720_030_3
034,X111720,-17.96875,5.95091,19.65069,38.69,3,1.723563,0.9888366,0.02379553,11.11966,1.351476,8.227788,13m,X111720_034_3
037,X111720,-10,15.96358,21.7682,38.868,3,2.133418,0.9876616,0.04171563,9.675277,1.351334,7.159796,12o,X111720_037_3
039,X111720,-13.6875,12.91162,20.4671,38.038,3,4.500047,0.9609283,0.05992949,8.185419,1.294065,6.325352,13l,X111720_039_3
040,X111720,-15.53125,11.47676,19.875,37.788,3,0.3717945,0.9958872,0.0199765,10.87834,2.424389,4.487045,13l,X111720_040_3
042,X111720,-19.53125,8.52605,17.91556,37.378,4,0.3619251,1,0,17.5495,1.834029,9.568821,13l,X111720_042_4
043,X111720,-19.875,7.02416,18.04644,37.088,3,1.40014,0.9694477,0.004994125,7.904262,1.3416,5.891666,13m,X111720_043_3
044,X111720,-20.0625,5.5193,18.59468,36.728,4,0.4842007,0.9985312,0.01204465,11.95792,2.279349,5.246199,13m,X111720_044_4
048,X111720,-13.625,15.25561,19.66794,37.458,2,0.407121,0.9929495,0.0199765,8.354543,1.49151,5.6014,12o,X111720_048_2
049,X111720,-15,14.30192,19.09172,37.463,3,0.1053589,0.9985312,0.006462985,12.45972,1.573951,7.916204,13l,X111720_049_3
056,X111720,-11.78125,17.6001,18.40393,37.113,3,5.561943,0.9823737,0.07784959,8.017195,1.096659,7.310564,12l,X111720_056_3
056,X111720,-11.78125,17.6001,18.40393,37.113,4,1.935327,0.989718,0.03084606,9.511664,1.86036,5.112808,12l,X111720_056_4
058,X111720,-15.25,14.98802,17.78936,36.608,2,13.67069,0.9312574,0.1010576,4.888347,1.475688,3.312588,12o,X111720_058_2
058,X111720,-15.25,14.98802,17.78936,36.608,4,0.2049617,0.9938308,0.007050529,9.605425,3.4145,2.813128,12o,X111720_058_4
062,X111720,-20.4375,9.8838,17.07258,35.223,3,3.082032,0.9694477,0.02967098,6.603508,1.930038,3.42144,AI,X111720_062_3
062,X111720,-20.4375,9.8838,17.07258,35.223,4,0.2358173,0.9820799,0,11.34154,3.848705,2.946846,AI,X111720_062_4
069,X111720,-16.375,15.29072,16.89652,35.268,3,3.85743,0.9715041,0.03760282,6.919276,2.192977,3.155198,AI,X111720_069_3
073,X111720,-21.375,9.8884,16.41165,33.863,2,10.42583,0.9518214,0.0326087,6.75966,2.036557,3.31916,AI,X111720_073_2
077,X111720,-12.96875,19.76784,15.15828,35.548,4,11.5179,0.8895417,0.01439483,6.583121,1.390908,4.732967,12l,X111720_077_4
085,X111720,-16.375,7.66073,21.67295,31.168,3,16.98056,0.9568155,0.03084606,7.232409,1.376756,5.253223,cd,X111720_085_3
086,X111720,-14.75,6.34022,23.90112,30.593,4,1.994511,0.9964747,0.002643948,13.48616,1.921812,7.017422,8B,X111720_086_4
087,X111720,-19.6875,5.00026,19.40215,30.903,3,0.27911,0.9917526,0.03877791,12.1411,1.796621,6.757739,cd,X111720_087_3
099,X111720,-17.5625,4.76972,21.52004,28.998,2,1.314005,0.9894242,0.1342538,8.982679,2.474256,3.630457,cd,X111720_099_2
103,X111720,-15.5625,16.07308,16.17928,32.448,3,3.014188,0.9938059,0.007050529,12.07946,1.395552,8.655685,44,X111720_103_3
103,X111720,-15.5625,16.07308,16.17928,32.448,5,0.119647,0.9876118,0.003525264,15.40221,1.702425,9.04722,44,X111720_103_5
104,X111720,-13.5,14.67995,19.85575,31.138,3,1.441695,0.9950058,0.01556992,14.14068,2.059857,6.864885,45,X111720_104_3
106,X111720,-27.65625,12.67778,7.59796,26.349,3,0.1037495,1,0,16.25606,2.039481,7.970683,AMG,X111720_106_3
108,X111720,-14.6875,8.42646,22.71506,28.049,3,1.577163,0.9245006,0.03613396,8.06747,1.96988,4.095413,6DC,X111720_108_3
116,X111720,-21.15625,14.481,12.9905,26.37,2,4.577883,0.9621034,0.05552291,7.202093,1.896956,3.796657,pu,X111720_116_2
117,X111720,-17.21875,13.81353,17.46257,25.202,3,5.284842,0.9659224,0.1222092,8.247106,1.385041,5.954413,pu,X111720_117_3
117,X111720,-17.21875,13.81353,17.46257,25.202,5,2.29302,0.9820799,0.004994125,10.74062,1.791204,5.996313,pu,X111720_117_5
122,X111720,-18,7.42088,20.15856,23.796,3,4.936474,0.9430082,0.1248531,5.76575,1.443118,3.995343,cd,X111720_122_3
124,X111720,-19.8125,4.34411,19.6879,26.193,3,0.3923474,0.9950058,0.007344301,8.137582,3.587988,2.268007,cd,X111720_124_3
127,X111720,-22.78125,14.32184,11.60134,23.194,3,0.7875096,0.9829612,0.1692127,7.510405,2.560696,2.932954,pu,X111720_127_3
134,X111720,-18.40625,6.74,20.3722,21.966,3,0.8608098,0.9972503,0.0252644,12.9924,1.674893,7.757155,cd,X111720_134_3
138,X111720,-18.84375,15.076,15.14695,21.991,3,0.6963307,0.9879553,0.09341951,9.883603,2.463896,4.011372,pu,X111720_138_3
151,X111720,-22.625,12.20578,13.08478,19.9783,3,0.2219003,0.9967685,0.005581669,10.42916,2.718957,3.835722,pu,X111720_151_3
152,X111720,-22.25,11.34162,14.15934,19.737,2,26.31928,0.9950058,0.10047,8.056757,1.188582,6.77846,pu,X111720_152_2
157,X111720,-13.78125,5.80326,25.46327,19.02,3,3.775479,0.9515276,0.003525264,12.74299,1.675097,7.60731,24c,X111720_157_3
157,X111720,-13.78125,5.80326,25.46327,19.02,4,3.77539,0.9515276,0.01938896,8.541745,1.263352,6.761178,24c,X111720_157_4
003,X111820,-7.6875,12.26696,24.27038,43.84,3,0.9124407,0.9944183,0.005875441,10.49488,3.165287,3.315617,12r,X111820_003_3
004,X111820,-10.5,11.44952,22.36292,43.46,4,0.8733702,0.9958872,0.0005875441,17.24473,2.346538,7.349009,12m,X111820_004_4
007,X111820,-13.8125,7.55962,21.40484,43.17,3,1.015477,0.9952996,0.01380729,11.16707,2.199516,5.077058,11ml,X111820_007_3
014,X111820,-13.03125,9.164,21.8355,42.14,3,2.587826,0.9876616,0.02908343,10.91667,1.773179,6.156551,11ml,X111820_014_3
020,X111820,-11.375,13.623,21.5964,41.32,3,1.506631,0.9850176,0.06903642,8.658171,1.517865,5.704178,12m,X111820_020_3
023,X111820,-14.71875,8.60825,21.2145,40.375,2,11.09721,0.9720917,0.01380729,5.90529,1.193958,4.945977,11ml,X111820_023_2
024,X111820,-15.9375,7.123,20.78909,40.075,2,8.897158,0.985899,0.02115159,6.654958,1.104433,6.025677,11ml,X111820_024_2
024,X111820,-15.9375,7.123,20.78909,40.075,3,0.5790393,0.9494712,0.009694478,11.77536,1.366296,8.618454,11ml,X111820_024_3
031,X111820,-15.21875,10.4126,20.0938,39.5,2,0.7864816,0.9898711,0.06345476,9.027426,1.783251,5.062342,13l,X111820_031_2
033,X111820,-17.34375,7.517,19.654,38.9,3,2.069296,0.9994125,0.00293772,16.43748,1.839816,8.934308,13m,X111820_033_3
039,X111820,-13.6875,12.91162,20.4671,38.038,3,6.659024,0.9873678,0.03172738,10.49834,1.163797,9.020768,13l,X111820_039_3
039,X111820,-13.6875,12.91162,20.4671,38.038,5,0.8326043,0.9873678,0.0008813161,14.0899,1.497167,9.411039,13l,X111820_039_5
041,X111820,-17.90625,10.07931,18.62862,37.613,3,3.807325,0.9823737,0.04347826,9.314898,1.803685,5.164371,13l,X111820_041_3
044,X111820,-20.0625,5.5193,18.59468,36.728,2,0.3611975,0.9950058,0.01410106,10.5883,2.087443,5.07238,13m,X111820_044_2
047,X111820,-12.1875,16.31202,19.75408,37.738,1,26.04033,0.9177438,0.1307286,5.113924,1.188169,4.304038,12o,X111820_047_1
047,X111820,-12.1875,16.31202,19.75408,37.738,5,5.797658,0.9700353,0.06756756,8.907148,1.756948,5.069672,12o,X111820_047_5
049,X111820,-15.03125,14.30192,19.09172,37.463,3,0.2984301,0.9859438,0.002350176,10.77124,1.546574,6.964578,13l,X111820_049_3
062,X111820,-20.46875,9.8838,17.07258,35.223,3,1.140115,0.9412456,0.01586369,11.66677,1.628197,7.165455,AI,X111820_062_3
066,X111820,-12,19.53963,16.40265,36.398,3,2.991282,0.9371328,0.009106933,7.860325,1.42159,5.52925,12l,X111820_066_3
066,X111820,-12,19.53963,16.40265,36.398,4,0.574328,0.9879553,0.002350176,9.692761,1.24959,7.756752,12l,X111820_066_4
066,X111820,-12,19.53963,16.40265,36.398,7,0.9632001,1,0,34.63403,3.635746,9.525976,12l,X111820_066_7
068,X111820,-16.6875,16.83845,14.90888,35.818,4,1.032337,0.9653349,0.008519389,9.891381,1.455782,6.794548,12o,X111820_068_4
072,X111820,-19.21875,10.80388,17.80984,33.768,3,0.2275627,0.9964747,0.01556992,8.56326,1.626219,5.265747,AI,X111820_072_3
074,X111820,-22.4375,8.70017,15.94379,33.628,3,1.193693,0.9811986,0.01204465,8.003142,3.537554,2.262338,13m,X111820_074_3
077,X111820,-12.96875,19.76784,15.15828,35.548,1,1.328672,0.8099295,0.02849589,9.505159,1.553269,6.119456,12l,X111820_077_1
077,X111820,-12.96875,19.76784,15.15828,35.548,5,8.853289,0.9615158,0.01028202,6.830014,1.322947,5.162726,12l,X111820_077_5
085,X111820,-16.375,7.66073,21.67295,31.168,1,17.51341,0.9500588,0.04582844,6.955895,1.375738,5.056121,cd,X111820_085_1
087,X111820,-19.71875,5.00026,19.40215,30.903,3,0.1110316,0.9838565,0.01351351,10.37137,1.519751,6.824389,cd,X111820_087_3
091,X111820,-11.96875,16.70488,19.48097,32.593,4,0.8421165,0.9903055,0.00146886,11.5947,2.059854,5.628893,44,X111820_091_4
100,X111820,-19.3125,3.27568,20.37116,28.948,2,0.1030255,0.9955934,0.003819037,12.71192,1.869198,6.800734,cd,X111820_100_2
103,X111820,-15.625,16.07308,16.17928,32.448,3,2.676293,0.989718,0.01880141,9.161228,1.62756,5.628812,44,X111820_103_3
105,X111820,-16.4375,13.57145,17.9691,26.618,5,0.7933079,0.9956602,0.0005875441,14.24808,1.496807,9.518982,pu,X111820_105_5
111,X111820,-18.09375,5.8294,20.9906,27.592,3,1.699125,0.9994125,0.0005875441,8.891437,1.649933,5.388967,cd,X111820_111_3
116,X111820,-21.21875,14.481,12.9905,26.37,3,5.864378,0.9626909,0.05757932,6.247364,2.060257,3.032322,pu,X111820_116_3
129,X111820,-30.3125,12.5122,5.0402,23.613,2,18.3184,0.9195065,0.1627497,4.851517,1.445119,3.357176,AMG,X111820_129_2
129,X111820,-30.3125,12.5122,5.0402,23.613,3,0.04505121,0.9449664,0.002643948,20.69247,2.369446,8.733041,AMG,X111820_129_3
134,X111820,-18.46875,6.74,20.3722,21.966,9,0.3797673,0.9967685,0.008813161,11.41261,1.650435,6.914909,cd,X111820_134_9
146,X111820,-14.625,5.46215,24.05175,20.913,3,10.69586,0.9726792,0.08519389,7.685223,1.717669,4.474216,24c,X111820_146_3
152,X111820,-22.25,11.34162,14.15934,19.737,1,27.16854,0.9982374,0.01498237,9.499171,1.191317,7.973673,pu,X111820_152_1
154,X111820,-21.875,9.281,15.97104,19.406,1,35.52254,0.9615158,0.1671563,5.006919,1.26527,3.957193,pu,X111820_154_1
156,X111820,-15.625,7.50668,23.57912,19.17,2,4.634434,0.9988249,0.06374853,9.093337,1.382663,6.576683,24c,X111820_156_2
157,X111820,-13.8125,5.80326,25.46327,19.02,2,4.247509,0.9982374,0.007344301,13.63405,1.819428,7.493593,24c,X111820_157_2
003,X111920,-7.75,12.2592,24.12985,43.855,5,0.9251528,0.9938308,0.001175088,14.56,1.941874,7.49791,12r,X111920_003_5
004,X111920,-10.5625,11.44952,22.36292,43.46,2,4.12727,0.9626909,0.01938896,9.451422,1.873124,5.045808,12m,X111920_004_2
004,X111920,-10.5625,11.44952,22.36292,43.46,5,1.593601,0.9626909,0.04259694,13.40175,2.137891,6.268681,12m,X111920_004_5
007,X111920,-13.875,7.55703,21.23846,43.19,5,1.353785,0.9762045,0.01586369,10.88956,2.241427,4.858316,11ml,X111920_007_5
011,X111920,-10.21875,13.439,22.00038,42.44,5,0.5133706,0.9950058,0.003819037,5.938378,1.247553,4.760021,12m,X111920_011_5
012,X111920,-10.5,12.56,22.72706,42.215,3,2.057806,0.9876616,0.05317274,8.506719,1.293325,6.577403,12m,X111920_012_3
012,X111920,-10.5,12.56,22.72706,42.215,4,1.492264,0.9876616,0.005581669,13.57389,2.143414,6.332839,12m,X111920_012_4
013,X111920,-12.03125,10.654,22.09036,42.29,4,2.576464,0.9685664,0.005875441,11.47943,1.416428,8.104491,11ml,X111920_013_4
014,X111920,-13.09375,9.16,21.67875,42.16,2,15.21718,0.9856052,0.06874266,6.555214,1.157536,5.663076,11ml,X111920_014_2
022,X111920,-13.90625,10.06939,21.35914,40.66,1,7.212754,0.985899,0.03025852,7.454677,1.610932,4.627555,11ml,X111920_022_1
023,X111920,-14.78125,8.60825,21.2145,40.375,2,5.945587,0.9726792,0.06257344,8.997678,1.597684,5.631701,11ml,X111920_023_2
030,X111920,-13.46875,11.94995,20.89825,39.7,5,0.7425481,0.9994125,0.004406581,12.05401,1.553585,7.758831,13l,X111920_030_5
032,X111920,-16.125,8.995,20.2906,39.125,3,9.291903,0.9776734,0.1383666,6.812047,1.395053,4.883001,13m,X111920_032_3
032,X111920,-16.125,8.995,20.2906,39.125,4,0.1386244,0.9988249,0.001762632,21.55374,3.778819,5.703829,13m,X111920_032_4
033,X111920,-17.34375,7.517,19.654,38.9,6,1.920879,0.9659224,0.001175088,18.59184,1.714724,10.84247,13m,X111920_033_6
039,X111920,-13.6875,12.91162,20.4671,38.038,4,12.27618,0.9474148,0.1136898,6.288702,1.342211,4.685329,13l,X111920_039_4
054,X111920,-22.5625,5.79312,16.22036,35.548,2,0.9614044,0.9885429,0.003231492,9.471413,2.557568,3.703289,13m,X111920_054_2
057,X111920,-14.125,16.4556,17.74688,36.928,4,3.623139,0.9838426,0.04054054,8.746886,1.416302,6.175864,12o,X111920_057_4
066,X111920,-12,19.53963,16.40265,36.398,3,4.92088,0.9853114,0.006756757,8.512691,1.476771,5.764394,12l,X111920_066_3
066,X111920,-12,19.53963,16.40265,36.398,4,0.4144118,0.9853114,0.001762632,9.70873,1.35338,7.173693,12l,X111920_066_4
066,X111920,-12,19.53963,16.40265,36.398,6,0.5491151,0.9988249,0.001175088,41.02187,4.306757,9.525002,12l,X111920_066_6
079,X111920,-17.75,17.01925,13.787,34.513,4,1.331034,0.9923619,0.0293772,8.674309,1.163396,7.456023,12o,X111920_079_4
082,X111920,-20.4375,11.5982,15.5626,32.688,4,1.120991,0.9958872,0.005875441,11.2228,1.513808,7.413623,AI,X111920_082_4
085,X111920,-16.4375,7.66073,21.67295,31.168,1,16.08185,0.9879553,0.02115159,8.767165,1.356675,6.462246,cd,X111920_085_1
086,X111920,-14.84375,6.34022,23.90112,30.593,2,12.96952,0.940658,0.02673326,6.542839,1.19667,5.467538,8B,X111920_086_2
087,X111920,-19.78125,5.00026,19.40215,30.903,4,3.686917,0.9773796,0.03143361,6.443674,2.141918,3.008367,cd,X111920_087_4
091,X111920,-11.96875,16.70488,19.48097,32.593,3,0.7400079,0.9970623,0.0008813161,13.57546,2.131532,6.368875,44,X111920_091_3
102,X111920,-14.125,17.9384,16.0252,31.788,5,1.837033,0.9383079,0.039953,8.627481,1.427277,6.044713,6VaVb,X111920_102_5
102,X111920,-14.125,17.9384,16.0252,31.788,6,2.180764,0.9130435,0.01850764,9.186891,1.194785,7.689157,6VaVb,X111920_102_6
103,X111920,-15.625,16.07308,16.17928,32.448,2,1.013928,0.9773796,0.02115159,9.89137,1.714403,5.769572,44,X111920_103_2
116,X111920,-21.28125,14.481,12.9905,26.37,3,3.748463,0.9835488,0.02996475,9.228912,1.588746,5.808929,pu,X111920_116_3
124,X111920,-20,4.35162,19.3678,26.233,4,0.5565371,0.9903055,0.02232667,7.643447,2.265688,3.373565,cd,X111920_124_4
129,X111920,-30.375,12.5122,5.0402,23.613,5,15.61664,0.987074,0.03584019,6.938963,1.320317,5.25553,AMG,X111920_129_5
134,X111920,-18.53125,6.7574,19.96676,21.981,4,7.085393,0.9547591,0.08019976,5.928487,1.743009,3.401294,cd,X111920_134_4
147,X111920,-13.46875,3.86972,26.24796,22.699,4,0.5363913,0.9994125,0.01175088,16.40097,1.669268,9.825247,24c,X111920_147_4
151,X111920,-22.75,12.20578,13.08478,19.9783,3,0.857343,0.993537,0.01880141,8.845621,2.547685,3.472023,pu,X111920_151_3
151,X111920,-22.75,12.20578,13.08478,19.9783,5,0.2653837,0.9941245,0.001762632,17.80845,2.319154,7.678858,pu,X111920_151_5
153,X111920,-19.40625,10.18528,17.6626,19.566,3,29.22238,0.996181,0.01645123,6.823325,1.195762,5.706257,pu,X111920_153_3
157,X111920,-13.8125,5.80326,25.46327,19.02,3,7.9371,0.9747356,0.01821387,9.023002,1.796711,5.021955,24c,X111920_157_3
003,X112020,-7.8125,12.2592,24.12985,43.855,5,1.566397,0.9861927,0,13.01824,2.127072,6.120263,12r,X112020_003_5
004,X112020,-10.5625,11.44952,22.36292,43.46,4,3.970435,0.9850176,0.01615746,9.773604,1.912477,5.110442,12m,X112020_004_4
004,X112020,-10.5625,11.44952,22.36292,43.46,5,1.572087,0.9850176,0.0293772,15.09364,2.182533,6.915655,12m,X112020_004_5
007,X112020,-13.9375,7.55703,21.23846,43.19,4,3.368166,0.9782609,0.02849589,9.632367,1.681965,5.726852,11ml,X112020_007_4
014,X112020,-13.15625,9.16,21.67875,42.16,4,6.120786,0.9559342,0.0146886,4.906889,1.131822,4.335392,11ml,X112020_014_4
014,X112020,-13.15625,9.16,21.67875,42.16,5,0.4846848,0.9938308,0.03584019,13.83678,1.481822,9.337678,11ml,X112020_014_5
020,X112020,-11.5,13.623,21.5964,41.32,2,4.426571,0.9923619,0.01292597,9.214062,2.317375,3.976076,12m,X112020_020_2
022,X112020,-13.96875,10.07072,21.19372,40.68,3,0.1341846,0.9973726,0.01351351,14.17426,1.527733,9.277968,11ml,X112020_022_3
025,X112020,-17.09375,5.60692,20.44104,39.78,4,0.1395437,0.9952494,0.001762632,15.07307,2.406609,6.263197,11ml,X112020_025_4
032,X112020,-16.1875,8.997,20.10316,39.15,2,3.355245,0.9911504,0.008813161,15.97811,3.261034,4.899707,13m,X112020_032_2
033,X112020,-17.40625,7.517,19.654,38.9,3,0.5306022,0.9785547,0.1360165,7.487638,1.176668,6.363426,13m,X112020_033_3
042,X112020,-19.59375,8.52605,17.91556,37.378,3,1.594031,1,0,15.53294,1.860299,8.349701,13l,X112020_042_3
044,X112020,-20.125,5.52865,18.34074,36.758,3,1.423417,0.9894242,0.0472973,9.95236,3.140058,3.169483,13m,X112020_044_3
047,X112020,-12.25,16.31202,19.75408,37.738,1,22.44989,0.9838426,0.03113984,8.391532,1.598681,5.249035,12o,X112020_047_1
049,X112020,-15.15625,14.31516,18.91256,37.488,3,0.4371873,0.9911808,0.03319624,10.85509,2.405941,4.511785,13l,X112020_049_3
052,X112020,-22.1875,8.73185,15.41075,36.238,3,0.5043953,0.9856052,0.005875441,11.97683,4.246757,2.820229,13m,X112020_052_3
059,X112020,-16.25,13.50651,17.99339,36.303,4,0.38337,0.9952996,0.02908343,9.246754,1.943194,4.758534,12o,X112020_059_4
061,X112020,-17.09375,11.158,19.843,35.013,4,26.29486,0.9926557,0.03877791,7.648423,1.152368,6.637136,AI,X112020_061_4
066,X112020,-12.0625,19.54352,16.2266,36.428,4,1.446462,0.9985312,0.01028202,14.87609,1.927471,7.717935,12l,X112020_066_4
066,X112020,-12.0625,19.54352,16.2266,36.428,5,1.515758,0.9908931,0.001175088,11.5012,1.426901,8.060261,12l,X112020_066_5
069,X112020,-16.53125,15.29851,16.65816,35.303,4,0.2389221,0.9964747,0.001175088,12.36616,2.111595,5.856314,AI,X112020_069_4
077,X112020,-13.03125,19.76784,15.15828,35.548,4,1.288192,0.9782609,0.01145711,3.846908,1.705314,2.255835,12l,X112020_077_4
079,X112020,-17.8125,17.01925,13.787,34.513,5,1.844373,0.9903055,0.07256169,8.133721,1.207849,6.734055,12o,X112020_079_5
085,X112020,-16.4375,7.66073,21.67295,31.168,3,18.3581,0.9541715,0.04759107,6.811735,1.423572,4.78496,cd,X112020_085_3
087,X112020,-19.84375,5.00026,19.40215,30.903,4,2.330138,0.9891304,0.04670975,6.753221,1.756402,3.844919,cd,X112020_087_4
091,X112020,-12.09375,16.70488,19.48097,32.593,2,1.347948,0.9720917,0.004112808,12.5034,1.535261,8.144149,44,X112020_091_2
091,X112020,-12.09375,16.70488,19.48097,32.593,6,0.09571321,0.9811986,0.03290247,10.95528,2.021901,5.418305,44,X112020_091_6
093,X112020,-15.5,13.9352,19.0684,32.088,6,8.786554,0.9985312,0.008225617,12.12624,1.45284,8.346573,44,X112020_093_6
096,X112020,-19.65625,8.6655,18.0476,30.488,1,11.7582,0.9994125,0.01938896,10.12763,1.230152,8.232825,pu,X112020_096_1
099,X112020,-17.78125,4.77206,21.22092,29.043,3,3.026961,0.9882491,0.1139835,7.584198,1.51089,5.019688,cd,X112020_099_3
101,X112020,-15.6875,20.43078,12.57411,32.933,1,2.977389,0.972973,0.07285547,8.106129,1.565581,5.177712,6VaVb,X112020_101_1
102,X112020,-14.25,17.9384,16.0252,31.788,3,10.11295,0.9809048,0.1515864,6.16284,1.467758,4.198812,6VaVb,X112020_102_3
102,X112020,-14.25,17.9384,16.0252,31.788,5,1.78537,0.9929495,0.004112808,11.19802,1.291359,8.671494,6VaVb,X112020_102_5
102,X112020,-14.25,17.9384,16.0252,31.788,6,0.4932363,0.9579906,0.01498237,11.2849,1.374215,8.211886,6VaVb,X112020_102_6
104,X112020,-13.6875,14.67995,19.85575,31.138,3,7.355005,0.9823737,0.02262045,8.516642,1.728259,4.927873,45,X112020_104_3
104,X112020,-13.6875,14.67995,19.85575,31.138,4,0.5341032,0.9903055,0,15.06702,1.82194,8.26977,45,X112020_104_4
105,X112020,-28.125,13.42916,6.56668,26.928,1,3.016451,0.9691539,0.06286722,6.907462,1.801275,3.834763,AMG,X112020_105_1
105,X112020,-28.125,13.42916,6.56668,26.928,5,0.3426059,0.9988249,0.00146886,17.11557,1.9429,8.809292,AMG,X112020_105_5
112,X112020,-18.90625,4.18272,20.43081,27.571,3,4.016546,0.9186252,0.04435958,6.409041,1.7653,3.630568,cd,X112020_112_3
116,X112020,-21.34375,14.481,12.9905,26.37,2,11.3321,0.9861927,0.07726204,8.369428,2.087886,4.008566,pu,X112020_116_2
122,X112020,-18.3125,7.4329,19.7528,23.811,2,0.4975426,0.9500588,0.01351351,8.910311,1.936655,4.600876,cd,X112020_122_2
122,X112020,-18.3125,7.4329,19.7528,23.811,4,4.408141,0.9847239,0.0220329,5.966318,1.99319,2.993351,cd,X112020_122_4
124,X112020,-20.125,4.35162,19.3678,26.233,3,0.6758867,0.9980354,0.0472973,9.277143,1.553845,5.970442,cd,X112020_124_3
129,X112020,-30.4375,12.5122,5.0402,23.613,3,0.7574512,0.9905993,0.005875441,4.704863,1.196997,3.930554,AMG,X112020_129_3
129,X112020,-30.4375,12.5122,5.0402,23.613,5,0.09192203,0.9988249,0.004112808,15.56645,2.667405,5.835804,AMG,X112020_129_5
145,X112020,-16,6.5458,22.319,20.663,3,10.45101,0.989718,0.09958872,7.765384,1.263481,6.146022,cd,X112020_145_3
145,X112020,-16,6.5458,22.319,20.663,4,1.794683,0.985899,0.03231492,9.043633,1.22107,7.40632,cd,X112020_145_4
151,X112020,-22.8125,12.20578,13.08478,19.9783,4,0.2546086,0.9932432,0.03848414,11.63903,3.033933,3.836285,pu,X112020_151_4
153,X112020,-19.46875,10.18528,17.6626,19.566,1,32.06427,0.9215629,0.1269095,5.739883,0.9893069,5.801924,pu,X112020_153_1
153,X112020,-19.46875,10.18528,17.6626,19.566,3,15.71261,0.9879553,0.08548766,7.094109,1.108191,6.401524,pu,X112020_153_3
157,X112020,-13.875,5.80326,25.46327,19.02,4,3.52768,0.9979436,0.008225617,12.89633,1.730018,7.454445,24c,X112020_157_4
003,X112320,-7.875,12.25144,23.98932,43.87,3,1.450929,0.9612221,0.008225617,9.916007,2.077436,4.773194,12r,X112320_003_3
003,X112320,-7.875,12.25144,23.98932,43.87,5,1.724481,0.9841363,0.003231492,17.86498,1.629009,10.96677,12r,X112320_003_5
004,X112320,-10.5625,11.44952,22.36292,43.46,3,4.112036,0.9856052,0.01527615,9.785234,1.877222,5.212615,12m,X112320_004_3
004,X112320,-10.5625,11.44952,22.36292,43.46,4,1.345209,0.9856052,0.01909518,16.41746,2.015912,8.143935,12m,X112320_004_4
007,X112320,-13.9375,7.55703,21.23846,43.19,2,0.3914618,0.9920682,0.007050529,14.6661,1.716667,8.543356,11ml,X112320_007_2
014,X112320,-13.15625,9.16,21.67875,42.16,2,3.582051,0.9668038,0.03084606,7.879597,1.284126,6.136155,11ml,X112320_014_2
015,X112320,-14.4375,7.8307,21.23475,41.9,1,17.89173,0.9597532,0.07109283,6.040104,1.169104,5.166439,11ml,X112320_015_1
016,X112320,-15.53125,6.31394,20.9318,41.55,4,1.312878,0.9759107,0.005581669,8.938373,2.017421,4.430593,11ml,X112320_016_4
016,X112320,-15.53125,6.31394,20.9318,41.55,5,2.48664,0.9759107,0.0440658,10.87395,1.49266,7.284951,11ml,X112320_016_5
020,X112320,-11.5625,13.629,21.4243,41.34,3,3.247482,0.9612221,0.07990599,9.39443,1.122795,8.367005,12m,X112320_020_3
020,X112320,-11.5625,13.629,21.4243,41.34,4,1.635064,0.9612221,0.01116334,10.37669,1.945662,5.333247,12m,X112320_020_4
021,X112320,-13.34375,11.59674,20.82098,41.06,3,4.776648,0.9732667,0.08431257,6.661507,1.382828,4.817307,11ml,X112320_021_3
023,X112320,-14.90625,8.60892,21.01972,40.4,3,0.2622137,0.9468272,0.04112808,10.30424,1.572764,6.55168,11ml,X112320_023_3
034,X112320,-17.96875,5.95091,19.65069,38.69,2,3.576656,0.9891304,0.03789659,9.218541,2.051146,4.494337,13m,X112320_034_2
039,X112320,-13.75,12.91162,20.4671,38.038,1,10.11363,0.96651,0.03113984,8.195935,1.295476,6.326581,13l,X112320_039_1
039,X112320,-13.75,12.91162,20.4671,38.038,3,3.925896,0.96651,0.05405406,8.925007,1.393279,6.405758,13l,X112320_039_3
040,X112320,-15.625,11.48377,19.67325,37.813,1,3.70776,0.9979436,0.02320799,10.8089,1.571696,6.877222,13l,X112320_040_1
041,X112320,-18.09375,10.0871,18.4292,37.638,3,1.882909,0.9985312,0.007638073,11.39609,1.517904,7.50778,13l,X112320_041_3
042,X112320,-19.59375,8.52605,17.91556,37.378,3,0.7532606,0.9944183,0.02467685,9.175478,2.361349,3.885694,13l,X112320_042_3
044,X112320,-20.125,5.52865,18.34074,36.758,2,2.714642,0.9850176,0.02908343,10.1073,1.769526,5.711865,13m,X112320_044_2
047,X112320,-12.25,16.31202,19.75408,37.738,2,23.55341,0.9853114,0.005875441,8.47103,1.343669,6.304402,12o,X112320_047_2
048,X112320,-13.78125,15.2673,19.4732,37.488,4,11.68441,0.9785547,0.06962397,6.197947,1.117038,5.548555,12o,X112320_048_4
048,X112320,-13.78125,15.2673,19.4732,37.488,5,0.9433116,0.9615158,0.1116334,8.007931,1.633708,4.90169,12o,X112320_048_5
049,X112320,-15.21875,14.31516,18.91256,37.488,3,0.8661773,0.9876616,0.1792009,8.395472,1.391422,6.033733,13l,X112320_049_3
049,X112320,-15.21875,14.31516,18.91256,37.488,4,0.3070487,0.9976498,0.009106933,16.85676,2.244777,7.509327,13l,X112320_049_4
050,X112320,-16.4375,11.54145,18.94425,36.413,2,0.05506235,0.9969605,0.002350176,13.16016,3.146586,4.18236,13l,X112320_050_2
051,X112320,-18.71875,10.18394,17.8286,36.228,3,0.1215534,0.9982374,0.02673326,13.89652,3.279715,4.237112,13l,X112320_051_3
054,X112320,-22.6875,5.80324,15.92747,35.583,3,0.3063204,0.9233255,0.001175088,13.5082,3.336415,4.048717,13m,X112320_054_3
056,X112320,-11.96875,17.604,18.2349,37.138,3,2.480861,0.9694477,0.03495887,5.244283,1.289374,4.06731,12l,X112320_056_3
059,X112320,-16.3125,13.50651,17.99339,36.303,3,1.787353,0.9970623,0.008225617,13.52643,1.416119,9.551758,12o,X112320_059_3
062,X112320,-20.65625,9.8838,17.07258,35.223,3,2.384062,0.9938308,0.01204465,10.76918,1.388046,7.75852,AI,X112320_062_3
066,X112320,-12.0625,19.54352,16.2266,36.428,3,1.742465,0.9879553,0.0326087,11.23735,1.494073,7.521288,12l,X112320_066_3
068,X112320,-16.875,16.8439,14.70636,35.848,2,11.04757,0.9482961,0.07109283,4.153633,1.019401,4.074583,12o,X112320_068_2
068,X112320,-16.875,16.8439,14.70636,35.848,5,3.203788,0.9673913,0.007344301,7.381747,1.114497,6.623391,12o,X112320_068_5
068,X112320,-16.875,16.8439,14.70636,35.848,6,0.1875033,0.9985312,0.0005875441,11.97322,1.632055,7.336281,12o,X112320_068_6
070,X112320,-17.875,13.82002,16.51966,34.978,3,0.3509522,0.9943877,0.03965922,10.63605,1.214736,8.755855,AI,X112320_070_3
072,X112320,-19.40625,10.81167,17.54656,33.808,2,1.126713,0.9891304,0.01028202,7.522306,2.189963,3.434901,AI,X112320_072_2
077,X112320,-13.09375,19.77018,14.99081,35.583,4,6.180495,0.8986486,0.04289072,7.673222,1.662174,4.616377,12l,X112320_077_4
080,X112320,-17.15625,15.40896,15.8214,33.908,3,4.32327,0.976792,0.1151586,6.772985,1.068195,6.340588,AI,X112320_080_3
085,X112320,-16.4375,7.66073,21.67295,31.168,2,14.61761,0.9894242,0.01880141,9.435573,1.372876,6.872851,cd,X112320_085_2
086,X112320,-15.09375,6.348,23.602,30.638,3,1.314182,0.9988249,0.004700352,16.1064,2.062986,7.807324,8B,X112320_086_3
087,X112320,-19.90625,5.00804,19.1116,30.948,4,0.3299672,0.9941245,0.02790834,10.0587,1.831898,5.490865,cd,X112320_087_4
091,X112320,-12.09375,16.70488,19.48097,32.593,2,1.12179,0.9712104,0.007638073,11.8418,1.432017,8.269314,44,X112320_091_2
093,X112320,-15.5,13.9352,19.0684,32.088,3,7.231497,0.9847239,0.01410106,8.36029,1.572935,5.315091,44,X112320_093_3
098,X112320,-18.96875,6.28716,19.66333,29.633,3,3.720765,0.9776734,0.01233843,5.81321,1.492665,3.894518,cd,X112320_098_3
098,X112320,-18.96875,6.28716,19.66333,29.633,4,5.794587,0.9659224,0.0472973,6.823818,1.425354,4.787455,cd,X112320_098_4
099,X112320,-17.90625,4.77206,21.22092,29.043,3,12.32638,0.9997062,0.03202115,12.23595,1.296867,9.435008,cd,X112320_099_3
101,X112320,-15.75,20.43078,12.57411,32.933,3,5.419632,0.940658,0.04759107,7.363821,1.697947,4.336897,6VaVb,X112320_101_3
103,X112320,-15.75,16.06914,15.95449,32.493,1,1.69654,0.9988249,0.01938896,10.45057,1.393921,7.497245,44,X112320_103_1
104,X112320,-13.6875,14.67995,19.85575,31.138,2,10.31389,0.93302,0.009694478,6.806067,1.401808,4.855205,45,X112320_104_2
104,X112320,-13.6875,14.67995,19.85575,31.138,4,1.437856,0.9347826,0.02438308,9.66265,1.546822,6.246774,45,X112320_104_4
106,X112320,-27.9375,12.67778,7.59796,26.349,2,0.2223045,0.996181,0.005875441,8.120378,1.573165,5.161808,AMG,X112320_106_2
108,X112320,-14.8125,8.41492,22.43112,28.089,1,2.029297,0.8078731,0.03613396,9.887508,1.45311,6.804377,6DC,X112320_108_1
112,X112320,-18.96875,4.18272,20.43081,27.571,3,1.958072,0.9900118,0.1145711,6.900137,1.678121,4.111823,cd,X112320_112_3
116,X112320,-21.34375,14.481,12.9905,26.37,2,2.182387,0.9997062,0.007344301,7.193826,2.62044,2.745274,pu,X112320_116_2
116,X112320,-21.34375,14.481,12.9905,26.37,5,0.3645663,0.9888366,0.0008813161,17.70025,2.764023,6.4038,pu,X112320_116_5
127,X112320,-30.65625,13.92208,3.57783,23.194,3,5.307527,0.9717979,0.03290247,7.041828,2.750274,2.56041,AMG,X112320_127_3
129,X112320,-30.5625,12.5122,5.0402,23.613,3,7.98244,0.9994125,0.01380729,8.828259,1.223859,7.213461,AMG,X112320_129_3
129,X112320,-30.5625,12.5122,5.0402,23.613,4,0.4100757,0.9788484,0.05493537,12.80753,1.367739,9.364017,AMG,X112320_129_4
129,X112320,-30.5625,12.5122,5.0402,23.613,5,0.1159178,0.9788484,0.0640423,8.530671,2.180234,3.912731,AMG,X112320_129_5
130,X112320,-30.625,11.145,5.5287,23.378,3,2.069697,0.9844301,0.2029965,5.981805,1.256666,4.760058,AMG,X112320_130_3
151,X112320,-22.875,12.20085,12.66535,19.98925,3,0.7226171,0.9964747,0.003231492,12.61514,1.722309,7.324549,pu,X112320_151_3
156,X112320,-15.8125,7.56154,23.17636,19.2,1,2.270326,0.9979436,0.02467685,9.545259,2.29734,4.154918,24c,X112320_156_1
157,X112320,-13.875,5.80326,25.46327,19.02,2,4.336138,0.9944183,0.03437133,13.23014,1.75235,7.549944,24c,X112320_157_2
003,X112420,-7.9375,12.25144,23.98932,43.87,2,0.1063993,0.9699571,0.006756757,13.33749,3.688766,3.615705,12r,X112420_003_2
006,X112420,-12.1875,9.04866,22.25209,43.49,3,3.572924,0.9864865,0.01733255,10.25129,2.375429,4.315555,11ml,X112420_006_3
013,X112420,-12.125,10.652,21.95162,42.305,3,1.845424,0.9938308,0.007050529,11.2343,1.543934,7.27641,11ml,X112420_013_3
020,X112420,-11.5625,13.629,21.4243,41.34,3,2.826332,0.9826674,0.126322,7.367194,2.047348,3.598409,12m,X112420_020_3
032,X112420,-16.25,8.997,20.10316,39.15,1,13.41072,0.9415393,0.1222092,6.314815,1.406998,4.488148,13m,X112420_032_1
034,X112420,-18.03125,5.95091,19.65069,38.69,3,2.700847,0.9867803,0.02614571,10.27408,1.828807,5.617913,13m,X112420_034_3
039,X112420,-13.75,12.91162,20.4671,38.038,1,4.048745,0.9744418,0.03349001,8.143003,1.315836,6.188464,13l,X112420_039_1
046,X112420,-11.625,17.7405,18.2465,38.388,4,0.3265812,1,0.001762632,19.1236,1.77468,10.7758,12o,X112420_046_4
047,X112420,-12.25,16.31202,19.75408,37.738,1,22.85226,0.9888366,0.039953,7.54725,1.480855,5.096547,12o,X112420_047_1
049,X112420,-15.28125,14.31516,18.91256,37.488,4,2.077155,0.9938308,0.02967098,8.567233,1.822621,4.700501,13l,X112420_049_4
054,X112420,-22.75,5.80324,15.92747,35.583,1,0.2015859,0.9929495,0.001175088,13.61577,1.553537,8.764369,13m,X112420_054_1
054,X112420,-22.75,5.80324,15.92747,35.583,4,0.2108165,0.9917744,0.001762632,7.725271,1.355893,5.697552,13m,X112420_054_4
066,X112420,-12.1875,19.54352,16.2266,36.428,2,3.338956,0.9885429,0.003819037,5.977669,1.284454,4.653861,12l,X112420_066_2
066,X112420,-12.1875,19.54352,16.2266,36.428,4,4.061159,0.9885429,0.00146886,10.47472,1.721116,6.086001,12l,X112420_066_4
066,X112420,-12.1875,19.54352,16.2266,36.428,5,1.921764,0.9864865,0.005875441,18.32311,2.509969,7.300133,12l,X112420_066_5
069,X112420,-16.71875,15.29851,16.65816,35.303,3,3.49659,0.9770858,0.03290247,8.384505,1.991317,4.210533,AI,X112420_069_3
071,X112420,-18.75,12.01864,17.06768,34.048,1,21.55151,0.9591657,0.1674501,6.755823,1.576926,4.284173,AI,X112420_071_1
072,X112420,-19.46875,10.81167,17.54656,33.808,3,2.032695,0.9958872,0.007050529,9.74022,2.179338,4.469347,AI,X112420_072_3
073,X112420,-21.71875,9.91488,15.91623,33.933,5,0.1087751,0.9565217,0.02027027,9.328831,3.334596,2.79759,AI,X112420_073_5
073,X112420,-21.71875,9.91488,15.91623,33.933,6,0.1920268,0.9565217,0,14.31247,3.022465,4.735363,AI,X112420_073_6
077,X112420,-13.21875,19.77018,14.99081,35.583,1,38.67889,0.9618096,0.180376,4.010386,1.677654,2.390473,12l,X112420_077_1
077,X112420,-13.21875,19.77018,14.99081,35.583,4,12.73032,0.9594595,0.009988249,9.786633,1.303072,7.510431,12l,X112420_077_4
077,X112420,-13.21875,19.77018,14.99081,35.583,7,2.896157,0.9644536,0.1086956,10.66883,2.170429,4.91554,12l,X112420_077_7
085,X112420,-16.5625,7.66073,21.67295,31.168,2,16.47145,0.9233255,0.01145711,10.07401,1.217397,8.275045,cd,X112420_085_2
085,X112420,-16.5625,7.66073,21.67295,31.168,4,27.81544,0.9300823,0.1680376,4.428542,1.347495,3.286499,cd,X112420_085_4
086,X112420,-15.21875,6.348,23.602,30.638,2,2.502489,0.9938308,0.003231492,10.04154,1.509584,6.651862,8B,X112420_086_2
086,X112420,-15.21875,6.348,23.602,30.638,5,0.8942046,0.9970623,0,17.50381,2.188017,7.999847,8B,X112420_086_5
091,X112420,-12.21875,16.708,19.2395,32.638,2,2.386081,0.9926557,0.00293772,10.53878,1.390136,7.581112,44,X112420_091_2
091,X112420,-12.21875,16.708,19.2395,32.638,3,1.562813,0.9289072,0.002643948,11.44943,1.63974,6.982466,44,X112420_091_3
091,X112420,-12.21875,16.708,19.2395,32.638,7,1.958787,0.9850176,0.0005875441,20.61977,2.058989,10.01451,44,X112420_091_7
093,X112420,-15.625,13.9352,19.0684,32.088,1,7.457135,0.9844301,0.01321974,8.477031,1.250839,6.777079,44,X112420_093_1
093,X112420,-15.625,13.9352,19.0684,32.088,3,6.512752,0.9844301,0,13.69665,1.635412,8.375045,44,X112420_093_3
098,X112420,-19.03125,6.28716,19.66333,29.633,4,2.105304,0.9885429,0.02497062,4.316584,1.509099,2.860373,cd,X112420_098_4
099,X112420,-17.90625,4.77206,21.22092,29.043,1,12.4198,0.9991187,0.01145711,13.8473,1.41482,9.787318,cd,X112420_099_1
103,X112420,-15.875,16.06914,15.95449,32.493,2,11.70509,0.9662162,0.01556992,7.830732,1.233382,6.348989,44,X112420_103_2
103,X112420,-15.875,16.06914,15.95449,32.493,5,3.077059,0.983255,0.1195652,9.385315,1.568321,5.984306,44,X112420_103_5
104,X112420,-13.8125,14.67304,19.6142,31.188,3,31.30357,0.9124559,0.1601058,4.729073,1.569131,3.013817,45,X112420_104_3
104,X112420,-13.8125,14.67304,19.6142,31.188,4,12.26367,0.9441833,0.002350176,6.808158,1.332425,5.1096,45,X112420_104_4
108,X112420,-14.9375,8.41492,22.43112,28.089,1,2.174012,0.9435958,0.001175088,11.63297,1.329173,8.752037,6DC,X112420_108_1
108,X112420,-14.9375,8.41492,22.43112,28.089,6,3.877188,0.9988249,0.001762632,13.13977,1.793732,7.325382,6DC,X112420_108_6
109,X112420,-14.4375,7.3593,23.33385,27.084,5,0.4570935,0.9844301,0.01527615,13.051,2.657325,4.911331,cd,X112420_109_5
109,X112420,-14.4375,7.3593,23.33385,27.084,6,3.048802,0.9844301,0.001762632,12.67061,1.523816,8.315052,cd,X112420_109_6
109,X112420,-14.4375,7.3593,23.33385,27.084,7,3.419996,0.9929495,0.006169213,7.450693,1.194494,6.237531,cd,X112420_109_7
141,X112420,-27.9375,11.711,8.36945,21.83,2,0.9751545,0.9747356,0.03613396,12.00436,2.009481,5.973859,AMG,X112420_141_2
141,X112420,-27.9375,11.711,8.36945,21.83,3,0.2960639,0.9747356,0.0326087,9.053349,1.950641,4.641218,AMG,X112420_141_3
150,X112420,-28.1875,13.00177,7.30017,20.438,6,1.300474,0.9459459,0.02585194,5.406428,2.016355,2.681288,AMG,X112420_150_6
150,X112420,-28.1875,13.00177,7.30017,20.438,7,0.5596357,0.9459459,0.09371328,9.997584,2.539459,3.936896,AMG,X112420_150_7
153,X112420,-19.59375,10.18528,17.6626,19.566,9,0.05536987,0.9685664,0.004994125,11.00427,2.942386,3.739913,pu,X112420_153_9
153,X112420,-19.59375,10.18528,17.6626,19.566,15,12.17513,0.9955934,0.009988249,6.504059,1.004304,6.476182,pu,X112420_153_15
157,X112420,-14,5.80326,25.46327,19.02,3,4.108169,0.9988249,0.005287896,12.64172,1.701476,7.429854,24c,X112420_157_3
006,X112520,-12.1875,9.04866,22.25209,43.49,3,2.476554,0.9256757,0.07696828,7.171453,2.012204,3.563979,11ml,X112520_006_3
006,X112520,-12.1875,9.04866,22.25209,43.49,4,1.358371,0.9256757,0.0252644,10.50334,1.661263,6.322505,11ml,X112520_006_4
011,X112520,-10.46875,13.435,21.78292,42.46,3,6.524187,0.96651,0.1142773,6.204201,1.659405,3.738811,12m,X112520_011_3
013,X112520,-12.125,10.652,21.95162,42.305,2,4.113209,0.983255,0.05640423,9.388662,1.918709,4.893219,11ml,X112520_013_2
014,X112520,-13.21875,9.156,21.522,42.18,3,16.83153,0.9500588,0.1383666,5.910715,1.665062,3.549847,11ml,X112520_014_3
016,X112520,-15.71875,6.31261,20.7437,41.575,3,1.685806,0.9896074,0.00293772,14.16105,2.292167,6.178019,11ml,X112520_016_3
020,X112520,-11.625,13.629,21.4243,41.34,2,0.8139203,1,0.0005875441,27.53604,2.592509,10.62139,12m,X112520_020_2
029,X112520,-11.375,13.96791,21.63943,39.96,3,0.5036889,0.983255,0.004700352,14.20649,1.904382,7.459894,12m,X112520_029_3
029,X112520,-11.375,13.96791,21.63943,39.96,4,1.423265,0.983255,0.01850764,10.83879,1.596588,6.788722,12m,X112520_029_4
031,X112520,-15.46875,10.41394,19.71892,39.55,4,3.705586,0.9867803,0.01733255,9.956456,1.255865,7.927968,13l,X112520_031_4
034,X112520,-18.09375,5.95358,19.40722,38.72,4,3.440198,0.974148,0.05170388,8.063122,1.621508,4.972607,13m,X112520_034_4
037,X112520,-10.25,15.97292,21.5018,38.908,2,9.290122,0.9559342,0.08049354,7.269154,2.014094,3.609143,12o,X112520_037_2
037,X112520,-10.25,15.97292,21.5018,38.908,4,3.230823,0.9726792,0.005287896,12.88848,2.510056,5.134738,12o,X112520_037_4
042,X112520,-19.71875,8.5354,17.68188,37.408,3,4.830927,0.9826674,0.03495887,7.38141,1.551611,4.757256,13l,X112520_042_3
042,X112520,-19.71875,8.5354,17.68188,37.408,4,0.4916024,0.9979436,0.02497062,16.32127,1.824198,8.947093,13l,X112520_042_4
044,X112520,-20.15625,5.52865,18.34074,36.758,3,1.67779,0.9979436,0.001762632,12.39114,1.749868,7.081186,13m,X112520_044_3
047,X112520,-12.25,16.31202,19.75408,37.738,3,21.92087,0.936839,0.1269095,6.211846,1.422699,4.366241,12o,X112520_047_3
049,X112520,-15.34375,14.3284,18.7334,37.513,3,5.36653,0.9697415,0.1116334,6.874569,1.873777,3.66883,13l,X112520_049_3
049,X112520,-15.34375,14.3284,18.7334,37.513,4,0.4106652,0.9979436,0.001175088,12.71295,1.545984,8.223207,13l,X112520_049_4
054,X112520,-22.8125,5.80324,15.92747,35.583,3,1.40482,0.9923619,0.004700352,10.47896,1.396275,7.504935,13m,X112520_054_3
056,X112520,-12.15625,17.6079,18.06587,37.163,3,10.14559,0.9879553,0.05816686,9.655183,1.250046,7.723864,12l,X112520_056_3
059,X112520,-16.4375,13.5143,17.7597,36.338,3,6.452543,0.9709166,0.07814336,8.256901,1.90705,4.329672,12o,X112520_059_3
061,X112520,-17.21875,11.17124,19.61944,35.048,1,10.51447,0.9770858,0.0493537,5.344459,1.321786,4.043362,AI,X112520_061_1
066,X112520,-12.1875,19.54352,16.2266,36.428,3,3.996216,0.9738543,0.001762632,10.94317,1.613906,6.78055,12l,X112520_066_3
066,X112520,-12.1875,19.54352,16.2266,36.428,4,3.963535,0.9738543,0.003525264,7.493682,1.325755,5.652388,12l,X112520_066_4
066,X112520,-12.1875,19.54352,16.2266,36.428,5,1.803286,0.996181,0.004700352,19.98572,2.635386,7.583602,12l,X112520_066_5
067,X112520,-15.65625,18.00726,14.41786,36.228,6,14.68597,0.9629847,0.03848414,7.94108,1.338283,5.933781,12o,X112520_067_6
069,X112520,-16.78125,15.3063,16.4198,35.338,3,2.555967,0.983255,0.03113984,7.865747,2.577466,3.051736,AI,X112520_069_3
070,X112520,-18,13.82002,16.51966,34.978,3,0.09265368,0.9990995,0.001175088,22.26526,2.228632,9.990548,AI,X112520_070_3
072,X112520,-19.53125,10.81167,17.54656,33.808,3,1.912572,0.9756169,0.03730905,8.764733,1.562297,5.610157,AI,X112520_072_3
072,X112520,-19.53125,10.81167,17.54656,33.808,5,0.3225355,0.9638661,0.001762632,11.79833,2.705374,4.361072,AI,X112520_072_5
077,X112520,-13.21875,19.77018,14.99081,35.583,3,12.32143,0.9929495,0.008813161,8.835718,1.550586,5.698309,12l,X112520_077_3
082,X112520,-20.75,11.59664,15.31022,32.723,2,12.66047,0.9403643,0.08490012,6.569076,1.584465,4.145926,AI,X112520_082_2
082,X112520,-20.75,11.59664,15.31022,32.723,5,0.1158152,0.9938308,0.005287896,9.418454,1.396583,6.743929,AI,X112520_082_5
085,X112520,-16.5625,7.66073,21.67295,31.168,2,15.37533,0.9970623,0.03907168,9.237559,1.207143,7.652415,cd,X112520_085_2
086,X112520,-15.21875,6.348,23.602,30.638,2,2.7114,0.9782609,0.03760282,8.963558,1.439068,6.228723,8B,X112520_086_2
086,X112520,-15.21875,6.348,23.602,30.638,4,0.6338995,0.987074,0.1424794,8.386324,1.330017,6.305428,8B,X112520_086_4
086,X112520,-15.21875,6.348,23.602,30.638,7,1.270063,0.9782609,0.01674501,13.08673,2.085013,6.27657,8B,X112520_086_7
087,X112520,-20.15625,5.01582,18.82105,30.993,3,2.724707,0.9932432,0.007344301,5.438014,1.429154,3.805059,cd,X112520_087_3
091,X112520,-12.21875,16.708,19.2395,32.638,3,1.218999,0.9809048,0.01145711,9.646875,1.542215,6.255206,44,X112520_091_3
091,X112520,-12.21875,16.708,19.2395,32.638,4,2.374031,0.9012926,0.01233843,14.86709,1.609609,9.236462,44,X112520_091_4
091,X112520,-12.21875,16.708,19.2395,32.638,6,2.132411,0.9967685,0.004994125,9.849398,1.329451,7.408622,44,X112520_091_6
093,X112520,-15.75,13.93832,18.81369,32.133,2,17.99991,0.9853114,0.01880141,9.166491,1.321615,6.935824,44,X112520_093_2
093,X112520,-15.75,13.93832,18.81369,32.133,3,31.17274,0.9418331,0.04994125,5.667983,1.181242,4.798324,44,X112520_093_3
099,X112520,-17.96875,4.77206,21.22092,29.043,2,11.85749,0.9997062,0.02115159,12.72913,1.441052,8.833222,cd,X112520_099_2
100,X112520,-19.6875,3.28192,19.77604,29.028,4,0.4336281,0.9876616,0.06169213,9.437514,1.418128,6.65491,cd,X112520_100_4
103,X112520,-16,16.0652,15.7297,32.538,3,1.952324,0.9735605,0.03319624,10.11454,1.601807,6.314461,44,X112520_103_3
103,X112520,-16,16.0652,15.7297,32.538,4,0.7875497,0.9735605,0.007931845,11.80862,1.417773,8.32899,44,X112520_103_4
104,X112520,-13.9375,14.67304,19.6142,31.188,3,3.841934,0.9891304,0.05082256,8.477458,1.59298,5.321761,45,X112520_104_3
108,X112520,-14.9375,8.41492,22.43112,28.089,2,7.138493,0.976792,0.02408931,5.744808,1.634156,3.515459,6DC,X112520_108_2
108,X112520,-14.9375,8.41492,22.43112,28.089,4,3.37274,0.9459459,0.01175088,11.58762,2.101181,5.514812,6DC,X112520_108_4
109,X112520,-14.5625,7.3593,23.33385,27.084,3,0.316114,0.9952996,0.003525264,13.66211,1.63389,8.361712,cd,X112520_109_3
111,X112520,-18.65625,5.85018,20.39272,27.682,3,7.776104,0.9550529,0.08989424,5.352735,2.034237,2.631323,cd,X112520_111_3
117,X112520,-28.90625,13.71721,5.82449,25.522,2,8.240004,0.9124559,0.2059342,5.71829,1.838102,3.110976,AMG,X112520_117_2
118,X112520,-34.59375,12.479,0.528399999999998,25.802,2,15.80838,0.9823737,0.039953,6.304539,1.351891,4.663498,AMG,X112520_118_2
127,X112520,-30.90625,13.92208,3.57783,23.194,2,3.703133,0.9823737,0.004994125,9.137418,3.321277,2.751176,AMG,X112520_127_2
129,X112520,-30.8125,12.50919,4.65999,23.623,6,0.06490516,0.956228,0.001175088,15.33759,1.640182,9.351151,AMG,X112520_129_6
134,X112520,-19.03125,6.7748,19.56132,21.996,5,1.163835,0.9803173,0.01057579,4.306073,1.986297,2.167889,cd,X112520_134_5
135,X112520,-16.125,4.28982,23.12148,24.593,4,1.227405,0.9873112,0.0005875441,14.43778,2.276016,6.343441,cd,X112520_135_4
146,X112520,-14.9375,5.48624,23.6356,20.943,2,11.49893,0.9905993,0.005287896,9.44254,1.280581,7.373638,24c,X112520_146_2
147,X112520,-13.84375,3.8831,25.94555,22.744,1,8.696023,0.9994125,0.002643948,8.641058,1.099442,7.859491,24c,X112520_147_1
147,X112520,-13.84375,3.8831,25.94555,22.744,5,2.380553,0.9873678,0.06462985,7.708445,1.999605,3.854984,24c,X112520_147_5
147,X112520,-13.84375,3.8831,25.94555,22.744,6,6.653337,0.9923619,0.01175088,11.12287,1.753893,6.341819,24c,X112520_147_6
153,X112520,-19.59375,10.18528,17.6626,19.566,2,8.125281,0.9864865,0.02350176,5.835696,1.388784,4.202017,pu,X112520_153_2
003,X113020,-8.03125,12.24368,23.84879,43.885,2,1.302318,0.9735605,0.009988249,9.610018,2.64074,3.639138,12r,X113020_003_2
003,X113020,-8.03125,12.24368,23.84879,43.885,3,0.554483,0.9735605,0.003525264,13.7572,2.575796,5.340952,12r,X113020_003_3
004,X113020,-10.6875,11.44348,22.19308,43.475,2,1.463784,0.9656287,0.03055229,10.68701,1.346715,7.935613,12m,X113020_004_2
004,X113020,-10.6875,11.44348,22.19308,43.475,3,2.164611,0.9656287,0.003231492,10.50852,2.420788,4.340949,12m,X113020_004_3
006,X113020,-12.1875,9.04866,22.25209,43.49,3,7.739225,0.9876616,0.05875441,9.160023,1.573196,5.822556,11ml,X113020_006_3
014,X113020,-13.25,9.156,21.522,42.18,1,36.35698,0.9700353,0.1084019,6.437002,1.662713,3.871384,11ml,X113020_014_1
014,X113020,-13.25,9.156,21.522,42.18,4,1.96546,0.9955934,0.03554641,13.20856,2.772852,4.763529,11ml,X113020_014_4
020,X113020,-11.625,13.629,21.4243,41.34,3,1.114066,0.9964747,0.002643948,16.95783,1.755966,9.657269,12m,X113020_020_3
023,X113020,-15.0625,8.60959,20.82494,40.425,2,14.18518,0.9744418,0.04435958,5.317538,1.050031,5.064171,11ml,X113020_023_2
024,X113020,-16.3125,7.127,20.40755,40.125,3,1.080455,0.9903055,0.02497062,9.353584,1.743831,5.363812,11ml,X113020_024_3
029,X113020,-11.40625,13.96791,21.63943,39.96,3,0.3629595,0.9979436,0.0005875441,16.00369,1.828886,8.750517,12m,X113020_029_3
037,X113020,-10.25,15.97292,21.5018,38.908,2,2.45477,0.9814923,0.007344301,10.68314,1.739961,6.139873,12o,X113020_037_2
037,X113020,-10.25,15.97292,21.5018,38.908,4,3.362439,0.9474148,0.06874266,7.956884,1.67267,4.756996,12o,X113020_037_4
037,X113020,-10.25,15.97292,21.5018,38.908,5,1.775747,0.9474148,0.01321974,11.46648,1.636674,7.00596,12o,X113020_037_5
037,X113020,-10.25,15.97292,21.5018,38.908,6,1.442571,0.9823737,0.003819037,15.40306,2.055923,7.492041,12o,X113020_037_6
039,X113020,-13.8125,12.92019,20.26145,38.063,3,0.08719648,1,0.008813161,13.80786,2.122607,6.50514,13l,X113020_039_3
040,X113020,-15.625,11.48377,19.67325,37.813,2,0.2710056,0.9964747,0.02291422,9.963424,1.386028,7.188473,13l,X113020_040_2
047,X113020,-12.25,16.31202,19.75408,37.738,3,8.949294,0.9673913,0.03084606,7.904386,1.35013,5.854539,12o,X113020_047_3
048,X113020,-13.96875,15.27899,19.27846,37.518,1,6.046303,0.9785547,0.05728555,6.802921,1.098767,6.191416,12o,X113020_048_1
048,X113020,-13.96875,15.27899,19.27846,37.518,2,0.2330505,0.9955934,0.02408931,11.82363,1.595968,7.408438,12o,X113020_048_2
049,X113020,-15.34375,14.3284,18.7334,37.513,2,2.592678,1,0.001175088,16.84678,1.446455,11.64694,13l,X113020_049_2
056,X113020,-12.15625,17.6079,18.06587,37.163,3,7.853692,0.9856052,0.02467685,9.329349,1.228857,7.591892,12l,X113020_056_3
062,X113020,-20.78125,9.8986,16.82176,35.258,3,2.013663,0.9894242,0.01028202,9.307672,1.454939,6.397291,AI,X113020_062_3
066,X113020,-12.1875,19.54352,16.2266,36.428,1,1.723367,0.9594595,0.0220329,9.007769,2.420764,3.721043,12l,X113020_066_1
066,X113020,-12.1875,19.54352,16.2266,36.428,2,0.05752246,0.9908931,0.00293772,17.50377,3.668193,4.77177,12l,X113020_066_2
066,X113020,-12.1875,19.54352,16.2266,36.428,3,3.952551,0.9594595,0.01498237,9.302473,1.645438,5.653494,12l,X113020_066_3
066,X113020,-12.1875,19.54352,16.2266,36.428,6,3.703492,0.9847239,0.004406581,7.141587,1.408751,5.069445,12l,X113020_066_6
067,X113020,-15.65625,18.00726,14.41786,36.228,4,0.5629063,0.9623972,0.01116334,13.47082,1.976962,6.813897,12o,X113020_067_4
077,X113020,-13.21875,19.77018,14.99081,35.583,2,9.998633,0.9823737,0.004700352,9.403468,1.447707,6.495424,12l,X113020_077_2
077,X113020,-13.21875,19.77018,14.99081,35.583,7,8.919694,0.9712104,0.02673326,4.527865,1.077727,4.201309,12l,X113020_077_7
080,X113020,-17.40625,15.41364,15.5846,33.943,3,4.458125,0.9706228,0.03231492,6.514714,2.093533,3.111828,AI,X113020_080_3
082,X113020,-20.8125,11.59508,15.05784,32.758,3,0.6757926,0.9894242,0.04700353,7.761544,1.514616,5.12443,AI,X113020_082_3
085,X113020,-16.5625,7.66073,21.67295,31.168,1,25.37331,0.9732667,0.005875441,9.617541,1.596356,6.024685,cd,X113020_085_1
085,X113020,-16.5625,7.66073,21.67295,31.168,2,6.099594,0.9101058,0.01086957,5.462733,1.310252,4.169223,cd,X113020_085_2
087,X113020,-20.21875,5.01582,18.82105,30.993,3,3.703555,0.9430082,0.01615746,7.084267,2.376115,2.98145,cd,X113020_087_3
098,X113020,-19.09375,6.28716,19.66333,29.633,3,0.2517991,0.9920682,0.02497062,7.228718,2.585029,2.796377,cd,X113020_098_3
100,X113020,-19.75,3.28192,19.77604,29.028,3,0.06129673,0.9964747,0.004700352,10.83532,1.988883,5.447942,cd,X113020_100_3
101,X113020,-15.9375,20.43472,12.39664,32.968,3,0.08970961,0.9973561,0.008813161,11.41813,1.76258,6.478079,6VaVb,X113020_101_3
103,X113020,-16.125,16.0652,15.7297,32.538,3,8.262908,0.9659224,0.1178026,7.689805,1.919773,4.00558,44,X113020_103_3
108,X113020,-14.9375,8.41492,22.43112,28.089,1,7.632859,0.9350764,0.01086957,7.907072,1.87119,4.225692,6DC,X113020_108_1
108,X113020,-14.9375,8.41492,22.43112,28.089,4,1.885247,0.9900118,0.009106933,15.10074,1.582134,9.544536,6DC,X113020_108_4
108,X113020,-14.9375,8.41492,22.43112,28.089,5,2.501381,0.9668038,0.03642773,5.148545,1.220522,4.218313,6DC,X113020_108_5
112,X113020,-19.34375,4.1908,20.1134,27.611,3,1.162963,0.9903055,0.0005875441,13.16504,1.908338,6.898694,cd,X113020_112_3
118,X113020,-34.59375,12.479,0.528399999999998,25.802,3,0.9810846,0.9988249,0.006462985,12.02917,1.371601,8.770165,AMG,X113020_118_3
122,X113020,-18.75,7.44492,19.34704,23.826,3,1.864702,0.9841363,0.03055229,6.585812,2.07952,3.166987,cd,X113020_122_3
141,X113020,-28.1875,11.711,7.9881,21.84,3,0.1159866,1,0.007931845,13.44398,1.505753,8.928411,AMG,X113020_141_3
142,X113020,-33.34375,10.58393,3.1775,21.785,1,2.472641,0.9021739,0.07814336,8.757686,1.270807,6.891438,AMG,X113020_142_1
145,X113020,-16.4375,6.56052,21.9149,20.683,1,23.60442,0.9626909,0.04083431,5.88913,1.325676,4.442358,cd,X113020_145_1
145,X113020,-16.4375,6.56052,21.9149,20.683,3,16.20096,0.9606345,0.03642773,6.04932,0.9914982,6.101192,cd,X113020_145_3
145,X113020,-16.4375,6.56052,21.9149,20.683,6,4.115021,0.9982374,0.01645123,12.96844,1.525067,8.50352,cd,X113020_145_6
147,X113020,-13.84375,3.8831,25.94555,22.744,3,14.11043,0.9838426,0.08284371,7.110881,1.657469,4.290205,24c,X113020_147_3
153,X113020,-19.71875,10.19866,17.3147,19.576,1,22.83777,0.9952996,0.007931845,6.236476,1.498263,4.162469,pu,X113020_153_1
154,X113020,-22.4375,9.3265,15.13608,19.436,2,36.49987,0.9856052,0.1257344,7.407603,1.148235,6.451297,pu,X113020_154_2
157,X113020,-14.25,5.86348,25.04846,19.05,2,5.216191,0.9720917,0.06374853,6.922954,1.316236,5.259661,24c,X113020_157_2
003,X120120,-8.0625,12.24368,23.84879,43.885,2,0.4278478,0.9826674,0.002056404,18.6958,2.652955,7.047161,12r,X120120_003_2
003,X120120,-8.0625,12.24368,23.84879,43.885,3,0.1273583,0.9826674,0.003525264,14.74935,1.839306,8.018977,12r,X120120_003_3
004,X120120,-10.6875,11.44348,22.19308,43.475,3,0.9123102,0.9515276,0.001762632,9.679047,1.353504,7.151102,12m,X120120_004_3
004,X120120,-10.6875,11.44348,22.19308,43.475,4,1.279553,0.9515276,0.001762632,11.93907,1.94745,6.130615,12m,X120120_004_4
004,X120120,-10.6875,11.44348,22.19308,43.475,6,0.6931012,0.9938414,0.01321974,10.7966,1.673475,6.451605,12m,X120120_004_6
014,X120120,-13.25,9.156,21.522,42.18,1,16.74662,0.9212691,0.1639248,6.196902,1.43526,4.317616,11ml,X120120_014_1
014,X120120,-13.25,9.156,21.522,42.18,2,12.56238,0.9638661,0.01028202,8.691312,1.365137,6.366621,11ml,X120120_014_2
014,X120120,-13.25,9.156,21.522,42.18,6,1.429675,0.9888366,0.03407755,13.83495,2.617208,5.286149,11ml,X120120_014_6
020,X120120,-11.65625,13.629,21.4243,41.34,4,6.960442,0.9735605,0.06521739,7.287544,2.411308,3.022237,12m,X120120_020_4
020,X120120,-11.65625,13.629,21.4243,41.34,5,0.1223176,0.9994125,0.001762632,20.3898,2.075289,9.825043,12m,X120120_020_5
029,X120120,-11.46875,13.97258,21.48534,39.98,1,6.247484,0.9550529,0.02702703,8.480062,2.115928,4.007727,12m,X120120_029_1
031,X120120,-15.53125,10.41394,19.71892,39.55,2,7.025127,0.9920682,0.03202115,7.807747,1.75618,4.445869,13l,X120120_031_2
032,X120120,-16.34375,8.997,20.10316,39.15,3,1.121755,0.989718,0.06139835,8.419486,1.919594,4.386077,13m,X120120_032_3
034,X120120,-18.21875,5.95358,19.40722,38.72,3,0.7522827,0.9941245,0.01086957,10.63122,3.635063,2.924632,13m,X120120_034_3
037,X120120,-10.3125,15.97759,21.3686,38.928,2,4.179955,0.9709166,0.009400705,8.305489,1.571023,5.286674,12o,X120120_037_2
037,X120120,-10.3125,15.97759,21.3686,38.928,4,2.613383,1,0.002350176,27.98725,2.255493,12.40849,12o,X120120_037_4
039,X120120,-13.84375,12.92019,20.26145,38.063,2,0.1211902,0.9985312,0.0146886,10.91979,3.386568,3.224442,13l,X120120_039_2
040,X120120,-15.625,11.48377,19.67325,37.813,2,0.2234372,0.9903055,0.02262045,7.753977,1.321225,5.868777,13l,X120120_040_2
041,X120120,-18.25,10.09489,18.22978,37.663,2,0.7548273,0.9908931,0.02849589,11.25014,1.269157,8.864259,13l,X120120_041_2
047,X120120,-12.25,16.31202,19.75408,37.738,1,21.82585,0.9156874,0.08783784,5.926506,1.482045,3.99887,12o,X120120_047_1
048,X120120,-14.03125,15.27899,19.27846,37.518,2,1.258618,0.8252056,0.009400705,7.761826,1.516419,5.118523,12o,X120120_048_2
049,X120120,-15.34375,14.3284,18.7334,37.513,3,1.120603,0.9923619,0.02262045,11.13439,2.883964,3.860795,13l,X120120_049_3
054,X120120,-22.9375,5.81336,15.63458,35.618,3,0.1183757,0.9976498,0,14.03681,8.947268,1.568837,13m,X120120_054_3
056,X120120,-12.15625,17.6079,18.06587,37.163,2,6.96553,0.9891304,0.0199765,9.514852,1.226508,7.757675,12l,X120120_056_2
057,X120120,-14.4375,16.4665,17.3387,36.988,2,1.94729,0.9920682,0.006462985,11.07907,2.786229,3.976367,12o,X120120_057_2
064,X120120,-23.28125,6.9596,15.5162,34.788,3,3.248184,0.9835488,0.02908343,7.932587,2.14106,3.704981,13m,X120120_064_3
066,X120120,-12.3125,19.54741,16.05055,36.458,2,4.695438,0.9609283,0.02173913,6.849625,1.199902,5.708486,12l,X120120_066_2
066,X120120,-12.3125,19.54741,16.05055,36.458,4,2.332201,0.9609283,0.01057579,8.303069,1.44881,5.730958,12l,X120120_066_4
067,X120120,-15.71875,18.00726,14.41786,36.228,2,28.54361,0.9676851,0.03554641,7.514154,1.697813,4.425785,12o,X120120_067_2
077,X120120,-13.28125,19.77252,14.82334,35.618,3,33.1763,0.9271445,0.04876616,5.24821,1.489679,3.523047,12l,X120120_077_3
080,X120120,-17.46875,15.41364,15.5846,33.943,3,5.886463,0.9632785,0.06639248,6.147933,1.786175,3.441954,AI,X120120_080_3
082,X120120,-20.875,11.59508,15.05784,32.758,3,0.6633902,0.9888366,0.01527615,9.173803,4.244336,2.161422,AI,X120120_082_3
086,X120120,-15.46875,6.35578,23.30288,30.683,1,0.5783419,0.9950058,0.004112808,8.163686,2.344006,3.482792,8B,X120120_086_1
091,X120120,-12.46875,16.71112,18.99803,32.683,2,4.686882,0.9861927,0.004406581,5.347984,1.14628,4.665515,44,X120120_091_2
091,X120120,-12.46875,16.71112,18.99803,32.683,4,0.7209974,0.9988249,0,36.44529,4.532482,8.040913,44,X120120_091_4
091,X120120,-12.46875,16.71112,18.99803,32.683,5,1.161041,0.9923619,0,17.86248,1.61759,11.04265,44,X120120_091_5
091,X120120,-12.46875,16.71112,18.99803,32.683,6,1.159096,0.9923619,0.005875441,13.40348,1.292187,10.37271,44,X120120_091_6
094,X120120,-23.71875,10.7254,12.1978,31.588,3,0.261524,0.9970623,0.002056404,8.473851,1.762027,4.80915,AI,X120120_094_3
104,X120120,-14.0625,14.66613,19.37265,31.238,3,1.833972,0.9932432,0.007344301,11.16335,1.528454,7.303683,45,X120120_104_3
104,X120120,-14.0625,14.66613,19.37265,31.238,5,0.4782393,0.9967685,0.001762632,18.39977,1.457282,12.62609,45,X120120_104_5
108,X120120,-15.0625,8.41492,22.43112,28.089,3,1.047942,0.9991187,0.02585194,18.1177,2.647706,6.842793,6DC,X120120_108_3
118,X120120,-34.625,12.479,0.528399999999998,25.802,2,0.1725283,0.9985601,0.0008813161,10.00834,1.309171,7.644798,AMG,X120120_118_2
132,X120120,-32.5625,8.9173,4.61104,23.517,2,3.950106,0.9653349,0.01792009,5.88764,1.962631,2.999871,AMG,X120120_132_2
135,X120120,-16.25,4.29115,22.8271,24.633,2,10.28795,0.9990566,0.0546416,11.96535,1.418401,8.435803,cd,X120120_135_2
139,X120120,-32.15625,13.45,3.024,21.981,3,2.166859,0.9773796,0.0493537,6.343686,2.809224,2.258163,AMG,X120120_139_3
141,X120120,-28.3125,11.711,7.9881,21.84,2,0.06522888,0.9994125,0.001175088,13.23685,1.754315,7.545309,AMG,X120120_141_2
142,X120120,-33.40625,10.58393,3.1775,21.785,1,17.26807,0.953584,0.1877203,6.363602,2.23393,2.848613,AMG,X120120_142_1
156,X120120,-16.1875,7.6164,22.7736,19.23,3,2.173086,0.9638661,0.0640423,5.632976,1.665429,3.382298,24c,X120120_156_3
005,X120219,-6.15625,10.51336,27.34108,43.19,2,2.332482,0.979436,0.1292597,7.775239,1.494699,5.201876,46d,X120219_005_2
005,X120219,-6.15625,10.51336,27.34108,43.19,5,0.9585347,0.9976498,0.001175088,15.90155,1.540358,10.32328,46d,X120219_005_5
006,X120219,-7.65625,9.11832,26.69818,42.95,4,4.942511,0.9867803,0.06169213,7.490652,1.883635,3.9767,46d,X120219_006_4
014,X120219,-6.28125,9.332,28.419,41.3,2,2.421841,0.9988249,0.005287896,13.89388,1.947989,7.132423,46d,X120219_014_2
015,X120219,-8.78125,7.88028,26.8125,41.16,2,0.2119488,1,0.02291422,12.224,1.292347,9.458759,46df,X120219_015_2
022,X120219,-6.46875,10.01087,28.63762,39.78,4,6.198394,0.9958872,0.03584019,10.09149,1.311683,7.693544,46d,X120219_022_4
052,X120219,-7.96875,8.35182,29.5231,34.408,3,0.379265,0.9985312,0.008225617,7.419477,1.300701,5.704216,6DR,X120219_052_3
066,X120219,-6.1875,19.41515,22.03625,35.438,2,0.665171,0.9994125,0.003525264,14.27061,2.229326,6.401312,8A,X120219_066_2
074,X120219,-7.59375,7.85939,30.70793,31.468,5,0.8725601,0.993537,0.01057579,7.361862,1.473584,4.995888,6DR,X120219_074_5
090,X120219,-5.75,18.20906,23.91512,31.833,3,0.4414663,0.9603408,0.001175088,17.49996,2.020273,8.662174,8A,X120219_090_3
098,X120219,-6.875,6.22632,31.69366,27.878,2,0.1911765,0.9958872,0.01938896,7.942016,1.51056,5.257664,6DR,X120219_098_2
113,X120219,-5.6875,2.45248,33.82495,25.971,1,16.79521,0.9873678,0.03378378,6.995439,1.31378,5.324666,6DR,X120219_113_1
113,X120219,-5.6875,2.45248,33.82495,25.971,9,13.42992,0.9873678,0.01733255,9.403111,1.357034,6.929164,6DR,X120219_113_9
113,X120219,-5.6875,2.45248,33.82495,25.971,10,2.441512,0.9920682,0.008519389,5.57596,1.24773,4.468883,6DR,X120219_113_10
119,X120219,-5.5625,11.1,30.41284,24.289,2,2.42619,0.9559342,0.01733255,5.041368,0.9805739,5.141243,6DC,X120219_119_2
127,X120219,-4.8125,15.22656,29.75981,23.194,3,0.128344,0.9958872,0.006462985,15.26048,1.820398,8.383047,6VaVb,X120219_127_3
129,X120219,-4.8125,12.71387,30.51427,22.943,3,0.6415688,0.9917744,0.01057579,8.53946,1.481635,5.76354,6DC,X120219_129_3
134,X120219,-4.8125,6.1658,33.75172,21.471,3,2.421473,0.9967685,0.009400705,10.37187,1.530388,6.777284,6DC,X120219_134_3
141,X120219,-5.5,11.711,30.8691,21.24,3,0.08774674,0.9609283,0,28.75669,2.426962,11.84884,6DC,X120219_141_3
141,X120219,-5.5,11.711,30.8691,21.24,5,0.2853336,0.996181,0.02673326,11.09439,1.463022,7.583199,6DC,X120219_141_5
142,X120219,-5.5625,10.40771,30.9965,20.795,3,4.313103,0.9685664,0.06756756,6.996193,1.334527,5.242452,6DC,X120219_142_3
142,X120219,-5.5625,10.40771,30.9965,20.795,4,0.3356894,1,0.0005875441,17.0267,1.969436,8.645467,6DC,X120219_142_4
144,X120219,-6.25,7.69976,32.0652,20.38052,1,10.50568,0.9676851,0.03584019,6.596174,1.531377,4.307348,6DC,X120219_144_1
003,X120220,-8.0625,12.24368,23.84879,43.885,4,0.4707191,0.9879004,0,16.32302,3.353387,4.86762,12r,X120220_003_4
004,X120220,-10.6875,11.44348,22.19308,43.475,4,1.1699,0.9386017,0.02350176,12.06114,2.087806,5.776946,12m,X120220_004_4
004,X120220,-10.6875,11.44348,22.19308,43.475,6,1.130493,0.9386017,0.006462985,9.625482,1.5086,6.380406,12m,X120220_004_6
014,X120220,-13.25,9.156,21.522,42.18,2,23.39425,0.93302,0.04259694,6.831166,1.908855,3.578672,11ml,X120220_014_2
014,X120220,-13.25,9.156,21.522,42.18,5,1.090913,0.9964747,0.007344301,16.31469,1.72671,9.448425,11ml,X120220_014_5
016,X120220,-15.84375,6.31261,20.7437,41.575,1,6.123233,0.9380141,0,23.34608,1.64578,14.18541,11ml,X120220_016_1
016,X120220,-15.84375,6.31261,20.7437,41.575,8,0.3579554,0.9994125,0.001175088,22.91756,3.233857,7.086757,11ml,X120220_016_8
020,X120220,-11.6875,13.629,21.4243,41.34,5,0.7918094,0.9788484,0.0005875441,14.62647,3.136742,4.662951,12m,X120220_020_5
024,X120220,-16.375,7.127,20.40755,40.125,3,0.6189346,0.9911869,0.007344301,8.809109,1.713464,5.14111,11ml,X120220_024_3
029,X120220,-11.5,13.97258,21.48534,39.98,2,4.613592,0.9926557,0.002056404,11.76606,1.953875,6.021909,12m,X120220_029_2
029,X120220,-11.5,13.97258,21.48534,39.98,3,3.470963,0.9779671,0.0346651,6.610612,1.841437,3.58992,12m,X120220_029_3
031,X120220,-15.5625,10.41394,19.71892,39.55,4,6.568394,0.9894242,0.06698003,7.58626,1.247183,6.082715,13l,X120220_031_4
033,X120220,-17.6875,7.519,19.43855,38.93,1,12.13702,0.9976498,0.005581669,8.624105,1.298876,6.639667,13m,X120220_033_1
034,X120220,-18.28125,5.95625,19.16375,38.75,3,11.88021,0.9676851,0.03848414,7.065103,1.514844,4.663916,13m,X120220_034_3
037,X120220,-10.3125,15.97759,21.3686,38.928,1,2.744296,0.9145123,0.01527615,7.75749,1.645745,4.713665,12o,X120220_037_1
037,X120220,-10.3125,15.97759,21.3686,38.928,4,2.10294,0.9994125,0.001762632,24.33576,2.274127,10.70115,12o,X120220_037_4
039,X120220,-13.875,12.92019,20.26145,38.063,2,0.05801604,0.9985312,0.01116334,12.43601,2.001254,6.214107,13l,X120220_039_2
040,X120220,-15.65625,11.48377,19.67325,37.813,2,0.5586911,0.9991187,0.02350176,9.225309,1.192961,7.733116,13l,X120220_040_2
041,X120220,-18.28125,10.09489,18.22978,37.663,2,0.3625505,0.9885965,0.03025852,12.41594,1.875349,6.620604,13l,X120220_041_2
042,X120220,-19.78125,8.5354,17.68188,37.408,7,3.680724,0.9920682,0.08460634,7.519236,1.753797,4.287403,13l,X120220_042_7
047,X120220,-12.28125,16.31202,19.75408,37.738,3,22.77236,0.9782609,0.03730905,7.408258,1.315876,5.629908,12o,X120220_047_3
048,X120220,-14.0625,15.27899,19.27846,37.518,5,0.8228574,0.9917744,0.009106933,10.22967,1.551993,6.591308,12o,X120220_048_5
054,X120220,-23,5.81336,15.63458,35.618,3,2.830292,0.7861339,0.05875441,6.014489,1.429238,4.208179,13m,X120220_054_3
054,X120220,-23,5.81336,15.63458,35.618,7,0.6115283,0.9788484,0.003231492,11.74465,1.742294,6.740915,13m,X120220_054_7
056,X120220,-12.28125,17.6118,17.89684,37.188,3,4.951682,0.9538778,0.1066393,6.479763,1.714722,3.778901,12l,X120220_056_3
058,X120220,-15.75,15.00048,17.37964,36.668,5,1.320521,0.9920682,0.01439483,9.324479,2.928978,3.183527,12o,X120220_058_5
061,X120220,-17.4375,11.18448,19.39588,35.083,4,1.750322,0.9679788,0.02262045,6.491077,3.833037,1.693455,AI,X120220_061_4
062,X120220,-20.90625,9.8986,16.82176,35.258,3,1.476512,0.9944183,0.01233843,12.59541,1.425635,8.834948,AI,X120220_062_3
064,X120220,-23.34375,6.9596,15.5162,34.788,1,9.245315,0.956228,0.08078731,6.518686,1.708246,3.816013,13m,X120220_064_1
065,X120220,-23.6875,5.54504,15.57503,34.448,2,8.601309,0.9829612,0.01762632,5.11555,1.212398,4.219367,13m,X120220_065_2
066,X120220,-12.4375,19.5513,15.8745,36.488,3,3.470938,0.9720917,0.03319624,6.415554,1.421741,4.512464,12l,X120220_066_3
066,X120220,-12.4375,19.5513,15.8745,36.488,4,1.699464,0.9929495,0.01321974,12.31398,1.62269,7.588619,12l,X120220_066_4
072,X120220,-19.65625,10.81946,17.28328,33.848,2,0.6223428,0.9826674,0.01439483,8.161231,1.602827,5.091772,AI,X120220_072_2
077,X120220,-13.3125,19.77252,14.82334,35.618,1,5.636473,0.9609283,0.01321974,8.256671,1.882111,4.386919,12l,X120220_077_1
085,X120220,-16.8125,7.66462,21.3863,31.208,6,0.122246,0.9985312,0.001762632,20.16606,1.8659,10.80768,cd,X120220_085_6
086,X120220,-15.59375,6.36356,23.00376,30.728,3,1.132222,0.976792,0.002350176,13.97002,1.889578,7.393198,8B,X120220_086_3
091,X120220,-12.59375,16.71112,18.99803,32.683,5,0.7301331,0.9923619,0.008813161,16.43343,1.513546,10.85756,44,X120220_091_5
091,X120220,-12.59375,16.71112,18.99803,32.683,7,3.480229,0.9685664,0.04494712,8.439668,2.123462,3.974485,44,X120220_091_7
093,X120220,-16.125,13.94144,18.55898,32.178,1,1.555864,0.9905993,0.006462985,11.72115,1.415258,8.281987,44,X120220_093_1
093,X120220,-16.125,13.94144,18.55898,32.178,2,0.389695,0.9905993,0.001762632,16.8128,1.743123,9.645218,44,X120220_093_2
100,X120220,-19.9375,3.28192,19.77604,29.028,5,5.991297,0.9632785,0.04817861,6.256897,2.370409,2.639585,cd,X120220_100_5
102,X120220,-14.75,17.93248,15.55984,31.868,5,0.8169407,0.949765,0.03231492,8.736465,1.452825,6.013433,6VaVb,X120220_102_5
103,X120220,-16.1875,16.06126,15.50491,32.583,6,1.245287,0.9900118,0.03290247,9.911899,1.913649,5.17958,44,X120220_103_6
104,X120220,-14.0625,14.66613,19.37265,31.238,2,1.576848,0.9920682,0.01175088,11.30678,1.475647,7.662251,45,X120220_104_2
104,X120220,-14.0625,14.66613,19.37265,31.238,5,0.5294926,0.993537,0.0005875441,22.37898,1.885669,11.86792,45,X120220_104_5
105,X120220,-28.8125,13.41998,5.83104,26.948,3,8.001464,0.9212691,0.06227967,4.187738,1.165789,3.592194,AMG,X120220_105_3
107,X120220,-32.125,11.2148,4.05228,26.13,4,18.04781,0.93302,0.1101645,5.482669,1.049186,5.225639,AMG,X120220_107_4
108,X120220,-15.125,8.40338,22.14718,28.129,2,1.473778,0.9315511,0.004406581,8.064146,1.335708,6.037358,6DC,X120220_108_2
108,X120220,-15.125,8.40338,22.14718,28.129,3,2.615182,0.9315511,0.01145711,9.786821,2.14031,4.572618,6DC,X120220_108_3
109,X120220,-14.75,7.35584,23.01298,27.119,3,2.68708,0.9803173,0.03672151,7.98107,1.820071,4.385034,cd,X120220_109_3
118,X120220,-34.6875,12.479,0.528399999999998,25.802,2,17.02987,0.9876616,0.01145711,6.869732,1.792439,3.832617,AMG,X120220_118_2
126,X120220,-22.96875,15.3613,10.48034,23.48,2,32.14254,0.9077556,0.1592244,4.838823,1.036282,4.669408,pu,X120220_126_2
127,X120220,-31.15625,13.90104,3.15554,23.194,1,13.91406,0.8816099,0.09841363,5.100011,1.385927,3.679855,AMG,X120220_127_1
138,X120220,-28.03125,14.6932,5.96217,22.101,5,1.135381,0.9882491,0.01028202,9.17769,2.985634,3.07395,AMG,X120220_138_5
139,X120220,-32.21875,13.45,3.024,21.981,6,1.518577,0.9817861,0.01792009,6.059303,2.632919,2.301363,AMG,X120220_139_6
142,X120220,-33.46875,10.58393,3.1775,21.785,1,18.85718,0.9015864,0.1142773,5.353592,1.610056,3.325096,AMG,X120220_142_1
147,X120220,-14.15625,3.89648,25.64314,22.789,2,28.08724,0.9900118,0.008225617,6.825956,1.094191,6.238361,24c,X120220_147_2
147,X120220,-14.15625,3.89648,25.64314,22.789,6,3.158346,0.9914806,0.07197415,9.550996,1.261094,7.573578,24c,X120220_147_6
151,X120220,-29.625,12.12197,5.95447,20.16445,2,20.00424,0.976792,0.1974148,6.658829,1.274415,5.22501,AMG,X120220_151_2
156,X120220,-16.3125,7.6164,22.7736,19.23,3,1.240909,0.9900118,0.07344301,7.924395,2.297168,3.449637,24c,X120220_156_3
005,X120319,-6.21875,10.50905,27.20315,43.205,6,1.002,0.9994125,0.006462985,17.05629,1.840682,9.266288,46d,X120319_005_6
013,X120319,-5.71875,10.744,28.33366,41.615,2,5.572418,0.9776734,0.03965922,6.192827,1.360951,4.550367,46d,X120319_013_2
052,X120319,-8.09375,8.35805,29.29175,34.438,3,0.2860904,0.993537,0.003525264,6.642025,1.211941,5.480484,6DR,X120319_052_3
066,X120319,-6.1875,19.41515,22.03625,35.438,1,0.7190155,1,0.004406581,18.31339,2.846811,6.432948,8A,X120319_066_1
074,X120319,-7.65625,7.87496,30.43452,31.508,1,37.76034,0.9829612,0.01968273,6.032449,1.07442,5.614612,6DR,X120319_074_1
086,X120319,-6.6875,6.13016,31.97736,29.378,5,0.1060785,0.9920682,0.001762632,10.76364,1.465528,7.344548,6DR,X120319_086_5
086,X120319,-6.6875,6.13016,31.97736,29.378,6,0.596691,0.9920682,0.02820211,11.35326,1.458458,7.784429,6DR,X120319_086_6
088,X120319,-5.625,3.12518,33.60844,28.698,5,13.36673,0.960047,0.04641598,7.368094,1.573589,4.682351,6DR,X120319_088_5
090,X120319,-5.75,18.20906,23.91512,31.833,4,1.311097,0.9988249,0.004700352,12.11261,1.506985,8.037645,8A,X120319_090_4
113,X120319,-5.6875,2.45248,33.82495,25.971,2,17.1595,0.9556404,0.0199765,6.307128,1.19113,5.295078,6DR,X120319_113_2
129,X120319,-4.9375,12.71387,30.51427,22.943,3,2.960324,0.9009988,0.02820211,6.499648,2.008514,3.236049,6DC,X120319_129_3
141,X120319,-5.5,11.711,30.8691,21.24,4,0.2751149,1,0,32.50485,3.188833,10.19334,6DC,X120319_141_4
142,X120319,-5.5625,10.40771,30.9965,20.795,2,0.2029868,0.9985312,0.002056404,16.24947,2.973302,5.465125,6DC,X120319_142_2
142,X120319,-5.5625,10.40771,30.9965,20.795,6,0.4841495,0.9976498,0.007050529,11.45613,1.484686,7.716197,6DC,X120319_142_6
144,X120319,-6.25,7.69976,32.0652,20.38052,4,5.900266,0.9691539,0.03437133,7.798037,1.606457,4.854182,6DC,X120319_144_4
003,X120320,-8.09375,12.24368,23.84879,43.885,3,1.031941,0.9621034,0.007638073,11.87633,2.692188,4.411406,12r,X120320_003_3
003,X120320,-8.09375,12.24368,23.84879,43.885,4,0.7529352,0.9621034,0.002056404,7.995658,1.627582,4.912601,12r,X120320_003_4
004,X120320,-10.71875,11.44348,22.19308,43.475,3,3.129998,0.9861927,0.006462985,8.701701,1.778691,4.892193,12m,X120320_004_3
004,X120320,-10.71875,11.44348,22.19308,43.475,4,0.2288035,0.9861927,0.02555817,9.026584,1.704947,5.294349,12m,X120320_004_4
020,X120320,-11.6875,13.629,21.4243,41.34,3,0.9915057,0.9964747,0.0005875441,21.80213,2.389732,9.123252,12m,X120320_020_3
024,X120320,-16.375,7.127,20.40755,40.125,3,1.697138,0.9947121,0.005287896,9.751576,1.929116,5.054945,11ml,X120320_024_3
029,X120320,-11.5,13.97258,21.48534,39.98,2,4.230947,0.9817861,0.02878966,8.307998,2.027788,4.097074,12m,X120320_029_2
030,X120320,-13.78125,11.95129,20.58475,39.74,1,6.706315,0.9712104,0.05170388,7.785515,1.635764,4.759559,13l,X120320_030_1
033,X120320,-17.6875,7.519,19.43855,38.93,3,6.320573,0.9882491,0.002056404,5.389645,1.00121,5.383132,13m,X120320_033_3
034,X120320,-18.28125,5.95625,19.16375,38.75,2,5.603984,0.9788484,0.02908343,8.349295,1.484823,5.623093,13m,X120320_034_2
037,X120320,-10.34375,15.97759,21.3686,38.928,2,2.171814,0.9991187,0,15.63107,3.245434,4.816327,12o,X120320_037_2
044,X120320,-20.34375,5.538,18.0868,36.788,3,0.283132,0.9908931,0.005287896,11.52976,2.411028,4.782094,13m,X120320_044_3
046,X120320,-11.75,17.74596,18.09304,38.408,3,0.2259963,0.9941245,0.006462985,9.566171,1.571935,6.085603,12o,X120320_046_3
047,X120320,-12.28125,16.31202,19.75408,37.738,3,25.18463,0.9377204,0.07079906,6.552698,1.273996,5.143423,12o,X120320_047_3
048,X120320,-14.0625,15.27899,19.27846,37.518,3,0.1721114,0.9823702,0.0005875441,14.16954,1.635535,8.663546,12o,X120320_048_3
049,X120320,-15.4375,14.3284,18.7334,37.513,3,0.2091773,0.9838426,0.002643948,13.38287,2.17719,6.146856,13l,X120320_049_3
049,X120320,-15.4375,14.3284,18.7334,37.513,4,1.703816,0.9838426,0.0293772,9.954772,1.46303,6.804214,13l,X120320_049_4
050,X120320,-16.71875,11.5469,18.7425,36.438,5,1.649243,0.9903055,0.007050529,9.304142,1.703553,5.461611,13l,X120320_050_5
050,X120320,-16.71875,11.5469,18.7425,36.438,6,0.9324827,0.9964747,0.01116334,16.87587,2.142259,7.877604,13l,X120320_050_6
051,X120320,-19.03125,10.1964,17.355,36.288,3,0.5684252,0.9988249,0.01145711,11.47482,2.066651,5.552373,13l,X120320_051_3
056,X120320,-12.40625,17.6157,17.72781,37.213,4,7.457022,1,0.004406581,14.3124,1.273297,11.24043,12l,X120320_056_4
059,X120320,-16.53125,13.5143,17.7597,36.338,3,0.470777,0.9879553,0.004994125,11.87837,1.732041,6.85802,12o,X120320_059_3
060,X120320,-17.03125,12.63404,18.59478,35.728,2,0.06312687,0.9976498,0.006169213,14.85615,3.135565,4.737948,AI,X120320_060_2
062,X120320,-20.9375,9.9134,16.57094,35.293,5,0.1032122,0.9133334,0.001762632,31.4077,4.023097,7.806847,AI,X120320_062_5
062,X120320,-20.9375,9.9134,16.57094,35.293,6,0.1788798,0.9955934,0.004700352,12.34225,1.964331,6.283185,AI,X120320_062_6
063,X120320,-23.375,8.59152,14.9519,35.178,2,1.105182,0.9809048,0.01909518,9.200887,1.934453,4.756325,13l,X120320_063_2
065,X120320,-23.75,5.5614,15.3133,34.488,5,10.40052,0.9541715,0.02996475,4.135423,1.017319,4.065019,13m,X120320_065_5
066,X120320,-12.46875,19.5513,15.8745,36.488,3,2.322626,0.9606345,0.001762632,9.385346,1.400485,6.701496,12l,X120320_066_3
066,X120320,-12.46875,19.5513,15.8745,36.488,4,1.240032,0.9606345,0.007344301,9.64968,1.53555,6.284183,12l,X120320_066_4
070,X120320,-18.125,13.82625,16.27975,35.013,2,1.027343,0.9888366,0.01792009,9.580285,2.175757,4.403197,AI,X120320_070_2
070,X120320,-18.125,13.82625,16.27975,35.013,6,0.8505801,0.9908931,0.008225617,8.344434,1.22783,6.796082,AI,X120320_070_6
074,X120320,-23.125,8.74688,15.12356,33.748,2,0.3323049,0.9950058,0.006169213,9.057822,2.422096,3.739663,13m,X120320_074_2
085,X120320,-16.9375,7.66851,21.09965,31.248,3,0.129304,0.9979436,0.008225617,16.71506,2.043877,8.178114,cd,X120320_085_3
086,X120320,-15.71875,6.36356,23.00376,30.728,2,1.468353,0.8542891,0.03437133,9.808411,1.378403,7.115777,8B,X120320_086_2
086,X120320,-15.71875,6.36356,23.00376,30.728,4,2.268854,0.9706228,0.01351351,8.685394,1.735043,5.005868,8B,X120320_086_4
091,X120320,-12.71875,16.71424,18.75656,32.728,3,4.874339,0.9506463,0.01233843,9.646839,2.062299,4.677711,44,X120320_091_3
091,X120320,-12.71875,16.71424,18.75656,32.728,4,0.7531949,0.9506463,0.003525264,13.21068,1.859179,7.105652,44,X120320_091_4
092,X120320,-15.6875,15.4464,17.5104,32.588,3,0.8847412,0.9838426,0.01145711,10.54907,1.901054,5.549061,44,X120320_092_3
092,X120320,-15.6875,15.4464,17.5104,32.588,4,1.483886,0.9926557,0.0273208,9.766564,1.479618,6.600733,44,X120320_092_4
092,X120320,-15.6875,15.4464,17.5104,32.588,5,0.3685983,0.9838426,0.004700352,14.56894,1.818957,8.009503,44,X120320_092_5
093,X120320,-16.25,13.94456,18.30427,32.223,1,5.851111,0.983255,0,9.042694,1.404729,6.437322,44,X120320_093_1
093,X120320,-16.25,13.94456,18.30427,32.223,3,1.292614,0.983255,0.01703878,7.7355,1.288922,6.001525,44,X120320_093_3
093,X120320,-16.25,13.94456,18.30427,32.223,5,2.481302,0.9847239,0.0005875441,14.3781,1.852771,7.760323,44,X120320_093_5
102,X120320,-14.8125,17.92952,15.32716,31.908,4,9.053788,0.9365453,0.1001763,7.373323,1.424227,5.177069,6VaVb,X120320_102_4
102,X120320,-14.8125,17.92952,15.32716,31.908,5,5.399987,0.9365453,0.02144536,9.327986,1.661328,5.614776,6VaVb,X120320_102_5
102,X120320,-14.8125,17.92952,15.32716,31.908,6,10.98693,0.9623972,0.01439483,5.178501,1.029732,5.028977,6VaVb,X120320_102_6
105,X120320,-28.9375,13.41539,5.46322,26.958,3,9.821091,0.9826674,0.01792009,5.364772,1.046005,5.128821,AMG,X120320_105_3
107,X120320,-32.125,11.2148,4.05228,26.13,4,15.53045,0.9867803,0.03877791,7.196897,1.053728,6.829937,AMG,X120320_107_4
107,X120320,-32.125,11.2148,4.05228,26.13,5,0.3994575,0.9529965,0.03642773,9.440178,3.831057,2.464118,AMG,X120320_107_5
108,X120320,-15.1875,8.40338,22.14718,28.129,3,2.379778,0.9826674,0.01233843,9.622448,1.875671,5.130137,6DC,X120320_108_3
117,X120320,-29.40625,13.71119,5.09711,25.542,3,0.05044912,0.9973561,0,14.50268,4.411141,3.287739,AMG,X120320_117_3
118,X120320,-34.71875,12.479,0.528399999999998,25.802,2,0.4926676,0.9908931,0.002350176,11.70603,2.899965,4.036611,AMG,X120320_118_2
133,X120320,-23.4375,7.95101,14.76781,22.461,3,6.5275,0.9970623,0.004700352,8.985299,1.128492,7.962214,pu,X120320_133_3
147,X120320,-14.15625,3.89648,25.64314,22.789,3,3.179468,0.9905993,0.09195065,7.854513,1.697489,4.627135,24c,X120320_147_3
151,X120320,-29.65625,12.12197,5.95447,20.16445,3,20.44165,0.9773796,0.180376,5.969708,1.269514,4.702356,AMG,X120320_151_3
153,X120320,-20.09375,10.21204,16.9668,19.586,1,22.20276,0.9911869,0.009400705,9.006252,1.681846,5.35498,pu,X120320_153_1
154,X120320,-22.75,9.3265,15.13608,19.436,3,8.036391,0.9521152,0.004406581,10.90566,1.781605,6.121252,pu,X120320_154_3
156,X120320,-16.5625,7.67126,22.37084,19.26,2,15.4652,0.9541715,0.1219154,6.129923,1.379363,4.444025,24c,X120320_156_2
005,X120419,-6.21875,10.50905,27.20315,43.205,1,0.8248955,1,0.00293772,16.77404,1.588475,10.55984,46d,X120419_005_1
022,X120419,-6.59375,10.0122,28.4722,39.8,2,5.416078,0.9944183,0.04347826,9.343568,1.870328,4.995685,46d,X120419_022_2
023,X120419,-6.84375,8.58145,29.0057,39.375,6,3.343683,0.9623972,0.04112808,7.095635,1.56338,4.53865,8B,X120419_023_6
052,X120419,-8.21875,8.35805,29.29175,34.438,5,0.1170157,0.9985312,0.00293772,8.65574,1.58001,5.478281,6DR,X120419_052_5
055,X120419,-7.59375,19.084,21.109,37.138,2,0.08025263,0.9964747,0,11.31326,2.584494,4.377357,45,X120419_055_2
065,X120419,-6.59375,4.498,32.32575,31.888,3,4.711162,0.9233255,0.03877791,6.186827,1.091227,5.669604,6DR,X120419_065_3
065,X120419,-6.59375,4.498,32.32575,31.888,4,9.995508,0.926557,0.01292597,10.24947,1.243049,8.245432,6DR,X120419_065_4
066,X120419,-6.1875,19.41515,22.03625,35.438,3,0.612488,1,0.001175088,18.46168,2.018025,9.148392,8A,X120419_066_3
076,X120419,-6.84375,4.6735,32.34575,30.388,2,20.12848,0.9779671,0.05757932,6.221323,1.297667,4.794236,6DR,X120419_076_2
077,X120419,-6.1875,19.67424,21.85708,34.148,5,3.583457,0.974148,0.009694478,9.95991,1.434307,6.944058,8A,X120419_077_5
088,X120419,-5.6875,3.12518,33.60844,28.698,2,3.995547,0.9717979,0.007638073,7.610436,1.515963,5.020199,6DR,X120419_088_2
090,X120419,-5.75,18.20906,23.91512,31.833,1,31.80842,0.9427145,0.04994125,6.5015,1.73344,3.750635,8A,X120419_090_1
090,X120419,-5.75,18.20906,23.91512,31.833,4,1.531835,0.9903055,0.004994125,9.091795,1.369215,6.640152,8A,X120419_090_4
095,X120419,-7.1875,10.16601,29.64701,28.923,5,0.3561245,0.9982374,0.006462985,8.522919,1.29629,6.574853,8A,X120419_095_5
097,X120419,-6.625,7.68994,31.41358,28.308,2,0.6738675,0.9976498,0.002350176,17.50886,2.10571,8.314941,6DR,X120419_097_2
097,X120419,-6.625,7.68994,31.41358,28.308,4,0.08522899,0.9976498,0.000293772,26.4128,3.082278,8.569245,6DR,X120419_097_4
113,X120419,-5.71875,2.45248,33.82495,25.971,1,4.312558,0.9697415,0.02350176,5.574436,1.187559,4.694028,6DR,X120419_113_1
117,X120419,-6.125,13.90383,28.37327,24.902,2,2.730356,0.9882491,0.02967098,8.640153,1.615012,5.3499,6DC,X120419_117_2
118,X120419,-6.4375,12.5795,28.8225,24.797,4,1.966667,0.9723854,0.02291422,6.618013,1.391105,4.757378,6DC,X120419_118_4
118,X120419,-6.4375,12.5795,28.8225,24.797,6,0.2509614,0.9723854,0.001175088,11.21491,1.689217,6.639118,6DC,X120419_118_6
127,X120419,-4.875,15.20552,29.33752,23.194,4,2.445745,0.9788484,0.01175088,9.606056,1.784951,5.381691,6VaVb,X120419_127_4
129,X120419,-4.9375,12.71387,30.51427,22.943,4,1.723125,0.9958872,0.002643948,13.4259,2.037664,6.588868,6DC,X120419_129_4
133,X120419,-6.375,7.37524,31.85644,21.816,3,2.932171,0.9753231,0.07021151,7.118867,1.603843,4.438631,6DC,X120419_133_3
140,X120419,-5.625,12.94865,30.00635,21.345,4,0.2546324,0.9994125,0.003231492,19.43997,2.360818,8.234421,6DC,X120419_140_4
141,X120419,-5.5,11.711,30.8691,21.24,1,0.3803554,0.9988249,0.001175088,26.292,2.415775,10.88346,6DC,X120419_141_1
142,X120419,-5.5625,10.40771,30.9965,20.795,3,0.3841834,0.9958872,0.0008813161,13.4867,1.712261,7.876547,6DC,X120419_142_3
142,X120419,-5.5625,10.40771,30.9965,20.795,7,0.1051201,1,0,19.26188,1.794341,10.73479,6DC,X120419_142_7
144,X120419,-6.25,7.69976,32.0652,20.38052,4,4.412518,0.9950058,0.008813161,8.962406,1.802091,4.973339,6DC,X120419_144_4
016,X120420,-15.84375,6.31261,20.7437,41.575,1,1.159451,0.9873678,0.02555817,10.00878,2.275647,4.398213,11ml,X120420_016_1
020,X120420,-11.6875,13.629,21.4243,41.34,4,0.9057012,0.993537,0.003231492,11.2017,1.769177,6.331592,12m,X120420_020_4
030,X120420,-13.78125,11.95129,20.58475,39.74,3,4.416346,0.9770858,0.02144536,10.44662,1.671193,6.250997,13l,X120420_030_3
034,X120420,-18.3125,5.95625,19.16375,38.75,4,5.379853,0.9988249,0.006462985,10.62082,1.464563,7.251867,13m,X120420_034_4
037,X120420,-10.375,15.97759,21.3686,38.928,1,2.238145,0.993537,0.005287896,16.74106,2.128796,7.864096,12o,X120420_037_1
038,X120420,-12.5625,14.44302,20.63422,38.738,3,0.4711132,0.9591657,0,17.15868,4.209552,4.07613,13l,X120420_038_3
049,X120420,-15.4375,14.3284,18.7334,37.513,3,4.525901,0.9359206,0.03965922,9.450289,1.23604,7.645614,13l,X120420_049_3
050,X120420,-16.75,11.5469,18.7425,36.438,3,0.229406,0.9306698,0.0005875441,24.2165,2.474075,9.788102,13l,X120420_050_3
056,X120420,-12.40625,17.6157,17.72781,37.213,3,5.775158,0.9826674,0.04054054,9.050652,1.242229,7.285814,12l,X120420_056_3
063,X120420,-23.40625,8.59152,14.9519,35.178,3,1.759952,0.9861927,0.02908343,7.430671,2.188046,3.396031,13l,X120420_063_3
070,X120420,-18.15625,13.82625,16.27975,35.013,2,2.792326,0.9917744,0.04318449,9.117542,2.010261,4.535502,AI,X120420_070_2
077,X120420,-13.5,19.77486,14.65587,35.653,2,14.0299,0.9512339,0.006756757,7.722297,1.595827,4.839058,12l,X120420_077_2
083,X120420,-23.03125,10.165,13.78444,32.628,2,0.375138,0.9938308,0.01028202,8.137215,3.742368,2.174349,AI,X120420_083_2
085,X120420,-17.0625,7.66851,21.09965,31.248,6,7.956503,0.9626909,0.001175088,8.544492,1.389747,6.148236,cd,X120420_085_6
086,X120420,-15.84375,6.36356,23.00376,30.728,4,1.38428,0.9994125,0.004112808,17.85763,1.754938,10.17565,8B,X120420_086_4
092,X120420,-15.8125,15.4464,17.5104,32.588,2,1.591699,0.9891304,0.004112808,13.25248,1.837397,7.212638,44,X120420_092_2
093,X120420,-16.25,13.94456,18.30427,32.223,4,5.153045,0.9386017,0.01792009,6.495703,1.303197,4.984437,44,X120420_093_4
093,X120420,-16.25,13.94456,18.30427,32.223,5,3.040167,0.9386017,0.01674501,9.325523,1.32959,7.013834,44,X120420_093_5
093,X120420,-16.25,13.94456,18.30427,32.223,6,2.082402,0.9638661,0,11.06418,1.49333,7.409063,44,X120420_093_6
095,X120420,-24.15625,9.60886,12.80986,31.398,5,3.037021,0.989718,0.05757932,7.52168,1.950408,3.856464,AI,X120420_095_5
102,X120420,-14.8125,17.92952,15.32716,31.908,3,10.03677,0.9480023,0.008813161,5.461178,1.139408,4.792995,6VaVb,X120420_102_3
102,X120420,-14.8125,17.92952,15.32716,31.908,4,6.875531,0.9480023,0.02291422,7.607939,1.394795,5.454521,6VaVb,X120420_102_4
102,X120420,-14.8125,17.92952,15.32716,31.908,5,4.882608,0.9709166,0.140423,7.946706,1.766303,4.499061,6VaVb,X120420_102_5
105,X120420,-28.96875,13.41539,5.46322,26.958,3,5.373743,0.9676851,0.04553467,4.267529,1.299739,3.283374,AMG,X120420_105_3
107,X120420,-32.15625,11.2148,4.05228,26.13,2,2.243742,0.7779083,0.03877791,7.252961,1.78092,4.072591,AMG,X120420_107_2
107,X120420,-32.15625,11.2148,4.05228,26.13,3,13.85202,0.9894242,0.03965922,6.860987,1.050349,6.532104,AMG,X120420_107_3
108,X120420,-15.1875,8.40338,22.14718,28.129,3,0.3661082,0.9829612,0.01410106,12.9731,1.902093,6.820435,6DC,X120420_108_3
112,X120420,-19.5625,4.19888,19.79599,27.651,3,3.100806,0.9735605,0.01880141,5.46969,1.783757,3.066388,cd,X120420_112_3
117,X120420,-29.4375,13.71119,5.09711,25.542,3,0.09489678,0.9930966,0.001175088,14.37814,1.639915,8.767613,AMG,X120420_117_3
123,X120420,-20.84375,5.89968,18.16924,26.973,5,2.520361,0.9753231,0.02820211,4.240688,1.406226,3.015652,cd,X120420_123_5
133,X120420,-23.5,7.95101,14.76781,22.461,3,5.787847,0.9653349,0.01380729,5.418343,0.9728553,5.569526,pu,X120420_133_3
141,X120420,-28.5,11.711,7.60675,21.85,3,2.439874,0.9723854,0.05992949,7.891701,2.363457,3.33905,AMG,X120420_141_3
142,X120420,-33.53125,10.5866,2.756,21.8,5,3.421518,0.9788484,0.08049354,8.103206,1.738285,4.661609,AMG,X120420_142_5
147,X120420,-14.21875,3.89648,25.64314,22.789,5,27.10106,0.9491774,0.02408931,4.911738,0.9957219,4.932841,24c,X120420_147_5
153,X120420,-20.09375,10.21204,16.9668,19.586,3,14.27896,0.9955934,0.009988249,7.402012,1.522596,4.861442,pu,X120420_153_3
154,X120420,-22.75,9.3265,15.13608,19.436,2,30.11115,0.900705,0.04700353,4.285745,0.9211114,4.652798,pu,X120420_154_2
154,X120420,-22.75,9.3265,15.13608,19.436,6,10.11521,0.9988249,0.00293772,9.497379,1.624278,5.847139,pu,X120420_154_6
157,X120420,-14.625,5.9237,24.63365,19.08,3,20.71874,0.9688601,0.07344301,6.048032,1.215014,4.977746,24c,X120420_157_3
005,X120519,-6.21875,10.50905,27.20315,43.205,3,0.4466865,1,0,16.06642,1.630182,9.855602,46d,X120519_005_3
014,X120519,-6.53125,9.328,28.26225,41.32,2,14.08253,0.9979436,0.007931845,5.884726,1.204272,4.886544,46d,X120519_014_2
022,X120519,-6.71875,10.0122,28.4722,39.8,5,4.459641,0.9888366,0.1028202,9.324011,1.51266,6.163982,46d,X120519_022_5
054,X120519,-6.53125,5.24664,32.03642,33.658,3,1.596049,0.9952996,0.004700352,16.70423,4.517947,3.697305,6DR,X120519_054_3
057,X120519,-7.96875,16.29755,23.66549,36.058,3,2.72638,0.9424207,0.002056404,10.71767,2.199131,4.873593,46v,X120519_057_3
057,X120519,-7.96875,16.29755,23.66549,36.058,4,1.711903,0.9371328,0.01086957,11.38643,2.577459,4.417693,46v,X120519_057_4
065,X120519,-6.71875,4.498,32.32575,31.888,4,21.66954,0.976792,0.04494712,7.890781,1.334032,5.914987,6DR,X120519_065_4
066,X120519,-6.1875,19.41515,22.03625,35.438,3,0.5933645,1,0.001175088,18.52896,2.380621,7.783246,8A,X120519_066_3
078,X120519,-7.1875,18.45286,22.21512,34.078,1,7.823815,0.9744418,0.05023502,5.854268,1.499273,3.904737,8A,X120519_078_1
096,X120519,-6.875,8.8293,30.54512,28.808,1,0.3668791,0.9976498,0.01204465,10.55254,1.884969,5.598254,6DR,X120519_096_1
097,X120519,-6.625,7.68994,31.41358,28.308,2,0.5250914,0.9932432,0.01321974,9.621051,1.274046,7.551571,6DR,X120519_097_2
097,X120519,-6.625,7.68994,31.41358,28.308,3,0.3320297,0.9955934,0.01145711,10.88197,1.473683,7.3842,6DR,X120519_097_3
097,X120519,-6.625,7.68994,31.41358,28.308,4,0.7840114,0.9905993,0.002350176,18.86413,1.910209,9.875425,6DR,X120519_097_4
097,X120519,-6.625,7.68994,31.41358,28.308,5,0.06162189,0.9905993,0.0005875441,26.0407,3.651371,7.131759,6DR,X120519_097_5
098,X120519,-7.1875,6.22788,31.38519,27.923,1,0.2455056,1,0,18.68012,2.525336,7.397085,6DR,X120519_098_1
112,X120519,-6.125,3.85952,33.12721,25.971,3,0.6120476,0.9973561,0.007050529,14.97078,1.918905,7.801727,6DR,X120519_112_3
119,X120519,-6,11.1,29.97852,24.304,1,1.409508,1,0,21.60445,2.215936,9.749582,6DC,X120519_119_1
121,X120519,-6.0625,8.45714,31.62794,23.735,3,0.283251,0.9967685,0.01645123,11.94996,1.660112,7.198286,6DC,X120519_121_3
129,X120519,-4.9375,12.71387,30.51427,22.943,3,0.7855521,0.9900118,0.007344301,7.934556,2.714311,2.92323,6DC,X120519_129_3
129,X120519,-4.9375,12.71387,30.51427,22.943,4,4.038328,0.987074,0.01850764,8.915695,1.776673,5.018197,6DC,X120519_129_4
132,X120519,-6.625,8.5856,30.57788,22.277,3,0.1048278,1,0.00293772,16.73404,1.777995,9.411746,6DC,X120519_132_3
133,X120519,-6.375,7.37524,31.85644,21.816,2,0.6861674,0.9985312,0.01556992,8.693244,1.691296,5.13999,6DC,X120519_133_2
134,X120519,-4.9375,6.1658,33.75172,21.471,3,0.5869981,1,0.004994125,12.30385,1.489917,8.258074,6DC,X120519_134_3
140,X120519,-5.625,12.94865,30.00635,21.345,3,0.2632662,1,0.0005875441,25.04562,2.732117,9.167109,6DC,X120519_140_3
141,X120519,-5.5,11.711,30.8691,21.24,3,1.552477,1,0.0008813161,21.30946,1.586749,13.42964,6DC,X120519_141_3
142,X120519,-5.5625,10.40771,30.9965,20.795,3,0.1326376,0.9985312,0,25.10159,2.182717,11.50016,6DC,X120519_142_3
142,X120519,-5.5625,10.40771,30.9965,20.795,4,0.3330746,0.9979436,0,13.2104,1.650903,8.001926,6DC,X120519_142_4
144,X120519,-6.25,7.69976,32.0652,20.38052,2,2.836906,0.9982374,0.003525264,10.19842,1.656073,6.158195,6DC,X120519_144_2
004,X120619,-8.15625,11.53408,24.74068,43.25,2,0.6567523,0.9900118,0.009106933,16.37352,3.590988,4.559615,12r,X120619_004_2
004,X120619,-8.15625,11.53408,24.74068,43.25,5,1.649234,0.9882491,0.0420094,8.983253,1.495492,6.006889,12r,X120619_004_5
018,X120619,-6.46875,15.35485,24.4367,41.325,2,3.870253,0.9750293,0.06286722,8.716273,1.921247,4.53678,12l,X120619_018_2
018,X120619,-6.46875,15.35485,24.4367,41.325,3,0.1913987,0.9568155,0.003819037,13.2858,1.732931,7.666664,12l,X120619_018_3
018,X120619,-6.46875,15.35485,24.4367,41.325,8,1.019243,0.9844301,0.005581669,18.98406,2.110117,8.996682,12l,X120619_018_8
019,X120619,-7.21875,14.59048,25.081,40.96,3,0.703496,0.9967685,0.007344301,14.10013,1.67657,8.410106,46v,X120619_019_3
023,X120619,-7.03125,8.58212,28.81092,39.4,1,0.7035457,1,0.0005875441,17.61084,2.352356,7.486468,8B,X120619_023_1
024,X120619,-6.03125,7.019,30.70913,38.775,3,0.7648607,0.9976498,0.05581669,9.252219,1.302585,7.102966,8B,X120619_024_3
027,X120619,-7.03125,15.91027,23.30966,40.355,2,14.46094,0.9923619,0.07520564,9.600563,1.655005,5.800925,12l,X120619_027_2
027,X120619,-7.03125,15.91027,23.30966,40.355,4,2.552213,0.979436,0.001175088,10.69356,1.675647,6.381752,12l,X120619_027_4
031,X120619,-7.28125,10.38513,27.77884,38.475,2,1.29824,0.9907063,0.02849589,12.57842,1.482411,8.485111,8B,X120619_031_2
031,X120619,-7.28125,10.38513,27.77884,38.475,5,1.162487,0.9962825,0.00146886,25.02372,2.38717,10.48259,8B,X120619_031_5
036,X120619,-7.28125,17.38757,22.26028,39.273,3,2.026736,0.9882491,0.002350176,14.44455,1.659968,8.701707,12l,X120619_036_3
036,X120619,-7.28125,17.38757,22.26028,39.273,4,0.1086616,0.9882491,0.00293772,15.63256,2.044838,7.644888,12l,X120619_036_4
045,X120619,-8.03125,18.98806,20.26251,38.108,2,16.81851,0.979436,0.01645123,5.285507,1.101611,4.797978,12l,X120619_045_2
045,X120619,-8.03125,18.98806,20.26251,38.108,3,0.187142,0.9409518,0.01938896,16.72014,5.089392,3.285291,12l,X120619_045_3
046,X120619,-7.40625,17.59308,22.38992,37.848,1,5.292012,0.9459459,0.04582844,10.72804,2.464393,4.353218,12l,X120619_046_1
046,X120619,-7.40625,17.59308,22.38992,37.848,2,1.85951,0.9459459,0.03143361,7.93076,1.38619,5.721263,12l,X120619_046_2
053,X120619,-7.78125,6.80791,30.54302,33.903,2,3.115585,0.9891304,0.01351351,9.007847,1.592179,5.657561,6DR,X120619_053_2
057,X120619,-7.96875,16.29755,23.66549,36.058,3,0.9721734,0.9900806,0,9.378941,1.855684,5.05417,46v,X120619_057_3
065,X120619,-6.71875,4.498,32.32575,31.888,2,21.5935,0.9973561,0.008519389,9.770728,1.404019,6.959114,6DR,X120619_065_2
066,X120619,-6.1875,19.41515,22.03625,35.438,2,0.4360625,1,0.001762632,17.6461,2.036147,8.666418,8A,X120619_066_2
069,X120619,-8.78125,15.04144,24.52404,34.148,3,2.299184,0.9826674,0.04171563,11.07205,1.610841,6.873461,46v,X120619_069_3
069,X120619,-8.78125,15.04144,24.52404,34.148,5,1.722299,0.9838426,0.003819037,18.33088,2.320024,7.90116,46v,X120619_069_5
074,X120619,-8.03125,7.89053,30.16111,31.548,1,8.883102,0.8766158,0.01527615,7.630087,1.237659,6.164936,6DR,X120619_074_1
080,X120619,-8.5625,15.24048,24.3462,32.648,3,20.21965,0.9744418,0.02849589,7.679154,1.682137,4.565119,46v,X120619_080_3
088,X120619,-5.875,3.13219,33.29452,28.743,3,2.819616,0.9967685,0.005875441,13.2168,1.922914,6.87332,6DR,X120619_088_3
091,X120619,-6.3125,16.63312,25.03478,31.558,2,18.55054,0.9515276,0.03319624,5.101887,1.211111,4.212566,8A,X120619_091_2
097,X120619,-6.625,7.68994,31.41358,28.308,3,0.1468414,0.9932432,0.002643948,15.48392,1.74865,8.854786,6DR,X120619_097_3
097,X120619,-6.625,7.68994,31.41358,28.308,4,0.6524132,0.9932432,0,22.93543,2.280045,10.0592,6DR,X120619_097_4
099,X120619,-6.375,4.68314,32.58748,27.333,3,0.1116642,0.9991187,0.003231492,14.24294,1.902669,7.485769,6DR,X120619_099_3
112,X120619,-6.125,3.85952,33.12721,25.971,3,1.068412,0.9962229,0.003819037,12.94774,1.852116,6.990781,6DR,X120619_112_3
119,X120619,-6,11.1,29.97852,24.304,3,1.482639,1,0.003231492,22.96741,2.127719,10.79438,6DC,X120619_119_3
127,X120619,-5.125,15.20552,29.33752,23.194,3,1.589285,0.9988249,0.003525264,13.58345,1.592411,8.530118,6VaVb,X120619_127_3
129,X120619,-4.9375,12.71387,30.51427,22.943,2,5.400666,0.9688601,0.01498237,8.537762,1.543941,5.529848,6DC,X120619_129_2
129,X120619,-4.9375,12.71387,30.51427,22.943,5,4.53364,0.9541715,0.02996475,5.268136,1.018628,5.171793,6DC,X120619_129_5
133,X120619,-6.5,7.37524,31.85644,21.816,3,4.954949,0.9682726,0.08666275,7.083142,1.495442,4.736488,6DC,X120619_133_3
134,X120619,-4.9375,6.1658,33.75172,21.471,2,0.3150281,0.9994125,0.001175088,15.40957,1.624783,9.48408,6DC,X120619_134_2
140,X120619,-5.75,12.94865,30.00635,21.345,2,22.58478,0.9133372,0.04582844,5.677831,1.633652,3.475545,6DC,X120619_140_2
141,X120619,-5.5,11.711,30.8691,21.24,2,1.252904,1,0.0005875441,20.75669,1.488169,13.9478,6DC,X120619_141_2
142,X120619,-5.5625,10.40771,30.9965,20.795,4,0.423927,0.9606345,0.0005875441,13.13137,1.552936,8.455832,6DC,X120619_142_4
142,X120619,-5.5625,10.40771,30.9965,20.795,6,0.0818563,0.9603408,0.003819037,19.26688,1.752334,10.99498,6DC,X120619_142_6
144,X120619,-6.25,7.69976,32.0652,20.38052,3,2.262062,0.9955934,0.009694478,11.17042,1.661494,6.723121,6DC,X120619_144_3
003,X120720,-8.1875,12.23592,23.70826,43.9,4,0.4107417,0.9979436,0.00293772,13.00127,2.417316,5.378389,12r,X120720_003_4
004,X120720,-10.8125,11.44348,22.19308,43.475,1,1.046854,0.9318449,0.01527615,12.48954,1.62042,7.707597,12m,X120720_004_1
004,X120720,-10.8125,11.44348,22.19308,43.475,4,2.574063,0.9803173,0.01410106,8.878867,1.416411,6.268569,12m,X120720_004_4
016,X120720,-15.84375,6.31261,20.7437,41.575,3,19.02609,0.9500588,0.05992949,3.797748,0.9999673,3.797873,11ml,X120720_016_3
016,X120720,-15.84375,6.31261,20.7437,41.575,4,0.6637868,0.9938308,0.009988249,10.83666,1.83905,5.892533,11ml,X120720_016_4
020,X120720,-11.6875,13.629,21.4243,41.34,5,1.543326,0.9982374,0.004406581,19.26072,2.176199,8.850624,12m,X120720_020_5
023,X120720,-15.1875,8.60959,20.82494,40.425,3,3.165289,0.9973561,0.01968273,9.671296,1.29102,7.491203,11ml,X120720_023_3
023,X120720,-15.1875,8.60959,20.82494,40.425,4,1.203252,0.9985312,0.002350176,16.43427,1.653206,9.940847,11ml,X120720_023_4
024,X120720,-16.40625,7.127,20.40755,40.125,2,0.6570188,0.9952996,0.01938896,9.268669,2.200194,4.21266,11ml,X120720_024_2
030,X120720,-13.78125,11.95129,20.58475,39.74,4,4.609083,0.972973,0.02908343,8.889208,1.415414,6.280287,13l,X120720_030_4
033,X120720,-17.75,7.521,19.2231,38.96,1,2.542913,0.9994125,0.009400705,7.789463,1.214543,6.41349,13m,X120720_033_1
033,X120720,-17.75,7.521,19.2231,38.96,2,0.04947487,0.8181551,0.07608695,10.32637,2.049976,5.037314,13m,X120720_033_2
034,X120720,-18.3125,5.95625,19.16375,38.75,2,4.842769,0.9911869,0.006169213,8.082115,1.319815,6.123672,13m,X120720_034_2
037,X120720,-10.375,15.97759,21.3686,38.928,2,3.490045,0.940658,0.02056404,10.85133,1.493392,7.266226,12o,X120720_037_2
037,X120720,-10.375,15.97759,21.3686,38.928,6,1.670931,0.940658,0.0008813161,12.38931,1.755658,7.05679,12o,X120720_037_6
037,X120720,-10.375,15.97759,21.3686,38.928,7,1.796122,0.9553466,0.008519389,15.93551,2.011601,7.921803,12o,X120720_037_7
037,X120720,-10.375,15.97759,21.3686,38.928,8,1.416398,0.987074,0,23.96968,2.209962,10.8462,12o,X120720_037_8
039,X120720,-13.90625,12.92019,20.26145,38.063,2,0.4586905,0.9988249,0.00146886,17.2972,1.930446,8.960207,13l,X120720_039_2
041,X120720,-18.34375,10.09489,18.22978,37.663,4,3.370777,0.9911869,0.0220329,8.752548,1.623813,5.390121,13l,X120720_041_4
047,X120720,-12.28125,16.31202,19.75408,37.738,3,16.97439,0.9356639,0.06316099,6.95373,1.327056,5.239965,12o,X120720_047_3
050,X120720,-16.75,11.5469,18.7425,36.438,3,2.100125,0.926557,0.01028202,12.98625,1.564901,8.298452,13l,X120720_050_3
054,X120720,-23.09375,5.81336,15.63458,35.618,4,0.890434,0.7605758,0.004112808,9.101797,1.123443,8.101697,13m,X120720_054_4
059,X120720,-16.5625,13.5143,17.7597,36.338,4,0.1715416,0.996181,0.01498237,10.61324,2.899168,3.660789,12o,X120720_059_4
065,X120720,-23.8125,5.5614,15.3133,34.488,3,1.412579,0.9239131,0.001762632,12.85331,2.592829,4.957254,13m,X120720_065_3
068,X120720,-17.25,16.8548,14.30132,35.908,1,2.755088,0.9967685,0.003525264,8.460367,1.531095,5.525698,12o,X120720_068_1
073,X120720,-22.21875,9.94136,15.42081,34.003,2,0.08387761,0.9918182,0.002350176,9.925375,2.050001,4.841644,AI,X120720_073_2
077,X120720,-13.5,19.77486,14.65587,35.653,2,15.26708,0.9427145,0.008813161,5.827466,1.201681,4.849428,12l,X120720_077_2
080,X120720,-17.71875,15.41832,15.3478,33.978,5,0.7154174,0.987074,0.07197415,7.349026,1.866019,3.938345,AI,X120720_080_5
085,X120720,-17.0625,7.66851,21.09965,31.248,5,3.424046,0.9588719,0.0146886,11.00506,1.500045,7.336488,cd,X120720_085_5
085,X120720,-17.0625,7.66851,21.09965,31.248,6,7.013165,0.9588719,0.01321974,6.973062,1.636402,4.261217,cd,X120720_085_6
092,X120720,-15.8125,15.4464,17.5104,32.588,4,3.621552,0.9744418,0.01233843,9.019656,2.184643,4.128664,44,X120720_092_4
092,X120720,-15.8125,15.4464,17.5104,32.588,5,0.6254904,0.9947121,0.004700352,14.00289,1.881464,7.442551,44,X120720_092_5
094,X120720,-23.96875,10.71293,11.90336,31.628,3,0.1450167,0.9983375,0.004112808,11.40363,1.447906,7.875944,AI,X120720_094_3
098,X120720,-19.46875,6.28872,19.35486,29.678,1,0.08267645,0.7946534,0.05787309,6.908402,2.913004,2.371573,cd,X120720_098_1
100,X120720,-20.1875,3.28504,19.47848,29.068,3,0.957494,0.9929495,0.0126322,8.852654,1.987326,4.454556,cd,X120720_100_3
104,X120720,-14.25,14.65922,19.1311,31.288,1,8.663195,0.960047,0.05757932,6.433832,1.628505,3.950761,45,X120720_104_1
104,X120720,-14.25,14.65922,19.1311,31.288,4,0.7195518,0.970329,0.05082256,9.627272,2.230224,4.316729,45,X120720_104_4
104,X120720,-14.25,14.65922,19.1311,31.288,7,2.061063,0.9509401,0.01145711,11.66978,1.446704,8.066459,45,X120720_104_7
108,X120720,-15.1875,8.40338,22.14718,28.129,4,0.4330166,0.9991187,0.002643948,14.47751,2.095477,6.908935,6DC,X120720_108_4
109,X120720,-14.96875,7.35584,23.01298,27.119,1,24.3866,0.983255,0.01292597,6.564218,1.157829,5.669417,cd,X120720_109_1
111,X120720,-19.125,5.86057,20.09378,27.727,5,0.5571862,0.9976498,0.08490012,7.185707,2.033021,3.534497,cd,X120720_111_5
122,X120720,-19.1875,7.45694,18.94128,23.841,5,1.525479,0.9834669,0.02673326,7.578471,2.380167,3.184008,cd,X120720_122_5
122,X120720,-19.1875,7.45694,18.94128,23.841,6,0.8146556,0.9929495,0.05816686,7.39501,1.070021,6.911089,cd,X120720_122_6
138,X120720,-28.28125,14.6758,5.54468,22.106,4,2.350339,0.9835488,0.01792009,8.876357,1.474918,6.018204,AMG,X120720_138_4
138,X120720,-28.28125,14.6758,5.54468,22.106,5,0.4777448,0.9958872,0.004994125,16.75527,1.463294,11.45038,AMG,X120720_138_5
140,X120720,-32.84375,12.48035,2.93665,22.045,2,11.49509,0.9835488,0.08783784,6.696653,1.215831,5.507882,AMG,X120720_140_2
141,X120720,-28.5625,11.711,7.60675,21.85,4,2.479342,0.9585782,0.08254994,6.654219,2.378777,2.797328,AMG,X120720_141_4
142,X120720,-33.59375,10.5866,2.756,21.8,3,9.283185,0.9571093,0.0693302,7.838534,1.359199,5.767026,AMG,X120720_142_3
152,X120720,-29.375,11.47813,7.17591,19.907,3,0.3292893,0.9553466,0.0008813161,6.553711,1.370369,4.782443,AMG,X120720_152_3
003,X120820,-8.1875,12.23592,23.70826,43.9,2,0.3422922,0.9920682,0.006756757,12.34482,2.837934,4.349932,12r,X120820_003_2
004,X120820,-10.8125,11.44348,22.19308,43.475,3,1.416225,0.9873678,0.004994125,13.0464,1.754838,7.434529,12m,X120820_004_3
004,X120820,-10.8125,11.44348,22.19308,43.475,5,1.716672,0.9779671,0.003819037,10.37443,1.580627,6.56349,12m,X120820_004_5
012,X120820,-10.9375,12.56,22.34084,42.26,3,1.292251,0.9891304,0.008225617,10.9094,2.321145,4.700009,12m,X120820_012_3
016,X120820,-15.84375,6.31261,20.7437,41.575,3,0.548102,0.9920682,0.02115159,7.624393,1.845006,4.132448,11ml,X120820_016_3
030,X120820,-13.78125,11.95129,20.58475,39.74,3,3.595736,0.9847239,0.007050529,12.00682,1.606586,7.473497,13l,X120820_030_3
031,X120820,-15.625,10.41461,19.53148,39.575,3,4.671408,0.9811986,0.01116334,5.972898,1.155385,5.169614,13l,X120820_031_3
031,X120820,-15.625,10.41461,19.53148,39.575,4,16.54173,0.920094,0.06639248,5.533001,1.44327,3.833656,13l,X120820_031_4
033,X120820,-17.75,7.521,19.2231,38.96,2,1.529038,0.9679788,0.01057579,5.383246,2.586916,2.080951,13m,X120820_033_2
034,X120820,-18.3125,5.95625,19.16375,38.75,3,3.924371,0.9847239,0.003819037,8.157455,2.371969,3.439107,13m,X120820_034_3
037,X120820,-10.40625,15.97759,21.3686,38.928,4,1.179873,0.9950058,0.01880141,14.90383,1.567083,9.510556,12o,X120820_037_4
039,X120820,-13.90625,12.92019,20.26145,38.063,3,0.5238193,0.987074,0.004994125,9.157953,2.024102,4.524453,13l,X120820_039_3
041,X120820,-18.34375,10.09489,18.22978,37.663,3,1.758673,0.9955934,0.005287896,11.5241,1.565185,7.362771,13l,X120820_041_3
047,X120820,-12.28125,16.31202,19.75408,37.738,3,14.76002,0.953584,0.0420094,7.062632,1.465479,4.819334,12o,X120820_047_3
048,X120820,-14.125,15.29068,19.08372,37.548,4,0.07596488,0.9988249,0.001762632,13.14199,4.895218,2.684659,12o,X120820_048_4
050,X120820,-16.75,11.5469,18.7425,36.438,3,10.48683,0.9706228,0.02262045,7.985673,1.766448,4.520751,13l,X120820_050_3
051,X120820,-19.125,10.1964,17.355,36.288,3,5.818305,0.9676851,0.08548766,7.784593,2.01357,3.866066,13l,X120820_051_3
066,X120820,-12.65625,19.55519,15.69845,36.518,1,3.021692,0.985899,0.0766745,10.45208,1.490029,7.014683,12l,X120820_066_1
066,X120820,-12.65625,19.55519,15.69845,36.518,4,1.824802,0.9944183,0.002643948,19.44354,2.032607,9.565814,12l,X120820_066_4
067,X120820,-15.90625,18.01193,14.21923,36.258,2,1.369511,0.9826674,0.03407755,9.253471,1.754892,5.272958,12o,X120820_067_2
067,X120820,-15.90625,18.01193,14.21923,36.258,5,2.626705,0.9826674,0.0146886,14.36006,1.766684,8.128258,12o,X120820_067_5
068,X120820,-17.25,16.8548,14.30132,35.908,3,2.652024,0.9964747,0.02878966,7.233993,1.343914,5.38278,12o,X120820_068_3
077,X120820,-13.5,19.77486,14.65587,35.653,2,17.11366,0.9397767,0.02702703,6.137591,1.610651,3.810628,12l,X120820_077_2
085,X120820,-17.3125,7.6724,20.813,31.288,1,29.77696,0.916275,0.159812,5.663619,1.54588,3.663685,cd,X120820_085_1
086,X120820,-16.09375,6.37134,22.70464,30.773,3,3.115668,0.9929495,0.001762632,12.00413,1.733059,6.926555,8B,X120820_086_3
086,X120820,-16.09375,6.37134,22.70464,30.773,4,0.2826933,0.9929495,0,18.04391,2.03143,8.882368,8B,X120820_086_4
091,X120820,-12.96875,16.71736,18.51509,32.773,4,0.4310974,0.9482961,0.005581669,14.61963,1.630398,8.966908,44,X120820_091_4
092,X120820,-15.9375,15.44874,17.25179,32.633,4,3.476382,0.9905993,0.02908343,7.54277,1.364467,5.527999,44,X120820_092_4
092,X120820,-15.9375,15.44874,17.25179,32.633,6,2.943455,0.9847239,0.005875441,10.71888,2.035294,5.2665,44,X120820_092_6
094,X120820,-24,10.71293,11.90336,31.628,3,0.1895895,0.9964747,0.00293772,12.86104,1.922674,6.689141,AI,X120820_094_3
102,X120820,-14.9375,17.92952,15.32716,31.908,2,9.600846,0.9982374,0.003819037,9.845511,1.250019,7.876287,6VaVb,X120820_102_2
104,X120820,-14.375,14.65922,19.1311,31.288,3,4.136402,0.9659224,0.0766745,8.305981,1.798604,4.618016,45,X120820_104_3
104,X120820,-14.375,14.65922,19.1311,31.288,4,1.397916,0.9659224,0.01439483,13.86195,2.545789,5.44505,45,X120820_104_4
104,X120820,-14.375,14.65922,19.1311,31.288,5,0.4660779,0.9908931,0.002056404,12.54914,1.693199,7.411498,45,X120820_104_5
111,X120820,-19.25,5.87096,19.79484,27.772,2,2.032127,0.9753231,0.02320799,4.492155,1.421167,3.160892,cd,X120820_111_2
122,X120820,-19.25,7.45694,18.94128,23.841,3,2.016067,0.9303761,0.01175088,5.849108,2.051111,2.851679,cd,X120820_122_3
138,X120820,-28.28125,14.6758,5.54468,22.106,4,0.5989293,0.9914806,0.005875441,17.1979,2.118633,8.117454,AMG,X120820_138_4
138,X120820,-28.28125,14.6758,5.54468,22.106,5,2.364363,0.9835488,0.02996475,9.125242,2.414187,3.779841,AMG,X120820_138_5
141,X120820,-28.6875,11.711,7.60675,21.85,2,3.30635,0.9823737,0.03672151,7.954011,1.407956,5.649331,AMG,X120820_141_2
144,X120820,-17.8125,8.03306,20.4987,20.99462,2,1.308496,0.9829612,0.0660987,6.985811,1.122372,6.224151,cd,X120820_144_2
145,X120820,-16.78125,6.56052,21.9149,20.683,1,11.52269,0.9477086,0.1142773,6.751794,2.511874,2.687951,cd,X120820_145_1
146,X120820,-15.4375,5.51033,23.21945,20.973,2,15.70627,0.9952996,0.03730905,9.860623,1.215298,8.113752,24c,X120820_146_2
151,X120820,-29.84375,12.12197,5.95447,20.16445,2,0.4289335,0.9970623,0.05405406,11.05084,3.927132,2.813972,AMG,X120820_151_2
152,X120820,-29.4375,11.48616,6.76512,19.917,3,0.275822,0.9344888,0.07050529,8.574157,2.826557,3.033427,AMG,X120820_152_3
153,X120820,-20.15625,10.21204,16.9668,19.586,2,17.77253,0.9967685,0.193302,9.885445,1.250855,7.902948,pu,X120820_153_2
157,X120820,-14.8125,5.9237,24.63365,19.08,3,0.6281259,0.9891304,0.01733255,10.64713,2.073121,5.135797,24c,X120820_157_3
005,X120919,-6.34375,10.50474,27.06522,43.22,1,0.4617609,0.9820799,0.01086957,12.62629,2.039706,6.190248,46d,X120919_005_1
015,X120919,-9.375,7.87492,26.2095,41.24,3,3.250595,0.9970623,0.02438308,11.4439,2.026541,5.64701,46df,X120919_015_3
022,X120919,-6.84375,10.01353,28.30678,39.82,5,2.127348,0.9553466,0,20.25023,2.039145,9.930745,46d,X120919_022_5
031,X120919,-7.28125,10.38513,27.77884,38.475,5,0.5835808,0.9988249,0.001175088,16.24882,2.081624,7.805841,8B,X120919_031_5
036,X120919,-7.28125,17.38757,22.26028,39.273,4,1.230978,0.9920682,0.03025852,12.22206,1.737301,7.035085,12l,X120919_036_4
045,X120919,-8.03125,18.98806,20.26251,38.108,1,0.4135595,0.9958872,0.005287896,18.4924,1.98256,9.32754,12l,X120919_045_1
047,X120919,-6.46875,16.09397,25.47938,36.863,4,3.759342,0.9762045,0.01968273,7.860525,1.87671,4.188461,46v,X120919_047_4
052,X120919,-8.53125,8.37051,28.82905,34.498,2,28.71413,0.9988249,0.007344301,10.67244,1.443465,7.393625,6DR,X120919_052_2
054,X120919,-6.59375,5.24664,32.03642,33.658,2,4.11842,0.9803173,0.0220329,11.20829,1.390563,8.060252,6DR,X120919_054_2
057,X120919,-7.96875,16.29755,23.66549,36.058,2,0.8749135,0.9861927,0.02262045,9.496161,1.3729,6.916863,46v,X120919_057_2
057,X120919,-7.96875,16.29755,23.66549,36.058,3,0.3948059,0.9447709,0,15.52406,1.518353,10.22428,46v,X120919_057_3
063,X120919,-7.78125,7.60998,30.45935,32.973,4,0.1118286,1,0.0008813161,23.40496,3.189506,7.338113,6DR,X120919_063_4
066,X120919,-6.1875,19.41515,22.03625,35.438,5,0.2112541,0.9635723,0,22.92787,1.984676,11.55245,8A,X120919_066_5
074,X120919,-8.09375,7.89053,30.16111,31.548,2,0.04135808,0.8974205,0.00293772,14.36414,3.92652,3.658236,6DR,X120919_074_2
074,X120919,-8.09375,7.89053,30.16111,31.548,8,7.060689,0.9964747,0.0005875441,9.659095,1.194281,8.087793,6DR,X120919_074_8
080,X120919,-8.5625,15.24048,24.3462,32.648,1,20.78827,0.9853114,0.01645123,6.576381,1.212922,5.421933,46v,X120919_080_1
081,X120919,-7.9375,13.69496,26.39949,32.048,3,9.14003,0.972973,0.08108108,6.272905,1.224626,5.122302,8A,X120919_081_3
086,X120919,-7.125,6.14572,31.37912,29.468,3,9.582179,0.9623972,0.008813161,8.479112,2.267895,3.738758,6DR,X120919_086_3
086,X120919,-7.125,6.14572,31.37912,29.468,5,2.78705,0.9712104,0.0005875441,18.35583,1.676409,10.94949,6DR,X120919_086_5
088,X120919,-5.875,3.13219,33.29452,28.743,3,3.979532,0.9888366,0.003231492,17.5892,2.164022,8.128016,6DR,X120919_088_3
088,X120919,-5.875,3.13219,33.29452,28.743,4,6.477202,0.9888366,0.008519389,9.726233,1.222566,7.955591,6DR,X120919_088_4
090,X120919,-5.75,18.20906,23.91512,31.833,1,27.51398,0.9867803,0.07814336,7.414019,1.510054,4.909771,8A,X120919_090_1
096,X120919,-6.9375,8.8293,30.54512,28.808,5,0.6162843,0.9938308,0.005581669,10.55096,1.62468,6.494179,6DR,X120919_096_5
096,X120919,-6.9375,8.8293,30.54512,28.808,6,0.2838365,0.9800235,0.03642773,9.716776,1.563173,6.216058,6DR,X120919_096_6
097,X120919,-6.625,7.68994,31.41358,28.308,5,1.79366,0.9421269,0.01351351,8.031328,1.263866,6.354572,6DR,X120919_097_5
097,X120919,-6.625,7.68994,31.41358,28.308,8,2.003829,0.9917744,0,20.08294,1.9052,10.54112,6DR,X120919_097_8
098,X120919,-7.1875,6.22788,31.38519,27.923,2,8.22213,0.9506463,0.0199765,7.8171,1.582232,4.940552,6DR,X120919_098_2
103,X120919,-6.4375,16.23068,25.17088,30.648,1,10.35238,0.9662162,0.01380729,8.231704,2.112305,3.897024,8A,X120919_103_1
111,X120919,-7.4375,5.46575,31.4535,26.017,6,6.376616,0.9629847,0.1169213,6.187368,1.09701,5.64021,6DR,X120919_111_6
118,X120919,-6.875,12.578,28.4002,24.812,5,24.15979,0.9289072,0.1865452,5.612052,1.2875,4.358876,6DC,X120919_118_5
119,X120919,-6,11.1,29.97852,24.304,4,1.496448,1,0.0005875441,19.60644,1.759688,11.142,6DC,X120919_119_4
122,X120919,-6.5,7.08432,31.51984,23.376,4,1.262633,0.9885429,0.02056404,9.660775,1.509904,6.398272,6DC,X120919_122_4
129,X120919,-4.9375,12.71387,30.51427,22.943,4,0.6681789,0.9994125,0.003525264,12.35157,1.633501,7.561412,6DC,X120919_129_4
141,X120919,-5.5,11.711,30.8691,21.24,3,0.9944702,1,0.003231492,14.07951,1.401483,10.04615,6DC,X120919_141_3
142,X120919,-5.5625,10.40771,30.9965,20.795,6,0.3421025,0.9565217,0.006462985,15.45353,1.874693,8.243229,6DC,X120919_142_6
142,X120919,-5.5625,10.40771,30.9965,20.795,7,0.1183703,0.9529965,0.00146886,24.77245,1.990315,12.4465,6DC,X120919_142_7
143,X120919,-6.125,9.05092,30.58276,20.92,3,1.332458,0.9811986,0.005875441,12.02881,1.547227,7.774428,6DC,X120919_143_3
003,X120920,-8.1875,12.23592,23.70826,43.9,4,0.5475237,0.9926557,0.00293772,11.32712,2.167716,5.225371,12r,X120920_003_4
004,X120920,-10.84375,11.43744,22.02324,43.49,2,2.414904,0.9168625,0.02673326,9.24903,2.055034,4.50067,12m,X120920_004_2
004,X120920,-10.84375,11.43744,22.02324,43.49,7,0.7131372,0.9879553,0.002350176,14.45755,1.72233,8.394183,12m,X120920_004_7
006,X120920,-12.375,9.0435,21.92275,43.53,3,0.7404304,0.9938308,0.01439483,11.42204,1.936127,5.899428,11ml,X120920_006_3
012,X120920,-10.9375,12.56,22.34084,42.26,3,0.7994446,0.9967685,0.003525264,11.76846,1.903454,6.182687,12m,X120920_012_3
020,X120920,-11.71875,13.635,21.2522,41.36,1,11.35616,0.9377204,0.03437133,5.357461,1.242743,4.310996,12m,X120920_020_1
020,X120920,-11.71875,13.635,21.2522,41.36,4,4.366744,0.9861927,0.02320799,6.543823,1.219116,5.367679,12m,X120920_020_4
020,X120920,-11.71875,13.635,21.2522,41.36,5,5.30304,0.9817861,0.02085781,9.657443,2.013442,4.796485,12m,X120920_020_5
028,X120920,-7.875,15.023,24.03228,39.96,4,2.505452,0.9938308,0.007050529,14.65152,1.94292,7.540981,46v,X120920_028_4
030,X120920,-13.78125,11.95129,20.58475,39.74,2,1.220239,0.9856052,0.04817861,8.661512,1.641144,5.277729,13l,X120920_030_2
031,X120920,-15.625,10.41461,19.53148,39.575,2,4.294823,0.9850176,0.01880141,6.758434,1.221069,5.534852,13l,X120920_031_2
041,X120920,-18.34375,10.09489,18.22978,37.663,4,2.609345,0.9838426,0.01586369,9.283072,1.94589,4.770604,13l,X120920_041_4
042,X120920,-19.90625,8.5354,17.68188,37.408,5,4.767592,0.9823737,0.05141011,8.4617,1.544397,5.478969,13l,X120920_042_5
043,X120920,-20.40625,7.0413,17.5962,37.138,3,24.43894,0.9012926,0.09811986,5.068269,1.268673,3.994938,13m,X120920_043_3
051,X120920,-19.15625,10.1964,17.355,36.288,4,4.233728,0.9947121,0.00293772,7.230529,1.20409,6.004977,13l,X120920_051_4
051,X120920,-19.15625,10.1964,17.355,36.288,5,0.09436426,0.8625147,0.05023502,13.96973,1.931036,7.234321,13l,X120920_051_5
054,X120920,-23.1875,5.82348,15.34169,35.653,3,1.921036,0.9292009,0.0005875441,11.04075,1.870219,5.903453,13m,X120920_054_3
055,X120920,-10.03125,19.12144,18.71604,37.538,2,2.101561,0.9642664,0.08166862,8.08618,2.907464,2.781179,12l,X120920_055_2
056,X120920,-12.46875,17.6157,17.72781,37.213,4,4.261334,0.9985312,0.001762632,11.73788,1.342881,8.740815,12l,X120920_056_4
057,X120920,-14.53125,16.4665,17.3387,36.988,3,0.3424538,0.9976498,0.002643948,16.89598,1.61155,10.4843,12o,X120920_057_3
059,X120920,-16.59375,13.5143,17.7597,36.338,2,0.2443965,0.9905993,0.02908343,8.930991,1.836486,4.863088,12o,X120920_059_2
063,X120920,-23.46875,8.59152,14.9519,35.178,4,0.2924183,0.9353701,0.0199765,12.32467,1.388476,8.876398,13l,X120920_063_4
066,X120920,-12.78125,19.55908,15.5224,36.548,5,3.835644,0.9682726,0.07784959,7.168396,1.836108,3.904126,12o,X120920_066_5
068,X120920,-17.28125,16.8548,14.30132,35.908,4,3.458293,0.9940159,0.002056404,9.251265,1.471921,6.285164,12o,X120920_068_4
072,X120920,-20,10.82725,17.02,33.888,2,6.175074,1,0.00293772,8.75279,1.833277,4.774397,AI,X120920_072_2
073,X120920,-22.25,9.94136,15.42081,34.003,4,1.384202,0.9817861,0.006462985,10.32782,2.657322,3.88655,AI,X120920_073_4
074,X120920,-23.5,8.76245,14.85015,33.788,5,0.4398098,0.9994125,0.007050529,5.671975,2.570743,2.206356,13m,X120920_074_5
074,X120920,-23.5,8.76245,14.85015,33.788,6,2.921739,0.9994125,0.003819037,21.71989,3.588781,6.052164,13m,X120920_074_6
077,X120920,-13.625,19.7772,14.4884,35.688,4,2.822091,0.9964747,0.003819037,15.5366,1.553668,9.99995,12l,X120920_077_4
083,X120920,-23.15625,10.165,13.78444,32.628,4,0.7876217,0.9847239,0.002056404,11.22203,2.123607,5.284419,AI,X120920_083_4
092,X120920,-16.0625,15.44874,17.25179,32.633,2,1.170663,0.9744418,0.003819037,9.861633,1.823578,5.407849,44,X120920_092_2
092,X120920,-16.0625,15.44874,17.25179,32.633,3,0.3684601,0.9970623,0,17.83349,1.864921,9.562602,44,X120920_092_3
096,X120920,-20.96875,8.646,16.5598,30.688,2,32.35406,0.993537,0.04817861,8.707706,1.061532,8.202958,pu,X120920_096_2
097,X120920,-17.03125,7.71802,21.20614,29.748,3,8.434471,0.9817861,0.005581669,9.352183,1.90152,4.918266,cd,X120920_097_3
100,X120920,-20.3125,3.28816,19.18092,29.108,3,0.09961458,0.9694477,0,27.12571,2.876602,9.429772,cd,X120920_100_3
104,X120920,-14.5,14.65231,18.88955,31.338,2,3.273801,0.9670975,0.02643948,9.080111,2.181553,4.162224,45,X120920_104_2
104,X120920,-14.5,14.65231,18.88955,31.338,7,1.846583,0.9712104,0,15.06677,2.735193,5.508485,45,X120920_104_7
108,X120920,-15.3125,8.40338,22.14718,28.129,3,1.066257,0.989718,0.0008813161,12.12523,1.869013,6.487504,6DC,X120920_108_3
109,X120920,-15.09375,7.35238,22.69211,27.154,2,22.84174,0.9891304,0.002350176,8.516109,1.072427,7.940971,cd,X120920_109_2
122,X120920,-19.3125,7.46896,18.53552,23.856,3,1.646872,0.9838426,0.02613036,7.299317,1.911117,3.819399,cd,X120920_122_3
127,X120920,-31.5625,13.88,2.73325,23.194,5,0.5224363,0.9985312,0.002056404,14.59996,2.069468,7.054937,AMG,X120920_127_5
135,X120920,-16.71875,4.29248,22.53272,24.673,3,2.02307,0.9242068,0.00293772,23.95854,2.540747,9.429721,cd,X120920_135_3
138,X120920,-28.40625,14.6758,5.54468,22.106,4,2.774306,0.9653349,0.003819037,8.515285,1.636298,5.203995,AMG,X120920_138_4
140,X120920,-32.875,12.48035,2.93665,22.045,3,9.467389,0.9524089,0.08284371,5.733438,1.31991,4.343811,AMG,X120920_140_3
146,X120920,-15.4375,5.51033,23.21945,20.973,2,19.25386,0.9947121,0.09576968,8.214188,1.326702,6.191432,24c,X120920_146_2
157,X120920,-14.875,5.9237,24.63365,19.08,3,6.618264,0.9612221,0.07197415,6.755933,1.50084,4.501435,24c,X120920_157_3
003,X121019,-6.25,12.34456,25.67568,43.69,1,1.624098,0.9500588,0.009988249,13.78738,1.828899,7.538627,12r,X121019_003_1
006,X121019,-8.03125,9.11316,26.36884,42.99,2,9.493599,0.9626909,0.06139835,6.256622,1.46698,4.264967,46d,X121019_006_2
006,X121019,-8.03125,9.11316,26.36884,42.99,4,3.367371,0.9776734,0.189483,7.327135,1.646557,4.449974,46d,X121019_006_4
011,X121019,-7.25,13.495,25.04482,42.16,3,3.883107,0.980611,0.02262045,11.77289,2.909011,4.047043,46v,X121019_011_3
012,X121019,-7.65625,12.56,25.55934,41.885,4,1.987003,0.985899,0.00146886,12.1612,1.564007,7.775668,46v,X121019_012_4
013,X121019,-6.15625,10.738,27.91744,41.66,4,1.194835,0.8874853,0.006756757,6.826334,1.251025,5.456592,46d,X121019_013_4
015,X121019,-9.375,7.87492,26.2095,41.24,4,1.756965,0.993537,0,16.57154,1.536567,10.78478,46df,X121019_015_4
015,X121019,-9.375,7.87492,26.2095,41.24,5,0.7741727,0.993537,0.07109283,10.42108,1.120608,9.299489,46df,X121019_015_5
018,X121019,-6.53125,15.35352,24.32064,41.34,6,0.9319391,0.9929495,0.00146886,16.40178,2.029753,8.080675,12l,X121019_018_6
018,X121019,-6.53125,15.35352,24.32064,41.34,7,0.7397069,0.9926557,0.005875441,13.52589,1.577949,8.571815,12l,X121019_018_7
019,X121019,-7.28125,14.59249,24.93225,40.98,3,2.765467,0.987074,0.009694478,10.14187,1.745934,5.80885,46v,X121019_019_3
022,X121019,-6.84375,10.01353,28.30678,39.82,3,2.302851,0.9976498,0.02585194,20.25875,2.063832,9.816086,46d,X121019_022_3
022,X121019,-6.84375,10.01353,28.30678,39.82,5,0.616223,0.9950058,0.1680376,10.37629,1.948718,5.324672,46d,X121019_022_5
025,X121019,-5.75,5.57342,31.61404,38.28,3,0.8493915,0.9911869,0.008225617,10.74746,1.782251,6.030274,8B,X121019_025_3
027,X121019,-7.09375,15.90838,23.18804,40.37,1,20.6727,0.9985312,0.004994125,10.93614,1.669893,6.549006,12l,X121019_027_1
031,X121019,-7.28125,10.38513,27.77884,38.475,4,1.454829,0.960047,0,25.84696,2.277084,11.35091,8B,X121019_031_4
036,X121019,-7.28125,17.38757,22.26028,39.273,4,2.06698,0.9292009,0.02173913,9.535213,1.484095,6.424935,12l,X121019_036_4
036,X121019,-7.28125,17.38757,22.26028,39.273,6,0.5148515,0.9747356,0.0008813161,25.1288,2.267917,11.08012,12l,X121019_036_6
045,X121019,-8.03125,18.98806,20.26251,38.108,5,1.786755,0.985899,0.003231492,15.00716,2.314771,6.483218,12l,X121019_045_5
046,X121019,-7.40625,17.59308,22.38992,37.848,5,0.6385537,0.9982374,0.01498237,19.05116,2.365647,8.053256,12l,X121019_046_5
047,X121019,-6.46875,16.09397,25.47938,36.863,3,2.71857,0.9764982,0.009106933,8.927436,1.830406,4.877298,46v,X121019_047_3
052,X121019,-8.53125,8.37051,28.82905,34.498,1,23.14568,0.9964747,0.004700352,8.752778,1.311855,6.672062,6DR,X121019_052_1
054,X121019,-6.59375,5.24664,32.03642,33.658,2,4.331484,0.9900118,0.01351351,11.08489,1.905242,5.818101,6DR,X121019_054_2
063,X121019,-7.90625,7.62556,30.2132,33.008,3,0.2608833,1,0.0005875441,22.96335,2.140587,10.7276,6DR,X121019_063_3
065,X121019,-6.96875,4.51436,32.06402,31.928,3,3.615092,0.9988249,0.005875441,12.27824,1.370325,8.960089,6DR,X121019_065_3
066,X121019,-6.1875,19.41515,22.03625,35.438,6,0.4464062,0.9952996,0.009694478,13.92859,1.936263,7.193544,8A,X121019_066_6
068,X121019,-7.46875,16.5932,24.02228,34.468,2,8.207854,0.9814923,0.04700353,8.961387,1.2735,7.036818,8A,X121019_068_2
069,X121019,-8.90625,15.04923,24.28568,34.183,5,0.858296,0.9438896,0.007050529,10.37223,1.56436,6.630334,46v,X121019_069_5
069,X121019,-8.90625,15.04923,24.28568,34.183,6,0.8308128,0.9438896,0.09253819,11.21659,1.345538,8.336131,46v,X121019_069_6
074,X121019,-8.09375,7.89053,30.16111,31.548,2,19.08226,0.9958872,0.002056404,13.9363,1.427,9.766155,6DR,X121019_074_2
074,X121019,-8.09375,7.89053,30.16111,31.548,3,5.99244,0.9958872,0.01057579,7.209336,1.031745,6.987518,6DR,X121019_074_3
074,X121019,-8.09375,7.89053,30.16111,31.548,4,8.431497,0.9477086,0.04641598,5.123431,0.9727112,5.267166,6DR,X121019_074_4
086,X121019,-7.125,6.14572,31.37912,29.468,3,4.104138,0.9309636,0.004406581,15.05917,1.406284,10.70848,6DR,X121019_086_3
088,X121019,-5.875,3.13219,33.29452,28.743,2,1.97622,0.8927732,0.002056404,16.97425,1.530234,11.09259,6DR,X121019_088_2
088,X121019,-5.875,3.13219,33.29452,28.743,5,5.375338,0.9709166,0.004700352,10.90834,1.295272,8.421657,6DR,X121019_088_5
093,X121019,-7.1875,13.83536,27.21912,30.648,1,17.49066,0.9532902,0.03378378,6.647826,1.277721,5.202878,8A,X121019_093_1
093,X121019,-7.1875,13.83536,27.21912,30.648,5,0.875122,0.9983832,0.009988249,16.89841,2.029187,8.327676,8A,X121019_093_5
095,X121019,-7.5,10.15588,29.34088,28.968,3,13.21725,0.9891304,0.03437133,7.717925,1.476714,5.22642,8A,X121019_095_3
097,X121019,-6.625,7.68994,31.41358,28.308,5,3.90234,0.9982374,0.001175088,15.87086,1.550411,10.23655,6DR,X121019_097_5
101,X121019,-8.0625,20.2653,20.02785,31.463,1,4.319969,0.9762045,0.009400705,8.331465,1.607892,5.181607,6VaVb,X121019_101_1
101,X121019,-8.0625,20.2653,20.02785,31.463,4,0.2321241,0.9973561,0.0005875441,12.23791,1.44885,8.446638,6VaVb,X121019_101_4
101,X121019,-8.0625,20.2653,20.02785,31.463,5,0.2332251,0.9462397,0.03055229,13.02866,1.552931,8.38972,6VaVb,X121019_101_5
101,X121019,-8.0625,20.2653,20.02785,31.463,7,0.1629048,0.9982374,0.00146886,20.94639,2.287675,9.156194,6VaVb,X121019_101_7
103,X121019,-6.4375,16.23068,25.17088,30.648,2,7.161235,0.9365453,0.007931845,11.81189,1.48326,7.963469,8A,X121019_103_2
103,X121019,-6.4375,16.23068,25.17088,30.648,5,10.67856,0.9365453,0.02085781,9.368917,1.3806,6.786121,8A,X121019_103_5
104,X121019,-6.6875,14.87343,26.61915,29.738,3,3.551419,0.9383079,0.03554641,8.030934,1.584435,5.068642,8A,X121019_104_3
118,X121019,-7,12.5765,27.9779,24.827,1,16.66016,0.9811986,0.01821387,8.008105,1.134322,7.059819,6DC,X121019_118_1
119,X121019,-6,11.1,29.97852,24.304,1,0.7155767,1,0.0005875441,22.13019,2.363921,9.361646,6DC,X121019_119_1
122,X121019,-6.625,7.08432,31.51984,23.376,2,0.3509499,0.9994125,0.003231492,16.20153,1.732925,9.349235,6DC,X121019_122_2
125,X121019,-8,2.45825,31.5875,24.878,5,1.447363,0.9512339,0.0126322,5.246486,1.083282,4.843141,6DC,X121019_125_5
133,X121019,-6.5625,7.37524,31.85644,21.816,3,1.349901,0.9988249,0.001175088,11.13024,1.503839,7.401219,6DC,X121019_133_3
134,X121019,-5.0625,6.1658,33.75172,21.471,2,3.944909,0.9982374,0.01145711,10.18983,2.157933,4.722033,6DC,X121019_134_2
140,X121019,-5.875,12.94865,30.00635,21.345,2,11.55621,1,0.06962397,11.5609,1.236729,9.347962,6DC,X121019_140_2
141,X121019,-5.625,11.711,30.48775,21.25,2,22.35709,0.9994125,0.006169213,12.62943,1.356418,9.31087,6DC,X121019_141_2
143,X121019,-6.125,9.05092,30.58276,20.92,4,0.2901696,0.9988249,0.002350176,14.81953,1.722623,8.602891,6DC,X121019_143_4
003,X121020,-8.25,12.23592,23.70826,43.9,5,0.1137383,1,0,23.64469,2.09553,11.28339,12r,X121020_003_5
004,X121020,-10.84375,11.43744,22.02324,43.49,2,4.762372,0.9591657,0.01233843,8.801422,2.596456,3.389783,12m,X121020_004_2
004,X121020,-10.84375,11.43744,22.02324,43.49,5,0.7057719,0.9861927,0.003819037,14.06843,2.045218,6.878695,12m,X121020_004_5
012,X121020,-10.9375,12.56,22.34084,42.26,3,0.7726282,0.9876616,0.02408931,10.27477,1.972257,5.20965,12m,X121020_012_3
013,X121020,-12.375,10.648,21.67414,42.335,3,1.553797,0.9720917,0.009988249,11.02483,1.731717,6.366415,11ml,X121020_013_3
016,X121020,-15.96875,6.31128,20.5556,41.6,4,1.625236,0.9853114,0.02350176,8.630939,1.861258,4.637154,11ml,X121020_016_4
020,X121020,-11.71875,13.635,21.2522,41.36,3,15.76858,0.9233255,0.02056404,5.367013,1.278962,4.19638,12m,X121020_020_3
020,X121020,-11.71875,13.635,21.2522,41.36,4,3.788131,0.9979436,0.007931845,10.81077,2.021029,5.349141,12m,X121020_020_4
020,X121020,-11.71875,13.635,21.2522,41.36,5,4.49571,0.9950058,0.02820211,6.234852,1.211693,5.145572,12m,X121020_020_5
024,X121020,-16.46875,7.129,20.21678,40.15,3,1.457022,0.9947121,0.008813161,10.66367,1.896068,5.624099,11ml,X121020_024_3
028,X121020,-7.875,15.023,24.03228,39.96,2,3.329221,0.9809048,0.04582844,11.11662,1.467524,7.575086,46v,X121020_028_2
028,X121020,-7.875,15.023,24.03228,39.96,5,26.35174,0.9259694,0.1119271,4.474038,1.144516,3.90911,46v,X121020_028_5
030,X121020,-13.8125,11.95129,20.58475,39.74,2,0.547787,0.9979436,0.009106933,10.56577,1.544087,6.842728,13l,X121020_030_2
030,X121020,-13.8125,11.95129,20.58475,39.74,3,1.428866,0.9979436,0.000293772,25.72206,3.16952,8.115446,13l,X121020_030_3
037,X121020,-10.46875,15.98226,21.2354,38.948,3,0.3859802,0.9982374,0.009106933,14.11471,2.070143,6.81823,12o,X121020_037_3
039,X121020,-13.96875,12.92019,20.26145,38.063,2,1.975374,0.9762045,0.002643948,4.291431,2.607451,1.645834,13l,X121020_039_2
050,X121020,-16.78125,11.55235,18.54075,36.463,4,2.7938,0.9944183,0.05317274,11.43771,1.268788,9.014669,13l,X121020_050_4
051,X121020,-19.15625,10.1964,17.355,36.288,4,2.441802,0.985899,0.005287896,15.00429,2.055783,7.298574,13l,X121020_051_4
051,X121020,-19.15625,10.1964,17.355,36.288,5,0.281638,0.9952996,0.01086957,16.63658,1.869933,8.896884,13l,X121020_051_5
051,X121020,-19.15625,10.1964,17.355,36.288,8,6.28186,0.996181,0.004700352,6.617453,1.069136,6.189531,13l,X121020_051_8
054,X121020,-23.1875,5.82348,15.34169,35.653,4,1.733217,0.9773796,0.002350176,15.58159,2.365564,6.586839,13m,X121020_054_4
054,X121020,-23.1875,5.82348,15.34169,35.653,6,4.269911,0.9773796,0.03437133,9.82172,1.899024,5.171982,13m,X121020_054_6
055,X121020,-10.0625,19.12144,18.71604,37.538,3,1.171981,0.9594595,0.01762632,7.715475,3.118937,2.473752,12l,X121020_055_3
055,X121020,-10.0625,19.12144,18.71604,37.538,4,1.52665,0.9594595,0.006462985,11.6709,2.804256,4.161854,12l,X121020_055_4
057,X121020,-14.53125,16.4665,17.3387,36.988,4,0.4685761,0.9976498,0.006756757,13.15868,1.520793,8.652513,12o,X121020_057_4
059,X121020,-16.625,13.5143,17.7597,36.338,4,0.06364886,0.9973094,0.00293772,14.91576,1.718336,8.680356,12o,X121020_059_4
065,X121020,-23.9375,5.5614,15.3133,34.488,7,6.408676,0.9917744,0.003819037,4.335124,0.997474,4.346102,13m,X121020_065_7
066,X121020,-12.90625,19.55908,15.5224,36.548,1,7.299009,0.9527027,0.1853701,7.17729,1.61148,4.453849,12o,X121020_066_1
066,X121020,-12.90625,19.55908,15.5224,36.548,2,1.099128,0.9585782,0.007638073,11.88483,1.948501,6.099471,12o,X121020_066_2
066,X121020,-12.90625,19.55908,15.5224,36.548,4,1.438543,0.9585782,0.03290247,12.35677,1.582984,7.805997,12o,X121020_066_4
073,X121020,-22.28125,9.94136,15.42081,34.003,3,1.844652,0.9844301,0.02967098,8.376298,3.691678,2.268967,AI,X121020_073_3
083,X121020,-23.1875,10.165,13.78444,32.628,5,1.076056,0.9905993,0.004700352,8.942017,3.458777,2.585311,AI,X121020_083_5
092,X121020,-16.3125,15.45108,16.99318,32.678,1,1.788188,0.9374266,0.0008813161,9.54364,1.263242,7.554876,44,X121020_092_1
092,X121020,-16.3125,15.45108,16.99318,32.678,4,2.050896,0.9988249,0,29.69781,2.506045,11.85047,44,X121020_092_4
096,X121020,-20.96875,8.646,16.5598,30.688,2,34.52637,0.9941245,0.01909518,8.144197,1.085581,7.502158,pu,X121020_096_2
097,X121020,-17.03125,7.71802,21.20614,29.748,3,5.477936,0.9820799,0.009694478,9.922644,2.093416,4.73993,cd,X121020_097_3
104,X121020,-14.5625,14.65231,18.88955,31.338,3,1.454969,0.9888366,0.006462985,11.60025,2.379603,4.874866,45,X121020_104_3
105,X121020,-29.34375,13.4108,5.0954,26.968,3,1.266048,0.9885429,0.01968273,9.69513,1.477604,6.561384,AMG,X121020_105_3
108,X121020,-15.375,8.39184,21.86324,28.169,3,1.167838,0.9876616,0.001175088,9.787256,1.458158,6.71207,6DC,X121020_108_3
108,X121020,-15.375,8.39184,21.86324,28.169,4,0.2435584,0.9920682,0.001175088,16.43127,1.836122,8.948902,6DC,X121020_108_4
109,X121020,-15.09375,7.35238,22.69211,27.154,1,20.52259,0.9477086,0.05023502,5.902998,1.301362,4.536017,cd,X121020_109_1
138,X121020,-28.46875,14.6758,5.54468,22.106,2,0.6141872,0.9462397,0.003525264,11.39483,1.814292,6.280594,AMG,X121020_138_2
140,X121020,-32.9375,12.48035,2.93665,22.045,2,9.904427,0.9321387,0.1674501,5.706828,1.390455,4.104289,AMG,X121020_140_2
142,X121020,-33.75,10.5866,2.756,21.8,4,0.09913006,0.9297885,0.005581669,11.11782,2.86874,3.875506,AMG,X121020_142_4
144,X121020,-18,8.04417,20.11315,21.01509,6,0.1312561,0.9967685,0.007638073,10.15578,1.599972,6.347473,cd,X121020_144_6
145,X121020,-16.96875,6.57524,21.5108,20.703,7,3.311074,0.89953,0.009106933,12.20696,1.484643,8.222149,cd,X121020_145_7
146,X121020,-15.5625,5.51033,23.21945,20.973,4,10.13436,0.980611,0.1827262,7.143227,1.385226,5.156725,24c,X121020_146_4
147,X121020,-14.53125,3.90986,25.34073,22.834,5,7.753595,0.9811986,0.02232667,5.558125,1.163698,4.776262,24c,X121020_147_5
153,X121020,-20.40625,10.22542,16.6189,19.596,1,4.176818,0.9056992,0.03819036,8.191208,1.051971,7.786535,pu,X121020_153_1
153,X121020,-20.40625,10.22542,16.6189,19.596,8,34.31937,0.9629847,0.009694478,11.59281,1.44803,8.005919,pu,X121020_153_8
153,X121020,-20.40625,10.22542,16.6189,19.596,16,0.755182,0.9482961,0.007638073,18.35826,2.542738,7.21988,pu,X121020_153_16
154,X121020,-23,9.34925,14.7186,19.451,4,16.67122,0.9571093,0.1045828,5.286887,1.335521,3.95867,pu,X121020_154_4
003,X121119,-6.3125,12.3368,25.53515,43.705,1,6.81582,0.9732667,0.03672151,9.078616,2.439695,3.72121,12r,X121119_003_1
011,X121119,-7.25,13.495,25.04482,42.16,2,2.394505,0.9826674,0.007344301,13.21418,2.306267,5.729683,46v,X121119_011_2
011,X121119,-7.25,13.495,25.04482,42.16,3,0.5675645,0.9826674,0.001762632,23.4302,2.252337,10.40262,46v,X121119_011_3
012,X121119,-7.71875,12.56,25.4306,41.9,3,0.5124298,0.9964747,0.0005875441,14.91746,1.864035,8.00278,46v,X121119_012_3
013,X121119,-6.15625,10.738,27.91744,41.66,3,13.73348,0.9556404,0.03202115,7.908586,1.486274,5.32108,46d,X121119_013_3
015,X121119,-9.375,7.87492,26.2095,41.24,5,2.20955,0.9976498,0.002350176,15.0694,1.58437,9.511292,46df,X121119_015_5
018,X121119,-6.53125,15.35352,24.32064,41.34,5,0.3393198,0.9964747,0.008813161,10.90673,1.360484,8.016801,12l,X121119_018_5
018,X121119,-6.53125,15.35352,24.32064,41.34,6,2.51644,0.9967685,0.003231492,16.36185,1.608157,10.17429,12l,X121119_018_6
018,X121119,-6.53125,15.35352,24.32064,41.34,8,0.6660173,0.9957895,0.00146886,23.01755,2.625762,8.766046,12l,X121119_018_8
019,X121119,-7.34375,14.59249,24.93225,40.98,2,3.08799,1,0.003231492,16.4357,2.179318,7.54167,46v,X121119_019_2
022,X121119,-6.84375,10.01353,28.30678,39.82,3,1.848073,0.9668038,0.009988249,15.52646,1.665361,9.323178,46d,X121119_022_3
022,X121119,-6.84375,10.01353,28.30678,39.82,4,0.5013993,0.9668038,0.05493537,10.64141,1.506433,7.063978,46d,X121119_022_4
024,X121119,-6.21875,7.021,30.51836,38.8,3,2.338536,0.9950058,0.01792009,11.05056,1.399516,7.895988,8B,X121119_024_3
025,X121119,-5.875,5.57342,31.61404,38.28,2,0.7933969,0.994042,0.007638073,11.48991,1.44825,7.933648,8B,X121119_025_2
027,X121119,-7.09375,15.90838,23.18804,40.37,1,6.148755,0.9976498,0.00293772,9.077389,0.9273325,9.78871,12l,X121119_027_1
027,X121119,-7.09375,15.90838,23.18804,40.37,2,14.58381,0.9987212,0.003525264,15.58016,1.707696,9.123497,12l,X121119_027_2
031,X121119,-7.28125,10.38513,27.77884,38.475,3,0.7099671,0.996181,0.04641598,11.06782,1.820221,6.08048,8B,X121119_031_3
031,X121119,-7.28125,10.38513,27.77884,38.475,5,0.5650257,0.9650411,0.001762632,24.656,2.232502,11.04411,8B,X121119_031_5
036,X121119,-7.28125,17.38757,22.26028,39.273,1,6.366612,0.9735605,0.05992949,10.119,1.500241,6.744916,12l,X121119_036_1
038,X121119,-7.96875,14.27481,25.15591,38.063,3,1.013884,0.9947121,0.003819037,11.11312,1.860693,5.972571,46v,X121119_038_3
046,X121119,-7.40625,17.59308,22.38992,37.848,3,3.650568,0.9726792,0.006462985,9.137016,1.453071,6.288075,12l,X121119_046_3
046,X121119,-7.40625,17.59308,22.38992,37.848,4,1.842954,0.9894242,0.004112808,17.80745,2.083323,8.547617,12l,X121119_046_4
047,X121119,-6.46875,16.09397,25.47938,36.863,3,2.864295,0.9861927,0.009694478,9.084161,1.644359,5.52444,46v,X121119_047_3
047,X121119,-6.46875,16.09397,25.47938,36.863,5,0.09480124,0.9976498,0,28.83112,3.42431,8.419542,46v,X121119_047_5
052,X121119,-8.53125,8.37051,28.82905,34.498,6,10.2827,0.9938308,0.01792009,6.400449,1.133152,5.648357,6DR,X121119_052_6
055,X121119,-8.21875,19.09336,20.51076,37.238,3,2.077256,0.9809048,0.01439483,11.25221,2.152541,5.227407,45,X121119_055_3
061,X121119,-9.03125,10.6946,27.6676,33.788,3,0.8558127,0.9914806,0.01762632,9.058332,1.336288,6.778728,8A,X121119_061_3
063,X121119,-7.90625,7.62556,30.2132,33.008,2,0.3417642,0.987074,0,20.62388,2.055036,10.03578,6DR,X121119_063_2
063,X121119,-7.90625,7.62556,30.2132,33.008,4,0.07759003,0.987074,0.007638073,14.66986,1.729488,8.482198,6DR,X121119_063_4
065,X121119,-7.09375,4.53072,31.80229,31.968,2,3.318458,0.9785547,0.1233843,6.741099,1.211884,5.562494,6DR,X121119_065_2
066,X121119,-6.25,19.41515,22.03625,35.438,2,0.2177308,0.9985312,0.004406581,15.13785,1.743884,8.680539,8A,X121119_066_2
074,X121119,-8.09375,7.89053,30.16111,31.548,1,17.82674,0.9994125,0.007344301,11.94917,1.166489,10.2437,6DR,X121119_074_1
074,X121119,-8.09375,7.89053,30.16111,31.548,8,7.642284,1,0.05757932,6.053802,1.125246,5.379982,6DR,X121119_074_8
074,X121119,-8.09375,7.89053,30.16111,31.548,10,6.900551,0.9988249,0.004700352,8.96924,0.9365188,9.577213,6DR,X121119_074_10
074,X121119,-8.09375,7.89053,30.16111,31.548,20,0.1791822,0.9973561,0.006756757,16.3779,3.014114,5.433736,6DR,X121119_074_20
077,X121119,-6.5,19.67892,21.52214,34.218,3,0.1607091,0.9209753,0.01233843,10.23057,1.691026,6.049919,8A,X121119_077_3
086,X121119,-7.125,6.14572,31.37912,29.468,2,3.511814,0.9861927,0.04230317,7.729169,1.040313,7.42966,6DR,X121119_086_2
086,X121119,-7.125,6.14572,31.37912,29.468,3,1.06858,0.9841363,0.008225617,9.854527,1.406305,7.007389,6DR,X121119_086_3
086,X121119,-7.125,6.14572,31.37912,29.468,5,5.063005,0.9982374,0.005875441,15.4192,1.425942,10.81334,6DR,X121119_086_5
088,X121119,-5.875,3.13219,33.29452,28.743,2,4.860856,0.9853114,0.01703878,10.07985,1.411442,7.141529,6DR,X121119_088_2
088,X121119,-5.875,3.13219,33.29452,28.743,4,3.087402,0.9853114,0.007344301,15.52836,1.98911,7.806689,6DR,X121119_088_4
093,X121119,-7.1875,13.83536,27.21912,30.648,3,12.14154,0.9688601,0.02438308,6.975457,1.301379,5.360049,8A,X121119_093_3
093,X121119,-7.1875,13.83536,27.21912,30.648,4,0.7667635,0.9970623,0.01880141,15.29038,1.816659,8.416761,8A,X121119_093_4
094,X121119,-9.375,11.32396,26.33092,29.668,3,2.214592,0.983255,0.1007638,7.304994,1.404348,5.201697,8A,X121119_094_3
095,X121119,-7.5,10.15588,29.34088,28.968,1,14.18378,0.989718,0.0273208,8.514675,1.365629,6.234983,8A,X121119_095_1
097,X121119,-6.625,7.68994,31.41358,28.308,3,0.8041794,0.989718,0.03877791,10.18084,1.316818,7.731391,6DR,X121119_097_3
097,X121119,-6.625,7.68994,31.41358,28.308,4,0.1094939,0.9947121,0.001175088,17.06484,1.895581,9.002434,6DR,X121119_097_4
097,X121119,-6.625,7.68994,31.41358,28.308,5,3.267212,0.9982374,0.002350176,14.91095,1.548445,9.629625,6DR,X121119_097_5
098,X121119,-7.25,6.22788,31.38519,27.923,3,5.864001,0.9891304,0.01292597,9.648699,1.362339,7.082449,6DR,X121119_098_3
101,X121119,-8.0625,20.2653,20.02785,31.463,3,0.1752904,0.985899,0.002350176,17.45645,3.326309,5.247994,6VaVb,X121119_101_3
101,X121119,-8.0625,20.2653,20.02785,31.463,4,2.587457,0.9829612,0.06492362,11.25229,1.660436,6.776709,6VaVb,X121119_101_4
104,X121119,-6.6875,14.87343,26.61915,29.738,1,8.088231,0.9682726,0.07403056,7.705299,1.522839,5.059826,8A,X121119_104_1
118,X121119,-7.125,12.5765,27.9779,24.827,3,15.0617,0.9762045,0.06551117,7.185183,1.023188,7.022346,6DC,X121119_118_3
119,X121119,-6,11.1,29.97852,24.304,4,0.5025208,1,0,22.91548,2.051693,11.16906,6DC,X121119_119_4
121,X121119,-6.25,8.46165,31.20415,23.755,4,3.765325,0.9738543,0.03113984,7.073232,1.602386,4.414187,6DC,X121119_121_4
127,X121119,-5.375,15.18448,28.91523,23.194,3,4.41197,0.9841363,0.01909518,7.529035,1.623789,4.636708,6VaVb,X121119_127_3
133,X121119,-6.5625,7.37524,31.85644,21.816,3,0.4513461,0.9952996,0.02702703,8.635623,1.670065,5.17083,6DC,X121119_133_3
133,X121119,-6.5625,7.37524,31.85644,21.816,4,1.254612,0.9973561,0.007638073,11.4373,1.554404,7.357997,6DC,X121119_133_4
140,X121119,-5.875,12.94865,30.00635,21.345,2,12.27882,0.9994125,0.01586369,10.15165,1.138803,8.914318,6DC,X121119_140_2
141,X121119,-5.625,11.711,30.48775,21.25,2,21.31016,0.9982374,0.008225617,13.1704,1.375557,9.574592,6DC,X121119_141_2
142,X121119,-5.8125,10.41038,30.575,20.81,2,0.7264618,0.9441833,0.001762632,26.49684,2.392272,11.07601,6DC,X121119_142_2
142,X121119,-5.8125,10.41038,30.575,20.81,5,1.438219,0.9441833,0.0008813161,21.15667,1.963387,10.7756,6DC,X121119_142_5
142,X121119,-5.8125,10.41038,30.575,20.81,6,0.2131108,0.9650411,0.003819037,17.42731,1.721829,10.12139,6DC,X121119_142_6
143,X121119,-6.375,9.05092,30.58276,20.92,3,7.70293,0.9603408,0.05170388,7.620912,1.954835,3.898494,6DC,X121119_143_3
003,X121120,-8.25,12.23592,23.70826,43.9,3,0.09274924,0.9997062,0.0005875441,19.01589,1.812004,10.4944,12r,X121120_003_3
004,X121120,-10.84375,11.43744,22.02324,43.49,3,1.013965,0.9952996,0.005581669,12.6686,1.779649,7.118594,12m,X121120_004_3
012,X121120,-10.9375,12.56,22.34084,42.26,3,1.084042,0.9876616,0.0293772,7.88318,2.073758,3.801397,12m,X121120_012_3
020,X121120,-11.75,13.635,21.2522,41.36,3,4.468284,0.9908931,0.02173913,9.840343,2.1413,4.5955,12m,X121120_020_3
028,X121120,-7.875,15.023,24.03228,39.96,3,4.414314,0.9853114,0.09488837,8.54646,1.612319,5.300724,46v,X121120_028_3
030,X121120,-13.8125,11.95129,20.58475,39.74,4,0.7761473,0.949765,0.0005875441,29.98815,2.404455,12.47191,13l,X121120_030_4
031,X121120,-15.65625,10.41461,19.53148,39.575,3,1.774951,0.9900118,0.04318449,8.407781,2.082487,4.037375,13l,X121120_031_3
034,X121120,-18.40625,5.95625,19.16375,38.75,3,2.009378,0.9876616,0.03172738,8.081953,2.105282,3.838894,13m,X121120_034_3
037,X121120,-10.46875,15.98226,21.2354,38.948,3,0.4213261,0.9982374,0.003231492,13.36537,2.526195,5.290711,12o,X121120_037_3
040,X121120,-15.84375,11.49078,19.4715,37.838,3,0.2328076,0.9485899,0.04112808,12.56997,1.955093,6.429346,13l,X121120_040_3
043,X121120,-20.46875,7.0413,17.5962,37.138,3,0.9627916,0.9837564,0.004406581,12.28643,1.720741,7.140196,13m,X121120_043_3
048,X121120,-14.1875,15.29068,19.08372,37.548,3,1.289006,0.9811986,0.01645123,9.587723,1.440958,6.653717,12o,X121120_048_3
048,X121120,-14.1875,15.29068,19.08372,37.548,5,0.8111204,0.9811986,0.03349001,14.53252,1.291087,11.25603,12o,X121120_048_5
051,X121120,-19.15625,10.1964,17.355,36.288,2,6.204434,0.9920682,0.00293772,7.241646,1.134223,6.384676,13l,X121120_051_2
051,X121120,-19.15625,10.1964,17.355,36.288,3,5.17391,0.9565217,0.006169213,10.45239,1.299737,8.041927,13l,X121120_051_3
051,X121120,-19.15625,10.1964,17.355,36.288,5,0.3920418,0.9952996,0.009694478,11.94636,2.485,4.807388,13l,X121120_051_5
054,X121120,-23.1875,5.82348,15.34169,35.653,3,3.093863,0.9565217,0.006169213,8.733222,1.322455,6.603796,13m,X121120_054_3
054,X121120,-23.1875,5.82348,15.34169,35.653,5,0.8703454,0.9565217,0.004112808,10.22333,1.348204,7.582928,13m,X121120_054_5
054,X121120,-23.1875,5.82348,15.34169,35.653,6,1.170034,0.9853114,0.0005875441,15.11332,1.778695,8.496855,13m,X121120_054_6
055,X121120,-10.09375,19.12378,18.56648,37.563,2,2.895427,0.9591657,0.01615746,7.180117,1.670701,4.297668,12l,X121120_055_2
055,X121120,-10.09375,19.12378,18.56648,37.563,4,1.291771,0.9952996,0,17.61279,1.7829,9.878733,12l,X121120_055_4
055,X121120,-10.09375,19.12378,18.56648,37.563,5,0.2557822,0.9864865,0.004112808,12.23489,1.811595,6.753658,12l,X121120_055_5
059,X121120,-16.65625,13.5143,17.7597,36.338,3,19.83541,0.9362515,0.1783196,5.830643,1.576098,3.699417,12o,X121120_059_3
060,X121120,-17.15625,12.64572,18.37979,35.758,3,3.538002,0.9947121,0.01556992,10.73018,1.52065,7.056307,AI,X121120_060_3
060,X121120,-17.15625,12.64572,18.37979,35.758,4,0.3939149,0.9947121,0.004994125,16.89847,1.682269,10.04504,AI,X121120_060_4
064,X121120,-23.5625,6.97596,15.24512,34.828,3,1.23308,0.9958872,0.009988249,9.508848,2.772509,3.429691,13m,X121120_064_3
065,X121120,-24,5.5614,15.3133,34.488,2,3.335825,0.9662162,0.02408931,3.673981,1.014235,3.622414,13m,X121120_065_2
066,X121120,-12.90625,19.55908,15.5224,36.548,3,4.449552,0.979436,0.03407755,8.733946,1.33151,6.559431,12o,X121120_066_3
066,X121120,-12.90625,19.55908,15.5224,36.548,4,1.258636,0.9720917,0.009106933,14.18513,1.392891,10.18395,12o,X121120_066_4
066,X121120,-12.90625,19.55908,15.5224,36.548,5,1.250516,0.9720917,0.0293772,13.11422,2.580581,5.081887,12o,X121120_066_5
068,X121120,-17.34375,16.86025,14.0988,35.938,3,3.587582,0.9952996,0.01909518,10.11929,1.812021,5.584531,12o,X121120_068_3
069,X121120,-17.09375,15.31409,16.18144,35.373,3,1.685732,0.9894242,0.007638073,9.019176,2.733307,3.29973,AI,X121120_069_3
071,X121120,-19.125,12.02642,16.58004,34.118,3,3.396957,0.9867803,0.08108108,8.625374,1.754443,4.916304,AI,X121120_071_3
074,X121120,-23.5,8.76245,14.85015,33.788,2,7.079735,0.96651,0.03642773,5.455988,1.313841,4.152702,13m,X121120_074_2
074,X121120,-23.5,8.76245,14.85015,33.788,4,0.218739,0.9750293,0.00146886,18.83779,2.69558,6.9884,13m,X121120_074_4
080,X121120,-17.90625,15.423,15.111,34.013,3,4.472771,0.9688601,0.05757932,6.806232,2.097929,3.244262,AI,X121120_080_3
080,X121120,-17.90625,15.423,15.111,34.013,4,3.514499,0.9782609,0.04905993,6.831185,2.046272,3.338357,AI,X121120_080_4
082,X121120,-21.15625,11.59352,14.80546,32.793,3,0.3361312,0.9982374,0.006169213,10.18754,1.393238,7.312132,AI,X121120_082_3
088,X121120,-23.5,3.51774,16.02892,31.218,3,3.572311,0.9764982,0.01086957,5.736658,2.48794,2.305786,cd,X121120_088_3
092,X121120,-16.3125,15.45108,16.99318,32.678,2,1.00122,0.9979436,0,15.38718,1.69666,9.069102,44,X121120_092_2
092,X121120,-16.3125,15.45108,16.99318,32.678,4,1.463286,0.9791422,0.03584019,8.144653,1.714607,4.750158,44,X121120_092_4
092,X121120,-16.3125,15.45108,16.99318,32.678,5,1.341559,0.9979436,0.001175088,28.97345,2.888844,10.02942,44,X121120_092_5
097,X121120,-17.15625,7.7188,20.9226,29.788,1,12.41269,0.9553466,0.003819037,7.695444,1.141551,6.741216,cd,X121120_097_1
098,X121120,-19.71875,6.29028,19.04639,29.723,3,0.8377824,0.9838426,0.006756757,8.622745,1.415138,6.093219,cd,X121120_098_3
104,X121120,-14.6875,14.6454,18.648,31.388,2,5.584403,0.9553466,0.008225617,6.853636,1.665592,4.114836,45,X121120_104_2
104,X121120,-14.6875,14.6454,18.648,31.388,4,2.275157,0.9500588,0.002056404,17.0556,1.66215,10.26117,45,X121120_104_4
105,X121120,-29.46875,13.4108,5.0954,26.968,3,1.522527,0.9853114,0.08666275,8.438791,1.339661,6.2992,AMG,X121120_105_3
106,X121120,-29.25,12.68927,6.33364,26.379,3,4.110344,0.9691539,0.06580494,6.238846,2.085951,2.990888,AMG,X121120_106_3
108,X121120,-15.4375,8.39184,21.86324,28.169,1,0.1177677,0.9950058,0.004700352,14.07306,1.553459,9.059176,6DC,X121120_108_1
111,X121120,-19.5,5.87096,19.79484,27.772,3,0.1603379,0.9940653,0.003231492,10.62892,1.705667,6.231535,cd,X121120_111_3
117,X121120,-29.9375,13.70818,4.73342,25.552,3,4.321777,0.96651,0.02467685,5.951644,2.304996,2.582063,AMG,X121120_117_3
138,X121120,-28.46875,14.6758,5.54468,22.106,3,3.325096,0.9756169,0.0126322,10.37756,2.37442,4.370566,AMG,X121120_138_3
138,X121120,-28.46875,14.6758,5.54468,22.106,4,0.4521772,0.9756169,0.004112808,14.45848,1.506372,9.598212,AMG,X121120_138_4
140,X121120,-33,12.48035,2.93665,22.045,3,0.2782012,0.9888366,0.007344301,10.02419,3.657746,2.740537,AMG,X121120_140_3
142,X121120,-33.8125,10.5866,2.756,21.8,3,1.590678,0.9914806,0.007344301,8.598004,3.198947,2.687761,AMG,X121120_142_3
145,X121120,-16.96875,6.57524,21.5108,20.703,2,6.671,0.9994125,0.004112808,13.72544,2.569176,5.342349,cd,X121120_145_2
147,X121120,-14.59375,3.92324,25.03832,22.879,3,7.842804,0.9976498,0,9.085071,1.459727,6.223814,24c,X121120_147_3
147,X121120,-14.59375,3.92324,25.03832,22.879,4,9.411326,0.9662162,0.06110458,6.908826,1.953953,3.535821,24c,X121120_147_4
151,X121120,-30.15625,12.11704,5.53504000000001,20.1754,2,11.73975,0.9715041,0.1239718,6.177781,1.517189,4.07186,AMG,X121120_151_2
153,X121120,-20.40625,10.22542,16.6189,19.596,3,6.800264,0.9568155,0.1139835,7.923149,1.278624,6.196621,pu,X121120_153_3
153,X121120,-20.40625,10.22542,16.6189,19.596,5,3.141061,0.9838426,0.007344301,10.18834,1.363261,7.473506,pu,X121120_153_5
153,X121120,-20.40625,10.22542,16.6189,19.596,9,15.95535,0.9738543,0.01292597,6.106057,1.114713,5.477696,pu,X121120_153_9
154,X121120,-23.0625,9.34925,14.7186,19.451,1,8.684411,0.9192127,0.07608695,4.439567,1.023998,4.335524,pu,X121120_154_1
157,X121120,-15.125,5.98392,24.21884,19.11,3,0.6465347,0.9941245,0.04994125,10.25891,1.773847,5.783421,24c,X121120_157_3
003,X121219,-6.375,12.3368,25.53515,43.705,3,0.8682598,0.936839,0.007050529,14.45012,1.414694,10.21431,12r,X121219_003_3
004,X121219,-8.28125,11.52804,24.57084,43.265,3,3.889154,0.9797297,0.009988249,7.972285,1.612053,4.945423,12r,X121219_004_3
005,X121219,-6.53125,10.50043,26.92729,43.235,3,0.651519,0.9841363,0.02761457,11.55934,1.336453,8.649269,46d,X121219_005_3
012,X121219,-7.71875,12.56,25.4306,41.9,3,0.6752834,0.9938308,0.007638073,13.27331,2.262911,5.86559,46v,X121219_012_3
013,X121219,-6.28125,10.736,27.7787,41.675,2,8.378416,0.9753231,0.004406581,9.203899,1.375726,6.69021,46d,X121219_013_2
015,X121219,-9.375,7.87492,26.2095,41.24,3,2.246702,0.9976498,0.001175088,14.77199,1.529227,9.659778,46df,X121219_015_3
018,X121219,-6.53125,15.35352,24.32064,41.34,3,0.7499529,0.9750293,0.03613396,9.609947,1.781854,5.39323,12l,X121219_018_3
018,X121219,-6.53125,15.35352,24.32064,41.34,7,3.005096,0.9750293,0.004406581,13.09612,1.242207,10.54263,12l,X121219_018_7
018,X121219,-6.53125,15.35352,24.32064,41.34,8,5.111145,0.996181,0.01380729,5.483649,1.086769,5.04583,12l,X121219_018_8
018,X121219,-6.53125,15.35352,24.32064,41.34,9,0.4500009,0.993537,0.001175088,13.39494,1.932258,6.932271,12l,X121219_018_9
019,X121219,-7.34375,14.59249,24.93225,40.98,2,3.231633,0.9994125,0.00293772,17.54033,1.974429,8.883751,46v,X121219_019_2
022,X121219,-6.84375,10.01353,28.30678,39.82,3,3.481318,0.9979436,0.01674501,14.74737,2.467093,5.977632,46d,X121219_022_3
024,X121219,-6.34375,7.023,30.32759,38.825,2,3.37604,0.9803173,0.0672738,7.753778,1.87768,4.129447,8B,X121219_024_2
027,X121219,-7.09375,15.90838,23.18804,40.37,1,11.27767,0.9967585,0.001175088,15.89216,1.231157,12.90831,12l,X121219_027_1
027,X121219,-7.09375,15.90838,23.18804,40.37,5,4.460301,0.9982374,0.005287896,9.013,0.9850056,9.150201,12l,X121219_027_5
031,X121219,-7.28125,10.38513,27.77884,38.475,2,1.690493,0.9811986,0.03202115,10.11495,1.237297,8.175035,8B,X121219_031_2
031,X121219,-7.28125,10.38513,27.77884,38.475,4,1.122128,0.9811986,0.001175088,15.01142,2.067178,7.261795,8B,X121219_031_4
037,X121219,-7.71875,15.88419,24.0326,38.528,3,0.1292934,0.9841363,0.0126322,10.65636,3.118096,3.417586,46v,X121219_037_3
038,X121219,-8.09375,14.28104,24.98844,38.088,3,3.596858,0.9923619,0.002350176,12.56616,1.65183,7.607412,46v,X121219_038_3
040,X121219,-8.15625,11.2244,27.138,36.888,3,1.678604,0.9856052,0.02820211,11.0051,1.641371,6.704823,8A,X121219_040_3
040,X121219,-8.15625,11.2244,27.138,36.888,4,0.2514939,0.9985312,0,19.27832,1.926497,10.00693,8A,X121219_040_4
046,X121219,-7.40625,17.59308,22.38992,37.848,1,7.755133,0.9668038,0.0472973,7.789763,1.445784,5.387918,12l,X121219_046_1
046,X121219,-7.40625,17.59308,22.38992,37.848,3,2.658998,0.993537,0.03349001,14.0648,1.731335,8.123675,12l,X121219_046_3
047,X121219,-6.65625,16.1002,25.3158,36.888,3,0.1577371,0.9850176,0.001762632,17.68183,1.864786,9.48196,46v,X121219_047_3
053,X121219,-8.09375,6.8157,30.2774,33.938,2,4.700336,0.9797297,0.02115159,8.852374,1.346909,6.572362,6DR,X121219_053_2
055,X121219,-8.21875,19.09336,20.51076,37.238,3,1.692658,0.9944183,0.002350176,13.27408,1.661932,7.987137,45,X121219_055_3
063,X121219,-8.03125,7.62556,30.2132,33.008,3,2.615002,0.9947121,0.01703878,10.05314,1.50128,6.696379,6DR,X121219_063_3
063,X121219,-8.03125,7.62556,30.2132,33.008,4,0.3709945,0.9917744,0.009106933,7.440841,1.417443,5.249482,6DR,X121219_063_4
066,X121219,-6.4375,19.41904,21.8602,35.468,2,2.554674,0.9820799,0.003231492,8.725102,1.641175,5.316375,8A,X121219_066_2
074,X121219,-8.09375,7.89053,30.16111,31.548,2,7.110834,0.9991187,0.000293772,13.25399,1.293478,10.24679,6DR,X121219_074_2
074,X121219,-8.09375,7.89053,30.16111,31.548,3,0.1389075,0.9961612,0.005875441,19.35224,3.318903,5.830914,6DR,X121219_074_3
074,X121219,-8.09375,7.89053,30.16111,31.548,4,17.61856,0.9988249,0.007931845,10.52681,1.134241,9.280934,6DR,X121219_074_4
074,X121219,-8.09375,7.89053,30.16111,31.548,5,9.731423,0.9994125,0.07314923,6.666493,1.053345,6.32888,6DR,X121219_074_5
077,X121219,-6.6875,19.68126,21.35467,34.253,3,10.9474,0.9744418,0.01586369,8.547261,1.765128,4.842291,8A,X121219_077_3
086,X121219,-7.125,6.14572,31.37912,29.468,2,5.164371,0.9682726,0.0252644,7.136862,1.284748,5.555066,6DR,X121219_086_2
086,X121219,-7.125,6.14572,31.37912,29.468,3,0.8015898,0.9673913,0.008225617,13.28947,1.234637,10.76387,6DR,X121219_086_3
088,X121219,-5.875,3.13219,33.29452,28.743,3,1.683618,0.9133372,0.004700352,15.38772,1.453874,10.58395,6DR,X121219_088_3
088,X121219,-5.875,3.13219,33.29452,28.743,4,4.478749,0.9529965,0.04289072,9.311128,1.363548,6.828603,6DR,X121219_088_4
095,X121219,-7.5,10.15588,29.34088,28.968,1,9.164504,0.9756169,0.01380729,6.988043,1.526196,4.578731,8A,X121219_095_1
096,X121219,-7.0625,8.8254,30.24756,28.848,2,2.510445,0.9835488,0.0525852,8.27964,1.721186,4.810427,6DR,X121219_096_2
097,X121219,-6.625,7.68994,31.41358,28.308,3,2.577308,0.9958872,0.002350176,18.2546,1.711011,10.66889,6DR,X121219_097_3
097,X121219,-6.625,7.68994,31.41358,28.308,4,0.6705446,0.9706228,0.02643948,9.699373,1.507151,6.43557,6DR,X121219_097_4
097,X121219,-6.625,7.68994,31.41358,28.308,5,0.116515,0.9726792,0.001762632,15.76237,1.845656,8.540253,6DR,X121219_097_5
099,X121219,-6.6875,4.68548,32.28836,27.378,3,5.58254,0.9556404,0.04083431,7.057204,1.325228,5.325274,6DR,X121219_099_3
099,X121219,-6.6875,4.68548,32.28836,27.378,4,1.956695,0.9556404,0.009400705,11.23122,1.487692,7.549426,6DR,X121219_099_4
099,X121219,-6.6875,4.68548,32.28836,27.378,5,0.3227561,0.9747356,0.005287896,12.9044,1.781549,7.24336,6DR,X121219_099_5
109,X121219,-7.0625,7.43888,30.71386,26.279,3,0.8339213,0.9932432,0.0005875441,12.668,1.333449,9.500173,6DR,X121219_109_3
109,X121219,-7.0625,7.43888,30.71386,26.279,4,0.383425,0.9932432,0.001175088,20.541,1.97109,10.42114,6DR,X121219_109_4
112,X121219,-6.625,3.87568,32.49239,26.051,2,11.68685,0.9676851,0.01439483,7.476916,1.421564,5.259641,6DR,X121219_112_2
112,X121219,-6.625,3.87568,32.49239,26.051,4,0.9115165,0.9811986,0.00293772,13.34573,1.615682,8.260119,6DR,X121219_112_4
113,X121219,-6.21875,2.46632,33.22705,26.051,1,12.74471,0.9453584,0.05963572,6.126515,1.920595,3.189905,6DR,X121219_113_1
116,X121219,-8.5,14.8866,25.6592,25.77,3,1.223512,0.9938308,0.03290247,10.9833,1.811034,6.064657,6DC,X121219_116_3
118,X121219,-7.375,12.5765,27.9779,24.827,2,11.20816,0.9838426,0.07579318,7.158655,1.571072,4.556542,6DC,X121219_118_2
121,X121219,-6.5,8.46165,31.20415,23.755,2,0.7507251,0.9938308,0.009106933,12.0431,1.630596,7.385707,6DC,X121219_121_2
122,X121219,-6.9375,7.09634,31.11408,23.391,2,7.474533,0.979436,0.009694478,8.74123,1.308726,6.679192,6DC,X121219_122_2
127,X121219,-5.75,15.16344,28.49294,23.194,3,3.40076,0.9306698,0.007344301,14.86428,1.764598,8.423608,6VaVb,X121219_127_3
129,X121219,-5.5625,12.70785,29.75385,22.963,3,0.6756163,0.9988249,0.00293772,20.18225,2.361031,8.548068,6DC,X121219_129_3
132,X121219,-7.1875,8.59095,30.15906,22.297,2,0.9449827,0.9982374,0.01380729,12.40963,1.396161,8.888397,6DC,X121219_132_2
133,X121219,-6.5625,7.37524,31.85644,21.816,3,0.4381016,0.9994125,0.001175088,15.04812,1.618669,9.296601,6DC,X121219_133_3
140,X121219,-5.875,12.94865,30.00635,21.345,2,7.565729,1,0.009694478,12.33087,1.289209,9.564677,6DC,X121219_140_2
141,X121219,-5.625,11.711,30.48775,21.25,2,21.62573,0.9985312,0.008225617,13.15149,1.417698,9.276651,6DC,X121219_141_2
142,X121219,-5.8125,10.41038,30.575,20.81,3,7.077634,0.9888366,0.03437133,8.264913,1.556712,5.30921,6DC,X121219_142_3
142,X121219,-5.8125,10.41038,30.575,20.81,4,2.011957,0.9982374,0.0005875441,21.94755,2.429612,9.033354,6DC,X121219_142_4
006,X121319,-8.21875,9.108,26.0395,43.03,3,1.758703,0.9905993,0.01086957,12.8178,2.309731,5.549476,46d,X121319_006_3
015,X121319,-9.4375,7.87492,26.2095,41.24,3,3.380034,0.9647474,0.08842538,7.808919,1.854334,4.211172,46df,X121319_015_3
018,X121319,-6.53125,15.35352,24.32064,41.34,2,2.757513,0.9964747,0.01527615,13.4875,1.988697,6.782076,12l,X121319_018_2
018,X121319,-6.53125,15.35352,24.32064,41.34,6,0.2345468,0.9994125,0,22.6121,2.070098,10.92321,12l,X121319_018_6
019,X121319,-7.34375,14.59249,24.93225,40.98,3,6.262761,0.9427145,0.09341951,6.433258,1.473366,4.366368,46v,X121319_019_3
022,X121319,-6.84375,10.01353,28.30678,39.82,1,3.962327,0.9982374,0.0126322,13.10975,1.789099,7.327571,46d,X121319_022_1
023,X121319,-7.28125,8.58279,28.61614,39.425,3,4.46004,0.987074,0.03936545,10.28573,1.409069,7.299667,8B,X121319_023_3
027,X121319,-7.09375,15.90838,23.18804,40.37,3,2.696671,0.983255,0.04524089,7.786425,1.561043,4.987962,12l,X121319_027_3
027,X121319,-7.09375,15.90838,23.18804,40.37,4,6.932057,0.9970623,0.006169213,14.23285,1.357339,10.48585,12l,X121319_027_4
045,X121319,-8.09375,18.98806,20.26251,38.108,1,1.955545,0.9826674,0.005875441,13.67677,1.558883,8.773447,12l,X121319_045_1
046,X121319,-7.46875,17.59308,22.38992,37.848,3,2.598395,0.9932432,0.01439483,11.83612,1.814789,6.522038,12l,X121319_046_3
051,X121319,-9.78125,9.95343,26.5902,35.118,3,0.7383845,0.9900118,0.05082256,8.37433,2.456619,3.408885,8B,X121319_051_3
051,X121319,-9.78125,9.95343,26.5902,35.118,4,0.8239763,0.9900118,0.00293772,13.83317,1.764866,7.838088,8B,X121319_051_4
052,X121319,-8.84375,8.37674,28.5977,34.528,3,0.8490813,0.9920682,0.06345476,8.600737,1.254144,6.857856,6DR,X121319_052_3
053,X121319,-8.15625,6.8157,30.2774,33.938,2,13.19599,0.9606345,0.02379553,4.293794,0.9480198,4.529223,6DR,X121319_053_2
053,X121319,-8.15625,6.8157,30.2774,33.938,3,2.489019,0.9606345,0.008519389,7.734328,1.279748,6.043633,6DR,X121319_053_3
055,X121319,-8.28125,19.0957,20.3612,37.263,3,1.424293,0.9994125,0.00146886,17.04662,1.652613,10.31495,45,X121319_055_3
057,X121319,-8.46875,16.30845,23.25731,36.118,3,1.916201,0.983255,0.06462985,7.998116,2.182528,3.664612,46v,X121319_057_3
066,X121319,-6.5625,19.42293,21.68415,35.498,3,2.497455,0.9841363,0.000293772,9.476633,1.326965,7.141585,8A,X121319_066_3
068,X121319,-8.03125,16.60955,23.41472,34.558,4,8.02085,0.9844301,0.1445358,7.769418,1.884109,4.123657,8A,X121319_068_4
074,X121319,-8.09375,7.89053,30.16111,31.548,1,15.22305,0.985899,0.01057579,6.884079,0.9323379,7.383673,6DR,X121319_074_1
074,X121319,-8.09375,7.89053,30.16111,31.548,2,9.167968,1,0.000293772,18.56663,1.741588,10.66075,6DR,X121319_074_2
077,X121319,-6.875,19.6836,21.1872,34.288,3,1.370349,1,0.01116334,15.66847,2.359242,6.641315,8A,X121319_077_3
080,X121319,-9.0625,15.24984,23.8726,32.718,3,1.797636,0.993537,0.01175088,10.98849,1.479196,7.428694,46v,X121319_080_3
083,X121319,-8.5625,10.165,28.2052,30.588,3,0.7360974,0.987074,0.10047,8.268238,2.416572,3.421474,8A,X121319_083_3
086,X121319,-7.125,6.14572,31.37912,29.468,3,1.05038,0.9944183,0.003525264,15.47379,1.912721,8.089937,6DR,X121319_086_3
088,X121319,-5.875,3.13219,33.29452,28.743,2,3.441039,0.9947121,0.004700352,14.36694,1.607626,8.936746,6DR,X121319_088_2
096,X121319,-7.3125,8.8254,30.24756,28.848,2,5.804388,0.976792,0.07491187,6.831433,1.438186,4.750034,6DR,X121319_096_2
099,X121319,-6.6875,4.68548,32.28836,27.378,3,0.1407789,0.9994125,0.006756757,16.60818,2.348968,7.070414,6DR,X121319_099_3
112,X121319,-6.75,3.87568,32.49239,26.051,3,9.242806,0.9853114,0.0640423,7.863188,1.739153,4.521276,6DR,X121319_112_3
122,X121319,-7.1875,7.10836,30.70832,23.406,1,21.71274,0.980611,0.07461809,9.827652,2.904647,3.383424,6DC,X121319_122_1
141,X121319,-6,11.711,30.1064,21.26,1,12.32282,0.9967685,0.01968273,8.635263,1.276445,6.765088,6DC,X121319_141_1
142,X121319,-5.8125,10.41038,30.575,20.81,3,0.8788784,0.9914806,0.002643948,9.965904,1.36635,7.293816,6DC,X121319_142_3
142,X121319,-5.8125,10.41038,30.575,20.81,4,5.096891,0.9582844,0.07168037,7.349332,1.205386,6.09708,6DC,X121319_142_4
142,X121319,-5.8125,10.41038,30.575,20.81,5,1.333816,0.9914806,0,15.19143,1.894075,8.020502,6DC,X121319_142_5
143,X121319,-6.625,9.06029,30.18937,20.94,3,0.7856771,0.9947121,0.009400705,9.800089,1.368734,7.159967,6DC,X121319_143_3
144,X121319,-6.5,7.71087,31.67965,20.40099,2,1.346444,0.9958872,0.01175088,11.47356,1.981578,5.790114,6DC,X121319_144_2
146,X121319,-8.375,5.1008,30.294,20.463,3,1.741156,0.9964747,0.007638073,9.636254,1.387375,6.945676,6DC,X121319_146_3
003,X121420,-8.25,12.23592,23.70826,43.9,2,0.04688055,1,0,18.00054,1.786304,10.07697,12r,X121420_003_2
004,X121420,-10.84375,11.43744,22.02324,43.49,3,0.8372842,0.9908931,0.005875441,12.21952,1.838773,6.645475,12m,X121420_004_3
007,X121420,-14.375,7.54926,20.73932,43.25,5,0.8618864,0.983255,0.005875441,16.847,2.070784,8.135567,11ml,X121420_007_5
007,X121420,-14.375,7.54926,20.73932,43.25,8,4.275693,0.983255,0.0146886,9.850187,1.824623,5.398477,11ml,X121420_007_8
013,X121420,-12.40625,10.648,21.67414,42.335,2,16.27388,0.9509401,0.1715629,5.841547,1.167631,5.002906,11ml,X121420_013_2
020,X121420,-11.75,13.635,21.2522,41.36,2,3.292847,0.987074,0.0199765,7.781688,2.069874,3.759499,12m,X121420_020_2
024,X121420,-16.5,7.129,20.21678,40.15,3,1.213924,0.9435958,0.0126322,12.40108,1.943269,6.381555,11ml,X121420_024_3
024,X121420,-16.5,7.129,20.21678,40.15,4,0.6433385,0.9435958,0.00146886,10.92927,1.861933,5.86985,11ml,X121420_024_4
033,X121420,-17.875,7.521,19.2231,38.96,3,3.822919,0.9717979,0.1057579,6.888904,1.649258,4.176973,13m,X121420_033_3
037,X121420,-10.53125,15.98226,21.2354,38.948,3,1.465392,0.9970623,0.0146886,12.93379,1.604086,8.063032,12o,X121420_037_3
039,X121420,-14.03125,12.92876,20.0558,38.088,1,2.959893,0.9450646,0.007638073,10.64367,1.803304,5.902318,13l,X121420_039_1
039,X121420,-14.03125,12.92876,20.0558,38.088,2,6.0506,0.9450646,0.02056404,7.292739,1.450501,5.027739,13l,X121420_039_2
040,X121420,-15.84375,11.49078,19.4715,37.838,3,5.976457,0.960047,0.09576968,7.029259,1.935517,3.631722,13l,X121420_040_3
043,X121420,-20.46875,7.0413,17.5962,37.138,6,0.2517324,0.9973561,0.003819037,13.18878,2.110365,6.249524,13m,X121420_043_6
046,X121420,-12,17.75142,17.93958,38.428,6,0.9285634,0.9917744,0.03495887,14.99546,1.535167,9.767964,12o,X121420_046_6
046,X121420,-12,17.75142,17.93958,38.428,7,0.2130128,0.9917744,0.002350176,12.6182,1.624534,7.767275,12o,X121420_046_7
049,X121420,-15.5625,14.34164,18.55424,37.538,1,5.303932,0.9339013,0.004994125,6.273443,1.204574,5.20802,13l,X121420_049_1
051,X121420,-19.15625,10.1964,17.355,36.288,4,7.418244,0.9568155,0.009694478,4.123562,0.9603934,4.293618,13l,X121420_051_4
055,X121420,-10.09375,19.12378,18.56648,37.563,2,1.416069,0.9527027,0.01057579,10.72837,3.269868,3.280981,12l,X121420_055_2
059,X121420,-16.6875,13.52209,17.52601,36.373,5,1.321627,0.9938308,0.02173913,8.288247,1.297784,6.386463,12o,X121420_059_5
059,X121420,-16.6875,13.52209,17.52601,36.373,6,0.1282904,0.9894242,0.01439483,8.897571,1.892616,4.701202,12o,X121420_059_6
060,X121420,-17.15625,12.64572,18.37979,35.758,6,0.02691855,0.9791878,0.002030457,27.95826,2.289383,12.21214,AI,X121420_060_6
060,X121420,-17.15625,12.64572,18.37979,35.758,10,13.65711,0.9779671,0.1225029,6.09134,1.543369,3.946781,AI,X121420_060_10
060,X121420,-17.15625,12.64572,18.37979,35.758,11,2.11482,0.9779671,0.06492362,9.697504,1.459321,6.645215,AI,X121420_060_11
061,X121420,-17.875,11.21096,18.94876,35.153,6,0.827258,0.9762045,0.03730905,10.50059,2.024456,5.186872,AI,X121420_061_6
061,X121420,-17.875,11.21096,18.94876,35.153,9,3.726593,0.9967685,0.00293772,8.871036,1.471421,6.028892,AI,X121420_061_9
062,X121420,-21.0625,9.9134,16.57094,35.293,5,2.94204,0.9943925,0.07432432,12.34426,1.295,9.532243,AI,X121420_062_5
066,X121420,-13.03125,19.56297,15.34635,36.578,2,0.2342174,0.9979436,0.003525264,9.894273,1.821119,5.433073,12o,X121420_066_2
068,X121420,-17.34375,16.86025,14.0988,35.938,2,3.86517,0.9809048,0.05229142,7.154067,1.565204,4.570693,12o,X121420_068_2
070,X121420,-18.28125,13.82625,16.27975,35.013,3,0.4309252,0.9941245,0.008813161,11.70519,2.888729,4.05202,AI,X121420_070_3
071,X121420,-19.125,12.02642,16.58004,34.118,4,2.707629,0.9979436,0.004112808,13.28545,1.776602,7.478012,AI,X121420_071_4
072,X121420,-20.09375,10.82725,17.02,33.888,3,2.398499,0.9829612,0.03437133,9.460516,1.49825,6.314375,AI,X121420_072_3
074,X121420,-23.5,8.76245,14.85015,33.788,4,0.170644,0.9900118,0.01527615,9.472652,1.885284,5.024522,13m,X121420_074_4
080,X121420,-17.96875,15.423,15.111,34.013,5,0.7790728,0.989718,0.01233843,8.621126,1.507204,5.719945,AI,X121420_080_5
088,X121420,-23.53125,3.51774,16.02892,31.218,2,2.624463,0.9944183,0.01086957,12.81853,2.399665,5.341799,cd,X121420_088_2
092,X121420,-16.5625,15.45342,16.73457,32.723,5,1.531028,0.9856052,0.009694478,10.23662,1.388142,7.374328,44,X121420_092_5
092,X121420,-16.5625,15.45342,16.73457,32.723,7,0.2897998,0.9970623,0,33.09303,3.049986,10.85022,44,X121420_092_7
092,X121420,-16.5625,15.45342,16.73457,32.723,8,1.009141,0.9958872,0.002056404,17.98394,1.78626,10.06793,44,X121420_092_8
096,X121420,-21.34375,8.6421,16.26224,30.728,6,0.5993739,0.9955934,0.02555817,11.85682,1.476096,8.032552,pu,X121420_096_6
097,X121420,-17.15625,7.7188,20.9226,29.788,1,9.876345,0.9747356,0.02643948,10.09668,1.532131,6.58996,cd,X121420_097_1
104,X121420,-14.8125,14.6454,18.648,31.388,2,2.973432,0.9873678,0.009988249,10.30708,2.508858,4.108276,45,X121420_104_2
104,X121420,-14.8125,14.6454,18.648,31.388,3,0.06948617,0.9885429,0.006169213,20.33759,2.522516,8.062426,45,X121420_104_3
106,X121420,-29.375,12.6931,5.9122,26.389,3,3.652188,0.989718,0.1677438,7.697092,1.841578,4.179617,AMG,X121420_106_3
108,X121420,-15.4375,8.39184,21.86324,28.169,2,0.8189301,0.9843569,0.01762632,10.1216,1.341924,7.542605,6DC,X121420_108_2
109,X121420,-15.15625,7.35238,22.69211,27.154,1,10.91239,0.989718,0,14.59509,1.367125,10.67576,cd,X121420_109_1
109,X121420,-15.15625,7.35238,22.69211,27.154,2,2.520585,0.989718,0.01175088,8.596735,1.073684,8.006766,cd,X121420_109_2
117,X121420,-30.0625,13.70517,4.36973,25.562,4,8.674409,0.9882491,0.008225617,5.398054,1.42636,3.784495,AMG,X121420_117_4
122,X121420,-19.5625,7.46896,18.53552,23.856,2,1.842098,0.9838426,0.1104583,7.223014,2.065866,3.496361,cd,X121420_122_2
135,X121420,-16.96875,4.29381,22.23834,24.713,3,7.641511,0.9882491,0.1254407,7.642936,1.066846,7.164051,cd,X121420_135_3
135,X121420,-16.96875,4.29381,22.23834,24.713,7,3.448832,1,0,10.70859,1.72964,6.191226,cd,X121420_135_7
138,X121420,-28.46875,14.6758,5.54468,22.106,2,3.318865,0.9944183,0.00293772,14.8362,1.941067,7.643321,AMG,X121420_138_2
142,X121420,-33.875,10.5866,2.756,21.8,3,11.7486,0.93302,0.0126322,5.452837,2.12664,2.564062,AMG,X121420_142_3
151,X121420,-30.28125,12.11704,5.53504000000001,20.1754,2,0.07584142,0.9926557,0.007931845,8.436475,3.327366,2.535481,AMG,X121420_151_2
153,X121420,-20.40625,10.22542,16.6189,19.596,3,1.241008,0.9934407,0.06286722,10.38803,1.382562,7.513606,pu,X121420_153_3
157,X121420,-15.125,5.98392,24.21884,19.11,2,1.184295,0.9809048,0.01938896,10.26328,1.37094,7.486313,24c,X121420_157_2
003,X121520,-8.3125,12.22816,23.56773,43.915,1,10.48871,0.9635723,0.08725029,5.447221,1.625654,3.350788,12r,X121520_003_1
003,X121520,-8.3125,12.22816,23.56773,43.915,2,0.06709033,0.9964747,0.002350176,13.61332,2.218367,6.136641,12r,X121520_003_2
004,X121520,-10.875,11.43744,22.02324,43.49,3,1.020618,0.9938308,0.02027027,10.63047,2.349811,4.523966,12m,X121520_004_3
006,X121520,-12.4375,9.0435,21.92275,43.53,3,1.204261,0.993537,0.01233843,10.92943,2.5576,4.273314,11ml,X121520_006_3
011,X121520,-8.0625,13.479,24.17498,42.24,3,1.096136,0.9922255,0.04377203,9.742648,2.528239,3.853532,12r,X121520_011_3
012,X121520,-11,12.56,22.2121,42.275,2,5.102694,0.9932432,0.06786134,7.212941,1.237722,5.827593,12m,X121520_012_2
012,X121520,-11,12.56,22.2121,42.275,5,0.9475508,0.9941245,0.05581669,7.867116,1.912659,4.113183,12m,X121520_012_5
012,X121520,-11,12.56,22.2121,42.275,8,1.403573,0.9874755,0.00146886,15.95567,2.024783,7.880185,12m,X121520_012_8
015,X121520,-14.90625,7.82668,20.7825,41.96,3,1.508238,0.9938308,0.04259694,8.4505,2.606225,3.242429,11ml,X121520_015_3
020,X121520,-11.78125,13.635,21.2522,41.36,3,1.243554,0.9864865,0.05581669,10.13713,1.874912,5.406722,12m,X121520_020_3
028,X121520,-7.90625,15.023,24.03228,39.96,3,3.826196,0.9823737,0.0472973,8.121763,1.681605,4.82977,46v,X121520_028_3
033,X121520,-17.90625,7.521,19.2231,38.96,2,0.4469844,0.9885429,0.01292597,9.986968,4.348321,2.296741,13m,X121520_033_2
039,X121520,-14.03125,12.92876,20.0558,38.088,2,0.8348572,0.9970623,0.005287896,17.61101,1.997254,8.817608,13l,X121520_039_2
039,X121520,-14.03125,12.92876,20.0558,38.088,6,2.067899,0.9853114,0.02438308,10.7636,1.556183,6.916667,13l,X121520_039_6
043,X121520,-20.5,7.0413,17.5962,37.138,5,2.053802,0.9803173,0.03113984,8.228352,1.741635,4.724497,13m,X121520_043_5
043,X121520,-20.5,7.0413,17.5962,37.138,7,0.1288915,0.9908931,0.001762632,16.73125,3.870814,4.322412,13m,X121520_043_7
051,X121520,-19.1875,10.1964,17.355,36.288,7,7.261739,0.9732667,0.01498237,4.497287,1.002666,4.485328,13l,X121520_051_7
051,X121520,-19.1875,10.1964,17.355,36.288,8,3.346809,0.9809048,0.07314923,7.854884,1.765495,4.449111,13l,X121520_051_8
055,X121520,-10.125,19.12378,18.56648,37.563,6,0.4876973,0.9676851,0.01057579,12.23625,1.432549,8.541591,12l,X121520_055_6
056,X121520,-12.59375,17.6196,17.55878,37.238,2,20.37655,0.9844301,0.0146886,5.467873,1.139902,4.796793,12l,X121520_056_2
058,X121520,-16.0625,15.01294,16.96992,36.728,7,3.287526,0.9779671,0.07579318,7.454579,2.183276,3.414401,12o,X121520_058_7
062,X121520,-21.09375,9.9134,16.57094,35.293,6,3.218799,0.9676851,0.03907168,9.328341,3.196266,2.918512,AI,X121520_062_6
066,X121520,-13.15625,19.56686,15.1703,36.608,3,5.992064,0.9635723,0.0293772,6.852048,1.768006,3.875579,12o,X121520_066_3
067,X121520,-16.15625,18.0166,14.0206,36.288,3,5.343313,0.9923619,0.009400705,7.697659,1.740905,4.421642,12o,X121520_067_3
068,X121520,-17.375,16.86025,14.0988,35.938,2,2.58608,0.9788484,0.03613396,7.476904,2.08236,3.590591,12o,X121520_068_2
070,X121520,-18.3125,13.83248,16.03984,35.048,4,1.206725,0.9823737,0.0273208,9.005276,1.37287,6.559454,AI,X121520_070_4
071,X121520,-19.125,12.02642,16.58004,34.118,5,2.792154,0.9853395,0.004994125,13.1717,1.683304,7.824909,AI,X121520_071_5
073,X121520,-22.40625,9.94136,15.42081,34.003,7,0.4323502,0.9673913,0,9.204727,2.634622,3.493756,AI,X121520_073_7
077,X121520,-13.9375,19.77954,14.32093,35.723,1,18.15223,0.9738543,0.056698,6.302933,1.477668,4.265459,12l,X121520_077_1
077,X121520,-13.9375,19.77954,14.32093,35.723,4,0.1104065,0.9905993,0.0005875441,20.29666,1.951154,10.40239,12l,X121520_077_4
077,X121520,-13.9375,19.77954,14.32093,35.723,5,0.08773433,0.9905993,0.002350176,28.44701,4.790358,5.938388,12l,X121520_077_5
083,X121520,-23.25,10.165,13.78444,32.628,2,7.897692,0.9168625,0.1048766,4.989039,1.575751,3.166134,AI,X121520_083_2
083,X121520,-23.25,10.165,13.78444,32.628,4,5.036631,0.9973561,0.01498237,14.43176,1.603806,8.998449,AI,X121520_083_4
088,X121520,-23.53125,3.51774,16.02892,31.218,2,1.922597,0.9391892,0.007344301,11.30507,2.970017,3.806398,cd,X121520_088_2
100,X121520,-20.5,3.28816,19.18092,29.108,5,0.4933012,0.9717979,0.01498237,9.687351,4.021474,2.408906,cd,X121520_100_5
105,X121520,-29.65625,13.40621,4.72758,26.978,6,2.481587,0.976792,0.02996475,7.386157,2.902808,2.544487,AMG,X121520_105_6
109,X121520,-15.15625,7.35238,22.69211,27.154,3,32.54878,0.9306698,0.1089894,6.368237,1.493994,4.262559,cd,X121520_109_3
109,X121520,-15.15625,7.35238,22.69211,27.154,4,0.9522399,0.987074,0.004112808,10.03979,1.72549,5.818516,cd,X121520_109_4
118,X121520,-35.0625,12.4775,0.106099999999998,25.817,3,0.3917409,0.9838426,0.002643948,16.35034,3.086553,5.29728,AMG,X121520_118_3
138,X121520,-28.5,14.6758,5.54468,22.106,4,0.7457774,0.9876616,0.008813161,14.43972,2.082783,6.9329,AMG,X121520_138_4
138,X121520,-28.5,14.6758,5.54468,22.106,5,0.1132909,0.9876616,0.00293772,12.16017,1.699268,7.156121,AMG,X121520_138_5
147,X121520,-14.65625,3.92324,25.03832,22.879,5,8.680544,0.9920682,0.004700352,7.884305,1.35156,5.833483,24c,X121520_147_5
153,X121520,-20.65625,10.22542,16.6189,19.596,1,40.91045,0.9198002,0.1395417,5.492028,1.01654,5.402668,pu,X121520_153_1
153,X121520,-20.65625,10.22542,16.6189,19.596,5,8.770787,0.9083431,0.08225617,3.972704,1.090764,3.642131,pu,X121520_153_5
153,X121520,-20.65625,10.22542,16.6189,19.596,6,1.197622,0.9994125,0.039953,14.75207,1.538246,9.590186,pu,X121520_153_6
154,X121520,-23.25,9.372,14.30112,19.466,2,24.5475,0.9841363,0.02320799,8.221601,1.376045,5.974806,pu,X121520_154_2
154,X121520,-23.25,9.372,14.30112,19.466,4,27.95746,0.972973,0.06051704,4.54267,0.9543209,4.760108,pu,X121520_154_4
157,X121520,-15.1875,5.98392,24.21884,19.11,3,0.8538436,0.9988249,0.003819037,16.71967,1.871386,8.93438,24c,X121520_157_3
019,X121619,-7.40625,14.59249,24.93225,40.98,3,5.153736,0.9759107,0.04788484,8.013394,1.757557,4.559393,46v,X121619_019_3
022,X121619,-6.90625,10.01353,28.30678,39.82,3,7.348341,0.9964747,0.05611046,9.710544,1.522771,6.37689,46d,X121619_022_3
025,X121619,-6.1875,5.57409,31.39058,38.31,1,2.8688,0.9785547,0.03084606,6.172421,1.442935,4.277686,8B,X121619_025_1
025,X121619,-6.1875,5.57409,31.39058,38.31,4,0.3448961,0.989718,0.01527615,11.34371,2.048845,5.536636,8B,X121619_025_4
027,X121619,-7.15625,15.90838,23.18804,40.37,3,1.03491,0.9879553,0.05111633,9.489513,1.928754,4.920023,12l,X121619_027_3
036,X121619,-7.59375,17.40003,22.01412,39.303,2,4.755105,0.9629847,0.09547591,8.038774,1.441367,5.577187,12l,X121619_036_2
037,X121619,-7.78125,15.88886,23.8994,38.548,3,0.1570009,0.9747356,0.03290247,9.857344,1.37939,7.146161,46v,X121619_037_3
040,X121619,-8.34375,11.23141,26.93625,36.913,2,1.990569,0.9579906,0.04876616,7.279273,1.377942,5.282712,8A,X121619_040_2
048,X121619,-8.65625,14.96336,24.53644,36.708,3,2.304417,0.9891304,0.04054054,8.857344,2.328238,3.804313,46v,X121619_048_3
053,X121619,-8.28125,6.82349,30.01178,33.973,1,2.520843,0.9982374,0.004112808,16.78495,1.563283,10.73699,6DR,X121619_053_1
066,X121619,-6.5625,19.42293,21.68415,35.498,3,4.142397,0.9923619,0.01204465,12.34167,1.661634,7.427431,8A,X121619_066_3
070,X121619,-8.96875,13.58951,25.39633,33.683,3,1.956368,0.9929495,0.009694478,7.356241,1.620059,4.540724,46d,X121619_070_3
086,X121619,-7.25,6.14572,31.37912,29.468,2,3.117538,0.9482961,0.01792009,9.369483,1.452859,6.448995,6DR,X121619_086_2
086,X121619,-7.25,6.14572,31.37912,29.468,3,3.767376,0.9482961,0.01028202,12.85334,1.733712,7.41377,6DR,X121619_086_3
091,X121619,-7.375,16.6456,24.0689,31.738,3,1.28177,0.9944183,0.01968273,9.069125,1.354297,6.696556,8A,X121619_091_3
094,X121619,-10.25,11.29902,25.74204,29.748,3,1.293195,0.9929495,0.08137485,8.307961,1.218742,6.816834,8A,X121619_094_3
097,X121619,-6.875,7.69072,31.13004,28.348,1,15.96637,0.9430082,0.06051704,5.670965,1.175057,4.82612,6DR,X121619_097_1
097,X121619,-6.875,7.69072,31.13004,28.348,4,21.28066,0.9826674,0.02555817,10.04062,1.246128,8.057459,6DR,X121619_097_4
099,X121619,-6.9375,4.68782,31.98924,27.423,3,0.4795403,0.9967685,0.002643948,9.543659,2.679789,3.561347,6DR,X121619_099_3
101,X121619,-8.4375,20.27318,19.67291,31.533,2,0.5692286,0.960047,0.0008813161,13.02521,1.74834,7.450045,6VaVb,X121619_101_2
109,X121619,-7.3125,7.43542,30.39299,26.314,2,5.817124,0.972973,0.04641598,8.327772,1.553219,5.361621,6DR,X121619_109_2
109,X121619,-7.3125,7.43542,30.39299,26.314,5,0.3998748,0.8971798,0,26.93694,2.491933,10.80966,6DR,X121619_109_5
112,X121619,-7,3.88376,32.17498,26.091,3,10.30996,0.9838426,0.007638073,7.365562,1.236729,5.95568,6DR,X121619_112_3
119,X121619,-7,11.1,29.10988,24.334,2,6.877843,0.9970623,0.04465335,8.577065,1.861441,4.607756,6DC,X121619_119_2
125,X121619,-9,2.46728,30.6362,25.013,3,16.17097,0.9515276,0.1060517,6.11807,1.307492,4.679239,6DC,X121619_125_3
129,X121619,-6.4375,12.70183,28.99343,22.983,2,12.48853,0.9738543,0.01351351,7.385043,1.271795,5.806785,6DC,X121619_129_2
129,X121619,-6.4375,12.70183,28.99343,22.983,4,16.987,0.9700353,0.01880141,6.934493,1.038052,6.680292,6DC,X121619_129_4
132,X121619,-7.6875,8.5963,29.74024,22.317,2,3.819755,0.9662162,0.1316099,5.539657,1.795518,3.085269,6DC,X121619_132_2
133,X121619,-7.3125,7.40202,31.06162,21.846,2,5.028229,0.9814923,0.04964747,7.374609,1.582384,4.660442,6DC,X121619_133_2
133,X121619,-7.3125,7.40202,31.06162,21.846,3,0.1349303,0.9888366,0.07902468,9.120971,1.57101,5.8058,6DC,X121619_133_3
134,X121619,-5.9375,6.218,32.5354,21.516,1,14.50721,0.9582844,0.2303173,5.946525,1.00684,5.906127,6DC,X121619_134_1
134,X121619,-5.9375,6.218,32.5354,21.516,4,6.932126,0.9582844,0.02056404,7.114951,1.156682,6.151173,6DC,X121619_134_4
134,X121619,-5.9375,6.218,32.5354,21.516,6,8.281878,0.987074,0.01321974,17.29762,1.886935,9.167048,6DC,X121619_134_6
141,X121619,-6.5,11.711,29.72505,21.27,1,6.646359,0.9847239,0.01674501,9.939607,1.401743,7.090889,6DC,X121619_141_1
142,X121619,-6.3125,10.41305,30.1535,20.825,2,0.5006152,1,0.003525264,18.32261,1.99906,9.165613,6DC,X121619_142_2
003,X121620,-8.34375,12.22816,23.56773,43.915,3,10.51462,0.974148,0.1113396,6.101046,1.541733,3.957264,12r,X121620_003_3
003,X121620,-8.34375,12.22816,23.56773,43.915,4,0.05213336,0.9700353,0.001175088,12.57586,2.001244,6.284021,12r,X121620_003_4
004,X121620,-10.90625,11.43744,22.02324,43.49,3,3.893871,0.9662162,0.06521739,9.020731,1.751852,5.149254,12m,X121620_004_3
004,X121620,-10.90625,11.43744,22.02324,43.49,6,0.5358226,0.9923619,0.01116334,15.973,1.595471,10.01147,12m,X121620_004_6
006,X121620,-12.46875,9.0435,21.92275,43.53,2,0.4009863,0.9829612,0.002056404,14.39696,3.309778,4.349827,11ml,X121620_006_2
006,X121620,-12.46875,9.0435,21.92275,43.53,5,0.2905659,0.9829612,0.0005875441,19.4523,3.373728,5.765819,11ml,X121620_006_5
012,X121620,-11,12.56,22.2121,42.275,3,1.453551,0.9985312,0.01645123,11.07347,2.238227,4.94743,12m,X121620_012_3
020,X121620,-11.8125,13.635,21.2522,41.36,3,1.716323,0.9944183,0.01175088,14.01543,1.636089,8.566423,12m,X121620_020_3
030,X121620,-13.875,11.95196,20.428,39.76,4,0.1134696,1,0,28.89645,3.299826,8.75696,13l,X121620_030_4
030,X121620,-13.875,11.95196,20.428,39.76,8,1.150096,0.9062867,0.002350176,11.6119,1.921142,6.044271,13l,X121620_030_8
033,X121620,-17.9375,7.521,19.2231,38.96,6,0.1256773,0.9961278,0,20.71181,2.094928,9.886648,13m,X121620_033_6
034,X121620,-18.5,5.95625,19.16375,38.75,2,6.607174,0.9955934,0.01351351,11.81811,1.448468,8.159041,13m,X121620_034_2
048,X121620,-14.25,15.29068,19.08372,37.548,1,5.5141,0.9762045,0.02820211,10.15961,1.675118,6.065011,12o,X121620_048_1
050,X121620,-16.875,11.55235,18.54075,36.463,4,0.4832139,0.9941245,0.006462985,10.99164,2.813347,3.906961,13l,X121620_050_4
050,X121620,-16.875,11.55235,18.54075,36.463,5,0.8240827,0.9944183,0.001175088,14.63689,2.497696,5.860157,13l,X121620_050_5
051,X121620,-19.21875,10.1964,17.355,36.288,5,3.973183,0.9917744,0.02379553,11.42533,1.573706,7.26014,13l,X121620_051_5
055,X121620,-10.15625,19.12378,18.56648,37.563,3,5.119605,0.9653349,0.0199765,9.854386,2.18126,4.517749,12l,X121620_055_3
057,X121620,-14.625,16.47195,17.13461,37.018,3,3.762352,0.9982374,0.008519389,15.51874,2.786369,5.569523,12o,X121620_057_3
060,X121620,-17.21875,12.64572,18.37979,35.758,2,2.783343,0.9770858,0.03202115,10.10866,2.635185,3.836033,AI,X121620_060_2
066,X121620,-13.21875,19.56686,15.1703,36.608,2,0.2978487,0.9732667,0,20.72886,2.220474,9.335331,12o,X121620_066_2
066,X121620,-13.21875,19.56686,15.1703,36.608,3,5.29804,0.9685664,0.04024677,7.882067,2.05897,3.82816,12o,X121620_066_3
067,X121620,-16.1875,18.02127,13.82197,36.318,5,7.411112,0.9750293,0.0199765,7.302425,2.105118,3.468891,12o,X121620_067_5
070,X121620,-18.34375,13.83248,16.03984,35.048,5,1.86742,0.9908931,0.01792009,9.562108,1.201645,7.957516,AI,X121620_070_5
071,X121620,-19.15625,12.02642,16.58004,34.118,3,2.696524,0.9958872,0.01175088,12.14903,1.664413,7.299285,AI,X121620_071_3
072,X121620,-20.1875,10.83504,16.75672,33.928,5,0.1846956,0.9949846,0.0005875441,15.3437,1.644087,9.332656,AI,X121620_072_5
073,X121620,-22.4375,9.9546,15.1731,34.038,2,0.6943648,0.9938308,0,13.17784,2.659942,4.954182,AI,X121620_073_2
083,X121620,-23.28125,10.165,13.50168,32.668,1,4.802668,0.9997062,0.01733255,11.44765,1.666481,6.869353,AI,X121620_083_1
088,X121620,-23.53125,3.51774,16.02892,31.218,3,3.670992,0.9823737,0.01645123,11.40902,2.227188,5.12261,cd,X121620_088_3
095,X121620,-24.65625,9.5886,12.1976,31.488,2,6.846825,0.985899,0.08049354,9.563148,1.956922,4.886831,AI,X121620_095_2
096,X121620,-21.84375,8.6343,15.66712,30.808,2,9.389059,0.9306698,0.1474736,6.518303,1.523164,4.27945,pu,X121620_096_2
096,X121620,-21.84375,8.6343,15.66712,30.808,4,5.832195,0.9474148,0.01233843,7.616339,1.784258,4.268631,pu,X121620_096_4
097,X121620,-17.21875,7.7188,20.9226,29.788,4,9.84165,0.9847239,0.05111633,9.906976,1.399067,7.081128,cd,X121620_097_4
104,X121620,-15.3125,14.63158,18.1649,31.488,6,1.897099,0.9914806,0.009988249,8.856475,1.347755,6.571279,45,X121620_104_6
109,X121620,-15.21875,7.35238,22.69211,27.154,3,3.646691,0.9952996,0.0005875441,13.43544,2.924489,4.594115,cd,X121620_109_3
119,X121620,-32.21875,11.1,3.91932,25.204,2,0.08521106,0.9976498,0.004406581,14.80732,4.195989,3.528922,AMG,X121620_119_2
135,X121620,-17.34375,4.29514,21.94396,24.753,6,1.48169,0.9750293,0.03584019,7.157589,2.111145,3.390383,cd,X121620_135_6
138,X121620,-28.5625,14.6758,5.54468,22.106,6,2.423227,0.9676851,0.05317274,8.401351,2.712279,3.097525,AMG,X121620_138_6
138,X121620,-28.5625,14.6758,5.54468,22.106,7,1.491326,0.9856052,0.02408931,14.76821,1.784395,8.276315,AMG,X121620_138_7
142,X121620,-34,10.58927,2.3345,21.815,8,1.71975,0.9976498,0.001762632,13.93389,1.68535,8.267653,AMG,X121620_142_8
146,X121620,-15.875,5.53442,22.8033,21.003,2,9.703234,0.9512339,0.1695065,5.962377,1.630829,3.656041,24c,X121620_146_2
147,X121620,-14.65625,3.92324,25.03832,22.879,3,8.470702,0.9841363,0.005581669,6.318876,1.224585,5.160015,24c,X121620_147_3
151,X121620,-30.53125,12.11211,5.11561,20.18635,3,0.3081455,1,0,27.13987,3.255632,8.336283,AMG,X121620_151_3
154,X121620,-23.25,9.372,14.30112,19.466,1,23.37367,0.9923619,0.01586369,5.118601,0.9644393,5.307333,pu,X121620_154_1
154,X121620,-23.25,9.372,14.30112,19.466,9,33.9392,0.9985312,0.01086957,6.665524,1.128831,5.904804,pu,X121620_154_9
157,X121620,-15.1875,5.98392,24.21884,19.11,4,0.8444095,0.9997062,0.002350176,14.84315,1.844242,8.048373,24c,X121620_157_4
003,X121719,-6.625,12.32128,25.25409,43.735,2,0.2987672,0.9967685,0,23.24631,3.803241,6.112236,12r,X121719_003_2
003,X121719,-6.625,12.32128,25.25409,43.735,3,2.530978,0.9691539,0.01233843,9.148617,1.681734,5.43999,12r,X121719_003_3
006,X121719,-8.34375,9.108,26.0395,43.03,3,1.150061,0.8833725,0.01204465,9.853809,1.312368,7.508419,46d,X121719_006_3
006,X121719,-8.34375,9.108,26.0395,43.03,4,5.919384,0.9662162,0.02115159,7.373845,1.909979,3.860695,46d,X121719_006_4
011,X121719,-7.5625,13.489,24.71863,42.19,2,10.32365,0.9691539,0.02027027,8.670418,2.785122,3.113119,46v,X121719_011_2
012,X121719,-7.96875,12.56,25.30186,41.915,2,0.5573688,0.9944183,0.001762632,15.27923,2.273435,6.720771,46v,X121719_012_2
013,X121719,-6.59375,10.732,27.50122,41.705,3,1.508593,0.9947121,0.1025264,8.865701,1.231617,7.198425,46d,X121719_013_3
015,X121719,-9.625,7.87358,26.05875,41.26,2,1.490349,0.9964747,0.02027027,10.47538,1.701926,6.155014,46df,X121719_015_2
018,X121719,-6.65625,15.35219,24.20458,41.355,3,3.380744,0.9964747,0.008519389,12.49593,1.744405,7.163433,12l,X121719_018_3
022,X121719,-7.03125,10.01486,28.14136,39.84,3,1.223509,0.9923619,0.01380729,9.473391,1.567303,6.044389,46d,X121719_022_3
025,X121719,-6.3125,5.57476,31.16712,38.34,2,0.1171667,1,0.002056404,17.13378,2.090434,8.196277,8B,X121719_025_2
027,X121719,-7.21875,15.90649,23.06642,40.385,3,1.072742,0.9955934,0.05141011,9.339293,1.333556,7.0033,12l,X121719_027_3
031,X121719,-7.59375,10.3858,27.5914,38.5,3,0.7169542,0.9447709,0.001762632,23.89377,2.00993,11.88786,8B,X121719_031_3
036,X121719,-7.65625,17.40626,21.89104,39.318,2,1.356114,0.9905993,0.003525264,13.93103,1.660777,8.388257,12l,X121719_036_2
036,X121719,-7.65625,17.40626,21.89104,39.318,4,3.437001,0.9826674,0.1001763,8.739868,1.527472,5.721784,12l,X121719_036_4
040,X121719,-8.46875,11.23842,26.7345,36.938,2,6.11111,0.9691539,0.07520564,7.307008,1.577971,4.630636,8A,X121719_040_2
047,X121719,-7.15625,16.11889,24.82506,36.963,1,17.92433,0.956228,0.0525852,6.005828,1.347196,4.458019,46v,X121719_047_1
052,X121719,-9.03125,8.38297,28.36635,34.558,3,0.1341835,1,0.0005875441,20.1802,2.001581,10.08213,6DR,X121719_052_3
053,X121719,-8.28125,6.82349,30.01178,33.973,3,2.560674,0.9988249,0.005287896,14.70204,1.627234,9.03499,6DR,X121719_053_3
053,X121719,-8.28125,6.82349,30.01178,33.973,4,3.285231,0.9905993,0.008813161,7.221913,1.426018,5.064391,6DR,X121719_053_4
054,X121719,-7.28125,5.277,31.15775,33.763,3,2.351404,0.9920682,0.01145711,10.2943,1.488112,6.917695,6DR,X121719_054_3
065,X121719,-7.78125,4.56344,31.27883,32.048,3,1.885722,0.9950058,0.07961222,8.682082,1.154011,7.523393,6DR,X121719_065_3
066,X121719,-6.8125,19.42682,21.5081,35.528,3,6.306805,0.9882491,0.02115159,10.01968,1.242619,8.063358,8A,X121719_066_3
080,X121719,-9.5,15.2592,23.399,32.788,2,5.755137,0.9938308,0.1104583,9.296161,1.389137,6.69204,46v,X121719_080_2
088,X121719,-6.0625,3.13219,33.29452,28.743,1,16.89126,0.9679788,0.02144536,8.140574,1.594247,5.106218,6DR,X121719_088_1
097,X121719,-7.125,7.6915,30.8465,28.388,3,16.81827,0.9944183,0.1066393,8.214581,1.072298,7.660726,6DR,X121719_097_3
097,X121719,-7.125,7.6915,30.8465,28.388,5,12.68365,0.9964747,0.009988249,8.986801,1.105718,8.127571,6DR,X121719_097_5
098,X121719,-8.125,6.23256,30.45978,28.058,3,0.7111535,0.9882491,0.03407755,8.121524,1.342063,6.05152,6DR,X121719_098_3
099,X121719,-7.1875,4.69016,31.69012,27.468,2,15.89961,0.9647474,0.01586369,7.156266,2.295602,3.117381,6DR,X121719_099_2
101,X121719,-8.6875,20.27712,19.49544,31.568,3,0.6184279,1,0.00146886,24.62465,2.741429,8.982414,6VaVb,X121719_101_3
116,X121719,-9.375,14.85956,24.81462,25.81,2,1.600474,0.9926557,0.004994125,9.844187,1.573581,6.255913,6DC,X121719_116_2
121,X121719,-7.625,8.47518,29.93278,23.815,2,5.135952,0.9980639,0.002643948,12.46622,1.559126,7.995648,6DC,X121719_121_2
133,X121719,-7.8125,7.4288,30.2668,21.876,2,27.05645,0.9888366,0.01880141,7.601533,1.111633,6.83817,6DC,X121719_133_2
134,X121719,-6.4375,6.2354,32.12996,21.531,3,5.696733,0.9820799,0.06551117,8.508023,1.220405,6.971473,6DC,X121719_134_3
142,X121719,-6.8125,10.41572,29.732,20.84,2,37.89119,0.976792,0.02967098,7.726788,1.29836,5.951193,6DC,X121719_142_2
143,X121719,-7.5,9.07903,29.40259,20.98,3,0.7292426,0.983255,0.009988249,17.52679,1.892969,9.258889,6DC,X121719_143_3
143,X121719,-7.5,9.07903,29.40259,20.98,4,0.7354439,0.983255,0.001175088,17.97274,2.269143,7.920494,6DC,X121719_143_4
144,X121719,-7.375,7.73309,30.90855,20.44193,3,1.359262,0.9776734,0.0005875441,19.40283,1.952212,9.938896,6DC,X121719_144_3
144,X121719,-7.375,7.73309,30.90855,20.44193,4,0.5555977,0.9776734,0.002056404,16.11024,1.572084,10.24769,6DC,X121719_144_4
003,X121819,-6.625,12.32128,25.25409,43.735,3,2.008832,0.9926557,0.00293772,13.37706,2.396227,5.582552,12r,X121819_003_3
004,X121819,-8.5,11.522,24.401,43.28,3,3.702865,0.9803173,0.08313748,7.723701,1.691537,4.566085,12r,X121819_004_3
011,X121819,-7.625,13.487,24.6099,42.2,4,2.288208,0.9641598,0.002350176,12.31263,1.486808,8.281252,12r,X121819_011_4
011,X121819,-7.625,13.487,24.6099,42.2,5,4.340963,0.9641598,0.01351351,9.570687,1.478183,6.47463,12r,X121819_011_5
012,X121819,-8.03125,12.56,25.17312,41.93,3,0.4177946,0.9958872,0.02350176,12.98602,1.687773,7.694174,46v,X121819_012_3
013,X121819,-6.65625,10.73,27.36248,41.72,2,16.78295,0.9579906,0.1092832,5.591009,1.086048,5.148031,46d,X121819_013_2
013,X121819,-6.65625,10.73,27.36248,41.72,4,0.4180383,0.9982374,0.01850764,11.09851,1.664196,6.668995,46d,X121819_013_4
015,X121819,-9.625,7.87358,26.05875,41.26,1,10.0286,0.9829612,0.0005875441,11.11156,1.991313,5.580019,46df,X121819_015_1
015,X121819,-9.625,7.87358,26.05875,41.26,4,1.261046,0.9988249,0.005875441,12.45227,1.446351,8.609437,46df,X121819_015_4
018,X121819,-6.71875,15.35219,24.20458,41.355,3,7.639352,0.9988249,0.002056404,12.1243,2.02309,5.992961,12l,X121819_018_3
022,X121819,-7.03125,10.01486,28.14136,39.84,1,11.06628,0.9309636,0.05229142,6.054414,1.716032,3.528147,46d,X121819_022_1
022,X121819,-7.03125,10.01486,28.14136,39.84,4,1.204931,0.9803173,0.01145711,9.584518,1.743752,5.496493,46d,X121819_022_4
024,X121819,-6.84375,7.029,29.75528,38.9,2,2.230499,0.9623972,0.07961222,8.403385,1.24937,6.726098,8B,X121819_024_2
024,X121819,-6.84375,7.029,29.75528,38.9,3,0.2789553,0.8907168,0.01145711,12.12124,1.42177,8.525456,8B,X121819_024_3
024,X121819,-6.84375,7.029,29.75528,38.9,5,0.2087366,0.996181,0.0008813161,24.49559,2.342115,10.45875,8B,X121819_024_5
036,X121819,-7.65625,17.40626,21.89104,39.318,3,0.4820938,0.9970623,0.02144536,11.56256,1.616102,7.154603,12l,X121819_036_3
046,X121819,-7.59375,17.59854,22.23646,37.868,3,8.074349,0.880141,0.09341951,6.296367,1.900638,3.312765,12l,X121819_046_3
048,X121819,-8.90625,14.97505,24.3417,36.738,2,5.683243,1,0.002643948,15.82915,2.709082,5.842993,46v,X121819_048_2
048,X121819,-8.90625,14.97505,24.3417,36.738,4,1.103568,0.9809048,0.007050529,7.817352,1.399449,5.586022,46v,X121819_048_4
052,X121819,-9.03125,8.38297,28.36635,34.558,3,0.08702167,1,0.0005875441,16.05212,3.103125,5.172888,6DR,X121819_052_3
053,X121819,-8.28125,6.82349,30.01178,33.973,3,2.357905,0.989718,0.04612221,6.460145,1.430898,4.514748,6DR,X121819_053_3
053,X121819,-8.28125,6.82349,30.01178,33.973,4,2.305881,0.9944183,0.01321974,12.79642,1.262383,10.13672,6DR,X121819_053_4
057,X121819,-8.96875,16.31935,22.84913,36.178,3,1.792627,0.9933397,0.005287896,10.46933,1.358678,7.705523,46v,X121819_057_3
059,X121819,-8.46875,13.24944,25.70516,35.148,3,0.2468527,0.9908931,0.005581669,17.04311,1.723772,9.887105,8A,X121819_059_3
059,X121819,-8.46875,13.24944,25.70516,35.148,4,0.4845032,0.987074,0.00293772,10.44516,1.56687,6.666261,8A,X121819_059_4
065,X121819,-7.84375,4.5798,31.0171,32.088,3,1.142762,0.9951892,0.05846063,7.338799,1.373656,5.34253,6DR,X121819_065_3
074,X121819,-8.84375,7.93724,29.34088,31.668,3,4.139659,0.9694477,0.07226792,6.324872,1.915511,3.301923,6DR,X121819_074_3
078,X121819,-8.4375,18.4996,20.9532,34.288,3,2.93101,0.9964747,0.01850764,11.00965,1.743017,6.31643,8A,X121819_078_3
086,X121819,-7.5,6.1535,31.08,29.513,3,4.75325,1,0,19.03434,2.083375,9.136299,6DR,X121819_086_3
088,X121819,-6.0625,3.13219,33.29452,28.743,2,6.530402,0.9459459,0.05757932,7.194439,1.373092,5.23959,6DR,X121819_088_2
088,X121819,-6.0625,3.13219,33.29452,28.743,3,1.626917,0.9926557,0.008813161,11.28912,1.389534,8.124391,6DR,X121819_088_3
091,X121819,-7.875,16.65184,23.58596,31.828,3,0.2149258,0.9929495,0.02643948,9.066533,1.687588,5.372481,8A,X121819_091_3
096,X121819,-8,8.8137,29.35488,28.968,1,34.23088,0.9864865,0.07726204,6.496606,1.659881,3.913898,6DR,X121819_096_1
097,X121819,-7.375,7.69228,30.56296,28.428,2,7.817065,1,0,17.02902,1.96923,8.647552,6DR,X121819_097_2
101,X121819,-8.8125,20.28106,19.31797,31.603,1,9.797409,0.972973,0.09018801,7.372418,1.575796,4.678535,6VaVb,X121819_101_1
101,X121819,-8.8125,20.28106,19.31797,31.603,4,4.528172,0.9759107,0.007931845,7.915259,1.372729,5.766077,6VaVb,X121819_101_4
109,X121819,-7.8125,7.43196,30.07212,26.349,1,10.55019,0.9888366,0.0252644,8.219824,1.37295,5.98698,6DR,X121819_109_1
127,X121819,-7.5,15.07928,26.80378,23.194,3,5.189894,0.9723854,0.06521739,7.628443,1.296736,5.882806,6VaVb,X121819_127_3
131,X121819,-7.5625,10.2062,28.9556,22.637,3,0.268335,0.9944183,0.008813161,10.71895,3.082088,3.477821,6DC,X121819_131_3
134,X121819,-6.9375,6.2528,31.72452,21.546,1,28.39012,0.9976498,0.003525264,11.43774,1.014994,11.26878,6DC,X121819_134_1
142,X121819,-7.3125,10.41839,29.3105,20.855,1,5.409886,0.9876616,0.03437133,7.787109,2.014152,3.866197,6DC,X121819_142_1
143,X121819,-8,9.0884,29.0092,21,1,31.04727,0.9582844,0.04553467,6.681642,1.025653,6.514528,6DC,X121819_143_1
143,X121819,-8,9.0884,29.0092,21,3,6.601608,0.9829612,0.01028202,9.16839,1.351119,6.785774,6DC,X121819_143_3
003,X121820,-8.375,12.22816,23.56773,43.915,2,0.2037497,0.9735605,0.00293772,6.704267,2.27,2.953421,12r,X121820_003_2
004,X121820,-10.90625,11.43744,22.02324,43.49,3,0.507943,0.9988249,0.01410106,13.90845,1.674272,8.307162,12m,X121820_004_3
006,X121820,-12.53125,9.04092,21.75808,43.55,2,12.45188,0.9682726,0.05405406,6.522712,1.947081,3.349995,11ml,X121820_006_2
006,X121820,-12.53125,9.04092,21.75808,43.55,5,0.3935317,0.9988249,0.004700352,20.67687,2.012816,10.27261,11ml,X121820_006_5
020,X121820,-11.8125,13.635,21.2522,41.36,3,3.461967,0.9991187,0.01850764,10.52905,1.85595,5.673133,12m,X121820_020_3
034,X121820,-18.5,5.95625,19.16375,38.75,1,7.792517,0.9712104,0.0005875441,7.272159,1.622562,4.481899,13m,X121820_034_1
037,X121820,-10.59375,15.98693,21.1022,38.968,1,5.501767,0.9759107,0.07902468,7.80092,1.50753,5.174635,12o,X121820_037_1
037,X121820,-10.59375,15.98693,21.1022,38.968,4,0.4974993,0.9759107,0.01057579,11.96049,1.568893,7.623522,12o,X121820_037_4
039,X121820,-14.0625,12.92876,20.0558,38.088,3,0.6758393,0.9938308,0.01586369,12.20837,1.633292,7.474701,13l,X121820_039_3
043,X121820,-20.59375,7.04987,17.37108,37.163,5,0.7990048,0.9944183,0.02291422,16.12194,2.594118,6.214805,13m,X121820_043_5
048,X121820,-14.28125,15.29068,19.08372,37.548,3,1.250934,0.9982374,0.0008813161,11.95729,1.407498,8.495422,12o,X121820_048_3
048,X121820,-14.28125,15.29068,19.08372,37.548,6,0.05775613,0.9917696,0.004112808,22.08461,2.483052,8.894135,12o,X121820_048_6
050,X121820,-16.90625,11.55235,18.54075,36.463,4,0.5625535,0.9908931,0.002643948,9.429503,1.193108,7.90331,13l,X121820_050_4
051,X121820,-19.25,10.20263,17.1182,36.318,3,3.785104,0.9926557,0.06286722,9.493984,1.608256,5.90328,13l,X121820_051_3
054,X121820,-23.3125,5.82348,15.34169,35.653,3,2.700234,0.9744418,0.01968273,4.757029,1.175897,4.045448,13m,X121820_054_3
055,X121820,-10.15625,19.12378,18.56648,37.563,6,9.13741,0.9679788,0.04171563,8.445264,1.818205,4.644836,12l,X121820_055_6
057,X121820,-14.625,16.47195,17.13461,37.018,3,6.768781,0.9485899,0.05934195,7.122788,1.193821,5.96638,12o,X121820_057_3
057,X121820,-14.625,16.47195,17.13461,37.018,4,4.433167,0.9885429,0.0146886,14.36372,1.885015,7.61995,12o,X121820_057_4
057,X121820,-14.625,16.47195,17.13461,37.018,5,3.491479,0.9744418,0.02790834,9.560062,1.694346,5.642331,12o,X121820_057_5
058,X121820,-16.15625,15.01294,16.96992,36.728,1,18.80516,0.9982374,0.02262045,10.0028,1.667276,5.999486,12o,X121820_058_1
060,X121820,-17.25,12.64572,18.37979,35.758,3,3.065421,0.9206815,0.01703878,7.34705,1.828988,4.017004,AI,X121820_060_3
061,X121820,-17.96875,11.21096,18.94876,35.153,3,2.381477,0.9829612,0.1119271,8.779294,2.870774,3.058163,AI,X121820_061_3
062,X121820,-21.15625,9.9134,16.57094,35.293,1,0.2466577,0.9928426,0.001762632,19.21087,1.984432,9.68079,13l,X121820_062_1
063,X121820,-23.65625,8.6071,14.70575,35.213,5,2.133713,0.9811986,0.04230317,9.569164,2.078502,4.603876,13l,X121820_063_5
066,X121820,-13.21875,19.56686,15.1703,36.608,3,2.66018,0.9814923,0.007344301,6.868274,1.867945,3.676915,12o,X121820_066_3
067,X121820,-16.1875,18.02127,13.82197,36.318,2,4.633868,0.9779671,0.0199765,6.464854,1.586546,4.074798,12o,X121820_067_2
068,X121820,-17.4375,16.86025,14.0988,35.938,3,6.273996,0.9782609,0.01175088,8.604369,2.39332,3.595161,12o,X121820_068_3
072,X121820,-20.25,10.83504,16.75672,33.928,3,2.723684,0.9829612,0.06110458,8.026587,2.107852,3.807946,AI,X121820_072_3
072,X121820,-20.25,10.83504,16.75672,33.928,5,0.5185364,0.9876616,0.0005875441,26.25072,2.659047,9.87223,AI,X121820_072_5
073,X121820,-22.46875,9.9546,15.1731,34.038,6,4.115739,0.9820799,0.01556992,8.743076,2.33856,3.738659,AI,X121820_073_6
078,X121820,-16.125,18.78004,13.38168,35.548,3,0.09394825,0.9985312,0.001762632,10.7772,1.494873,7.209441,12o,X121820_078_3
087,X121820,-21,5.03138,18.23995,31.083,3,1.360903,0.9964747,0.02467685,9.134503,1.343211,6.800496,cd,X121820_087_3
088,X121820,-23.59375,3.51774,16.02892,31.218,5,3.795646,0.9800235,0.01204465,7.596184,2.202814,3.4484,cd,X121820_088_5
095,X121820,-24.6875,9.5886,12.1976,31.488,2,6.436781,0.9891304,0.003819037,12.79597,2.307609,5.54512,AI,X121820_095_2
097,X121820,-17.34375,7.71958,20.63906,29.828,2,16.59769,0.9594595,0.09224442,7.012856,1.401386,5.004229,cd,X121820_097_2
097,X121820,-17.34375,7.71958,20.63906,29.828,3,4.669276,0.9679788,0.02173913,11.52003,1.618756,7.11659,cd,X121820_097_3
097,X121820,-17.34375,7.71958,20.63906,29.828,4,3.630396,0.9744418,0.01703878,8.402678,1.413181,5.945933,cd,X121820_097_4
098,X121820,-19.875,6.29184,18.73792,29.768,2,2.660798,0.9668038,0.05141011,7.461137,2.122689,3.514946,cd,X121820_098_2
104,X121820,-15.5625,14.62467,17.92335,31.538,3,6.016121,0.9785547,0.003819037,8.759838,2.090015,4.19128,45,X121820_104_3
120,X121820,-32.4375,9.5062,4.5892,25.534,2,14.20769,0.9274383,0.1045828,5.128681,1.248454,4.108025,AMG,X121820_120_2
122,X121820,-19.8125,7.48098,18.12976,23.871,3,2.179182,0.9656287,0.01733255,7.957651,2.6092,3.049844,cd,X121820_122_3
123,X121820,-22.84375,5.94474,16.33882,27.213,3,0.7856525,0.9888366,0.08607521,8.505153,2.653276,3.205529,cd,X121820_123_3
130,X121820,-32.25,11.13,3.7328,23.428,3,0.9818549,0.993537,0.0005875441,8.537742,2.916541,2.927352,AMG,X121820_130_3
132,X121820,-33.75,8.928,3.7734,23.557,1,4.556089,0.956228,0.1242656,6.981014,1.81224,3.852146,AMG,X121820_132_1
138,X121820,-28.59375,14.6758,5.54468,22.106,3,1.439662,0.9829612,0.0126322,8.95139,3.07459,2.911409,AMG,X121820_138_3
138,X121820,-28.59375,14.6758,5.54468,22.106,4,0.4430518,0.9970623,0.004700352,17.32862,1.82518,9.494194,AMG,X121820_138_4
140,X121820,-33.25,12.47366,2.54994000000001,22.055,1,20.09376,0.9518214,0.04788484,5.083571,1.155622,4.398993,AMG,X121820_140_1
142,X121820,-34.0625,10.58927,2.3345,21.815,4,9.310818,0.9976498,0.007931845,8.966713,1.324655,6.769092,AMG,X121820_142_4
142,X121820,-34.0625,10.58927,2.3345,21.815,5,5.168999,0.9803173,0.01527615,5.767129,0.9619824,5.995047,AMG,X121820_142_5
145,X121820,-17.21875,6.58996,21.1067,20.723,3,3.832026,0.9973561,0.003819037,7.441065,1.51866,4.899758,cd,X121820_145_3
145,X121820,-17.21875,6.58996,21.1067,20.723,7,11.13835,0.96651,0.1938895,7.253199,1.070713,6.774177,cd,X121820_145_7
146,X121820,-15.9375,5.53442,22.8033,21.003,3,12.07017,0.9744418,0.06991775,6.686137,2.096611,3.189021,24c,X121820_146_3
151,X121820,-30.5625,12.11211,5.11561,20.18635,3,0.3180005,1,0.00146886,13.6683,1.887976,7.239657,AMG,X121820_151_3
153,X121820,-21.03125,10.2388,16.271,19.606,2,29.42344,0.89953,0.1186839,4.152622,0.9836884,4.221481,pu,X121820_153_2
157,X121820,-15.1875,5.98392,24.21884,19.11,3,0.7268186,0.9926557,0.02555817,10.14679,1.757438,5.773625,24c,X121820_157_3
019,X121919,-7.53125,14.5945,24.7835,41,3,0.9879221,0.9942071,0.00146886,12.21557,1.790075,6.824054,12l,X121919_019_3
022,X121919,-7.09375,10.01619,27.97594,39.86,5,1.156247,0.9938308,0.001175088,12.11159,1.549603,7.815931,46d,X121919_022_5
023,X121919,-7.59375,8.58413,28.22658,39.475,4,2.35775,0.9926557,0.02702703,8.680704,2.426217,3.577876,8B,X121919_023_4
026,X121919,-6.96875,16.94108,21.87412,40.76,4,2.761417,0.974148,0.02115159,7.477247,2.759104,2.710028,12l,X121919_026_4
031,X121919,-7.65625,10.3858,27.5914,38.5,4,0.8170386,0.9923619,0.01292597,10.5181,1.623078,6.480341,8B,X121919_031_4
038,X121919,-8.46875,14.2935,24.6535,38.138,5,5.182433,0.9468272,0.01850764,7.95803,1.613707,4.931522,46v,X121919_038_5
045,X121919,-8.28125,18.99898,20.00233,38.148,3,0.1032675,0.9970623,0.007638073,15.46325,2.736826,5.650066,12o,X121919_045_3
046,X121919,-7.65625,17.59854,22.23646,37.868,2,0.8982863,0.9947121,0.06257344,12.77145,1.619112,7.887938,12l,X121919_046_2
047,X121919,-7.28125,16.12512,24.66148,36.988,3,1.626521,0.9973561,0.005287896,13.82803,1.522518,9.082342,46v,X121919_047_3
052,X121919,-9.03125,8.38297,28.36635,34.558,5,0.05244103,1,0.004406581,14.91934,1.843571,8.092629,6DR,X121919_052_5
059,X121919,-8.65625,13.25723,25.47147,35.183,1,6.745161,0.8240306,0.04670975,8.154881,1.468787,5.55212,46d,X121919_059_1
059,X121919,-8.65625,13.25723,25.47147,35.183,5,1.247115,0.940658,0.008813161,10.57116,1.817671,5.815773,46d,X121919_059_5
059,X121919,-8.65625,13.25723,25.47147,35.183,6,11.85434,0.972973,0.01645123,5.591115,1.089638,5.131165,46d,X121919_059_6
086,X121919,-7.5,6.1535,31.08,29.513,3,7.525587,0.9723854,0.126322,6.764617,1.439391,4.699637,6DR,X121919_086_3
088,X121919,-6.1875,3.1392,32.9806,28.788,4,8.503686,0.9759107,0.003819037,9.434816,1.63077,5.785497,6DR,X121919_088_4
090,X121919,-7,18.21296,22.84792,32.008,4,19.15254,0.9594595,0.0220329,6.176818,1.244019,4.965214,8A,X121919_090_4
097,X121919,-7.375,7.69228,30.56296,28.428,1,21.31317,0.9424207,0.04612221,7.26108,1.498895,4.84429,6DR,X121919_097_1
099,X121919,-7.4375,4.6925,31.391,27.513,3,1.164418,0.9888366,0.01527615,9.591207,1.441474,6.65375,6DR,X121919_099_3
101,X121919,-8.875,20.28106,19.31797,31.603,4,3.074511,0.9894242,0.006169213,7.765604,1.249535,6.214794,6VaVb,X121919_101_4
101,X121919,-8.875,20.28106,19.31797,31.603,5,0.2562357,0.9817861,0.002643948,14.36342,1.750378,8.205895,6VaVb,X121919_101_5
101,X121919,-8.875,20.28106,19.31797,31.603,6,2.233984,0.9817861,0.008519389,9.22248,2.192705,4.205982,6VaVb,X121919_101_6
106,X121919,-8.4375,12.5016,26.9842,25.889,1,6.754668,0.9988249,0.004406581,15.0515,1.79762,8.373017,6DC,X121919_106_1
106,X121919,-8.4375,12.5016,26.9842,25.889,4,14.22162,0.9732667,0.03231492,7.512682,1.057345,7.105234,6DC,X121919_106_4
109,X121919,-8.0625,7.4285,29.75125,26.384,4,7.767709,0.9835488,0.1039953,8.723992,1.237251,7.051109,6DR,X121919_109_4
112,X121919,-7.625,3.89992,31.54016,26.171,4,18.33171,0.9917744,0.05287896,8.763083,1.426529,6.142941,6DR,X121919_112_4
118,X121919,-9.125,12.569,25.8664,24.902,2,12.0491,0.9747356,0.04788484,6.590191,1.102694,5.976448,6DC,X121919_118_2
118,X121919,-9.125,12.569,25.8664,24.902,5,11.43392,0.9726792,0.03789659,7.585907,1.159194,6.54412,6DC,X121919_118_5
129,X121919,-7.9375,12.68979,27.47259,23.023,3,0.1330129,0.9985312,0.008813161,15.76369,3.221877,4.892705,6DC,X121919_129_3
134,X121919,-7.4375,6.2702,31.31908,21.561,5,0.1447247,0.9994125,0.003525264,20.38912,2.030588,10.04099,6DC,X121919_134_5
141,X121919,-8,11.711,28.19965,21.31,6,8.855873,0.9626909,0.07285547,5.935077,1.264702,4.692866,6DC,X121919_141_6
142,X121919,-7.8125,10.42373,28.4675,20.885,3,1.090125,0.9941245,0.01028202,10.79218,1.877665,5.747662,6DC,X121919_142_3
143,X121919,-8.5,9.10714,28.22242,21.04,1,5.804999,0.9791422,0.02408931,8.290802,1.644048,5.04292,6DC,X121919_143_1
144,X121919,-8.375,7.76642,29.7519,20.50334,3,2.399156,0.9982374,0.008813161,10.84189,1.466726,7.391902,6DC,X121919_144_3
004,X122019,-8.65625,11.51596,24.23116,43.295,3,0.6895748,0.9956947,0.01028202,9.710116,1.6641,5.835056,12r,X122019_004_3
005,X122019,-7.03125,10.48319,26.37557,43.295,2,3.536237,0.9524089,0,17.16973,2.220699,7.731678,46d,X122019_005_2
011,X122019,-7.75,13.485,24.50117,42.21,3,14.16352,0.9788484,0.03848414,7.347619,1.353861,5.427159,12r,X122019_011_3
012,X122019,-8.21875,12.56,25.04438,41.945,3,1.403217,0.9720917,0.02790834,10.56301,2.157144,4.896755,46v,X122019_012_3
012,X122019,-8.21875,12.56,25.04438,41.945,4,3.842525,0.9720917,0.009694478,7.68032,1.380953,5.56161,46v,X122019_012_4
013,X122019,-6.78125,10.728,27.22374,41.735,3,7.215343,0.9656287,0.07931845,7.078476,1.65136,4.286453,46d,X122019_013_3
015,X122019,-9.75,7.87224,25.908,41.28,3,0.296824,0.9891304,0.008225617,11.71861,1.411133,8.304395,46df,X122019_015_3
015,X122019,-9.75,7.87224,25.908,41.28,4,0.1444478,0.9891304,0.005287896,18.17606,5.488249,3.311813,46df,X122019_015_4
018,X122019,-6.8125,15.35086,24.08852,41.37,3,1.732635,0.9918809,0.008519389,14.51876,2.022247,7.179519,12l,X122019_018_3
022,X122019,-7.15625,10.01619,27.97594,39.86,2,0.7416837,0.9905993,0.0220329,8.784071,2.573371,3.413449,46d,X122019_022_2
026,X122019,-6.96875,16.94108,21.87412,40.76,3,2.959374,0.9835488,0.007638073,8.674358,2.444717,3.548205,12l,X122019_026_3
027,X122019,-7.40625,15.9046,22.9448,40.4,4,4.630846,0.9994125,0.02790834,11.41676,1.874883,6.089322,12l,X122019_027_4
031,X122019,-7.78125,10.38647,27.40396,38.525,3,7.499853,0.9879553,0.04641598,7.429356,1.60422,4.631134,8B,X122019_031_3
036,X122019,-7.78125,17.41249,21.76796,39.333,3,3.488375,0.994766,0.02614571,10.72597,1.679231,6.387429,12l,X122019_036_3
040,X122019,-8.71875,11.24543,26.53275,36.963,1,7.441912,0.9985312,0.0005875441,7.352848,1.257516,5.84712,8A,X122019_040_1
040,X122019,-8.71875,11.24543,26.53275,36.963,5,7.801793,0.995984,0.01321974,11.89077,1.525799,7.793145,8A,X122019_040_5
047,X122019,-7.28125,16.12512,24.66148,36.988,3,1.87301,0.9465335,0.01321974,10.84052,1.49488,7.251765,46v,X122019_047_3
047,X122019,-7.28125,16.12512,24.66148,36.988,4,0.3015,0.9894242,0.004406581,8.557244,1.22267,6.998817,46v,X122019_047_4
047,X122019,-7.28125,16.12512,24.66148,36.988,5,2.863998,0.9465335,0.02497062,8.202593,1.523322,5.384675,46v,X122019_047_5
053,X122019,-8.40625,6.82349,30.01178,33.973,3,1.123368,0.9929495,0.003819037,11.33385,1.479773,7.65918,6DR,X122019_053_3
054,X122019,-7.40625,5.277,31.15775,33.763,3,21.43897,0.9568155,0.04171563,7.421438,1.377705,5.38681,6DR,X122019_054_3
059,X122019,-8.71875,13.25723,25.47147,35.183,2,11.60934,0.9941245,0.00293772,10.25762,1.26339,8.119124,46d,X122019_059_2
059,X122019,-8.71875,13.25723,25.47147,35.183,4,2.267012,0.9944183,0.02115159,11.10726,1.639856,6.773314,46d,X122019_059_4
070,X122019,-9.53125,13.60197,24.91651,33.753,2,6.126112,0.9744418,0.07549942,7.558078,1.418808,5.32706,46d,X122019_070_2
078,X122019,-8.5625,18.4996,20.9532,34.288,3,0.2893921,0.9994125,0.0008813161,16.33841,3.411547,4.789151,8A,X122019_078_3
079,X122019,-10.0625,16.81989,21.26476,33.393,3,4.114224,0.9673913,0.0693302,7.363508,1.835316,4.01212,45,X122019_079_3
086,X122019,-7.6875,6.1535,31.08,29.513,3,0.2759408,0.9955923,0.01821387,13.53524,1.413319,9.576918,6DR,X122019_086_3
088,X122019,-6.3125,3.1392,32.9806,28.788,3,17.4831,0.9579906,0.05699177,8.239585,1.615107,5.101573,6DR,X122019_088_3
089,X122019,-9.25,20.03406,18.6445,33.008,3,1.513773,0.9903055,0.005287896,9.79789,2.161016,4.533928,6VaVb,X122019_089_3
095,X122019,-8.625,10.11536,28.11636,29.148,3,8.627437,0.9579906,0.06639248,6.917194,1.425984,4.850822,8A,X122019_095_3
097,X122019,-7.5,7.69228,30.56296,28.428,2,5.017384,0.9991187,0.003231492,11.37947,1.543485,7.372587,6DR,X122019_097_2
101,X122019,-8.9375,20.28106,19.31797,31.603,3,1.36512,0.9873678,0.02027027,9.567344,1.895996,5.046077,6VaVb,X122019_101_3
101,X122019,-8.9375,20.28106,19.31797,31.603,4,2.862634,0.9826674,0.01116334,7.058558,1.217481,5.797672,6VaVb,X122019_101_4
101,X122019,-8.9375,20.28106,19.31797,31.603,6,0.1364298,0.9988249,0.0005875441,31.70813,2.623265,12.08728,6VaVb,X122019_101_6
106,X122019,-8.4375,12.5016,26.9842,25.889,2,6.120541,1,0.0005875441,13.02244,1.69939,7.663008,6DC,X122019_106_2
109,X122019,-8.3125,7.42504,29.43038,26.419,2,21.70206,0.9979436,0.003231492,9.302732,1.136583,8.184826,6DR,X122019_109_2
119,X122019,-8.5,11.1,27.3726,24.394,3,0.1853699,0.9961283,0.01145711,9.369689,1.533503,6.109992,6DC,X122019_119_3
134,X122019,-7.9375,6.305,30.5082,21.591,3,0.5252434,0.9979436,0.001175088,14.52207,2.661354,5.456646,6DC,X122019_134_3
011,X122120,-8.0625,13.479,24.17498,42.24,3,0.7428426,0.9932432,0.01527615,10.20969,1.794215,5.690336,12r,X122120_011_3
020,X122120,-11.8125,13.635,21.2522,41.36,3,1.762839,0.985899,0.004994125,10.40085,1.333904,7.797298,12m,X122120_020_3
020,X122120,-11.8125,13.635,21.2522,41.36,4,3.354169,0.9923619,0.0008813161,15.53041,1.3373,11.61325,12m,X122120_020_4
024,X122120,-16.625,7.129,20.21678,40.15,3,3.342892,0.985899,0.05787309,9.906346,1.329855,7.449192,11ml,X122120_024_3
029,X122120,-11.96875,13.98659,21.02307,40.04,3,3.996878,0.9612221,0.11604,6.430237,1.752569,3.669035,12m,X122120_029_3
030,X122120,-13.90625,11.95196,20.428,39.76,3,1.256345,0.9947121,0.005287896,10.23943,1.551065,6.601547,13l,X122120_030_3
034,X122120,-18.5,5.95625,19.16375,38.75,2,7.333166,0.9950058,0.01762632,12.87996,1.693443,7.605782,13m,X122120_034_2
043,X122120,-20.625,7.04987,17.37108,37.163,4,0.374563,0.9468272,0.006169213,9.625113,1.505624,6.392774,13m,X122120_043_4
043,X122120,-20.625,7.04987,17.37108,37.163,5,0.3757474,0.9468272,0.01909518,10.04252,1.743258,5.760773,13m,X122120_043_5
043,X122120,-20.625,7.04987,17.37108,37.163,7,1.990237,0.947121,0.0008813161,12.34518,2.30696,5.351277,13m,X122120_043_7
044,X122120,-20.8125,5.54735,17.83286,36.818,2,3.039091,0.9838426,0.02790834,8.650716,1.961117,4.411116,13m,X122120_044_2
050,X122120,-16.9375,11.55235,18.54075,36.463,2,0.661939,0.9985312,0.0126322,16.05076,1.509131,10.63576,13l,X122120_050_2
051,X122120,-19.25,10.20263,17.1182,36.318,3,0.1872642,0.9985312,0.004994125,16.87432,2.006974,8.40784,13l,X122120_051_3
052,X122120,-22.875,8.75054,14.7167,36.328,3,8.790579,0.9894242,0.0525852,7.880987,1.297152,6.07561,13m,X122120_052_3
056,X122120,-12.71875,17.6196,17.55878,37.238,3,7.635738,0.9911869,0.01968273,8.716938,1.354625,6.434945,12l,X122120_056_3
057,X122120,-14.625,16.47195,17.13461,37.018,3,4.949131,0.9756169,0.01028202,9.611573,1.587733,6.053646,12o,X122120_057_3
057,X122120,-14.625,16.47195,17.13461,37.018,5,11.9938,0.9964747,0.00146886,6.650026,1.229292,5.40964,12o,X122120_057_5
058,X122120,-16.15625,15.01294,16.96992,36.728,3,11.91416,0.9950058,0.007638073,9.059561,1.401716,6.463192,12o,X122120_058_3
059,X122120,-16.8125,13.52209,17.52601,36.373,2,8.01873,0.9715041,0.1451234,7.097275,1.9053,3.725017,12o,X122120_059_2
061,X122120,-18,11.21096,18.94876,35.153,3,0.07317387,0.9964747,0.003819037,26.82147,3.237813,8.283821,AI,X122120_061_3
061,X122120,-18,11.21096,18.94876,35.153,4,0.5968792,0.9857143,0.007931845,14.31876,1.841332,7.776305,AI,X122120_061_4
062,X122120,-21.15625,9.9134,16.57094,35.293,3,0.2160855,0.9532902,0,20.09176,2.181373,9.210606,13l,X122120_062_3
066,X122120,-13.28125,19.56686,15.1703,36.608,2,0.3241659,0.9829612,0.007050529,7.019536,1.316281,5.332854,12o,X122120_066_2
068,X122120,-17.46875,16.86025,14.0988,35.938,2,4.800019,0.8769095,0.02144536,8.68216,2.17564,3.990624,12o,X122120_068_2
071,X122120,-19.15625,12.02642,16.58004,34.118,3,2.306156,0.987074,0.01057579,9.980913,1.743068,5.726061,AI,X122120_071_3
072,X122120,-20.28125,10.83504,16.75672,33.928,3,0.7033792,0.9621034,0.005581669,12.76037,1.624873,7.85315,AI,X122120_072_3
074,X122120,-23.6875,8.77802,14.57674,33.828,3,7.096482,0.970329,0.1938895,6.838191,1.353197,5.053359,13m,X122120_074_3
077,X122120,-13.96875,19.78188,14.15346,35.758,2,1.338452,0.9841363,0.005875441,7.359227,1.310413,5.61596,12l,X122120_077_2
077,X122120,-13.96875,19.78188,14.15346,35.758,5,0.1313231,0.9953887,0.005287896,12.13801,3.768618,3.220812,12l,X122120_077_5
078,X122120,-16.15625,18.78004,13.38168,35.548,3,2.307002,0.993537,0.00146886,11.49065,2.150843,5.342396,12o,X122120_078_3
095,X122120,-24.6875,9.5886,12.1976,31.488,2,5.820438,0.9903055,0.003231492,11.48528,2.225587,5.16056,AI,X122120_095_2
097,X122120,-17.34375,7.71958,20.63906,29.828,2,2.149008,0.9259694,0.004406581,11.86557,1.924576,6.165287,cd,X122120_097_2
097,X122120,-17.34375,7.71958,20.63906,29.828,3,5.242473,0.9776734,0.005875441,11.04978,1.5591,7.08728,cd,X122120_097_3
098,X122120,-19.9375,6.29184,18.73792,29.768,3,5.832593,0.9823737,0.001175088,8.631926,1.760576,4.902897,cd,X122120_098_3
104,X122120,-15.5625,14.62467,17.92335,31.538,2,3.935168,0.9632785,0.01233843,7.178973,1.886285,3.805879,45,X122120_104_2
109,X122120,-15.28125,7.35238,22.69211,27.154,1,13.44633,0.9691539,0.0693302,5.843374,1.032595,5.658919,cd,X122120_109_1
109,X122120,-15.28125,7.35238,22.69211,27.154,6,11.16152,0.9926557,0.004406581,16.92012,1.527106,11.07986,cd,X122120_109_6
123,X122120,-22.90625,5.94474,16.33882,27.213,2,2.757498,0.9894242,0.002350176,8.288323,1.785824,4.641176,cd,X122120_123_2
138,X122120,-28.65625,14.6584,5.12719,22.111,3,2.803779,0.9691539,0.01880141,6.871915,1.924998,3.569831,AMG,X122120_138_3
138,X122120,-28.65625,14.6584,5.12719,22.111,4,0.3801922,0.9900118,0.004406581,13.87473,1.5111,9.181875,AMG,X122120_138_4
140,X122120,-33.3125,12.47366,2.54994000000001,22.055,3,19.0408,0.9659224,0.08108108,5.713075,1.242583,4.597742,AMG,X122120_140_3
142,X122120,-34.125,10.58927,2.3345,21.815,1,7.074705,0.980611,0.02144536,5.238541,1.011697,5.177974,AMG,X122120_142_1
142,X122120,-34.125,10.58927,2.3345,21.815,5,11.16375,0.9662162,0.03819036,5.117265,1.81096,2.825719,AMG,X122120_142_5
147,X122120,-14.84375,3.93662,24.73591,22.924,2,3.415304,0.9829612,0.07168037,8.763076,1.772765,4.943169,24c,X122120_147_2
153,X122120,-21.28125,10.25218,15.9231,19.616,1,15.3356,1,0.01733255,18.86356,1.924119,9.803742,pu,X122120_153_1
157,X122120,-15.3125,5.98392,24.21884,19.11,1,0.5762715,0.993537,0.006756757,12.25191,1.655553,7.400497,24c,X122120_157_1
157,X122120,-15.3125,5.98392,24.21884,19.11,3,1.437597,0.9970623,0.00293772,20.16567,1.879694,10.72817,24c,X122120_157_3
004,X122220,-10.96875,11.43744,22.02324,43.49,3,1.349948,0.9900118,0.01204465,10.83207,1.758493,6.159858,12m,X122220_004_3
015,X122220,-15.03125,7.82534,20.63175,41.98,3,4.659823,0.9950058,0.01086957,12.02365,2.087363,5.760211,11ml,X122220_015_3
016,X122220,-16.28125,6.30862,20.1794,41.65,2,0.6382865,0.9944183,0.01674501,8.914434,1.45774,6.115241,11ml,X122220_016_2
023,X122220,-15.40625,8.61026,20.63016,40.45,2,7.498029,0.9744418,0.08343126,7.911922,1.860299,4.253038,11ml,X122220_023_2
024,X122220,-16.625,7.129,20.21678,40.15,3,6.602354,0.9694477,0.05552291,8.448241,1.739033,4.858012,11ml,X122220_024_3
030,X122220,-13.90625,11.95196,20.428,39.76,2,6.069201,0.9659224,0.02467685,7.718576,2.179401,3.541604,13l,X122220_030_2
034,X122220,-18.5,5.95625,19.16375,38.75,2,7.027353,0.9929495,0.02144536,10.93036,2.26627,4.823061,13m,X122220_034_2
039,X122220,-14.125,12.92876,20.0558,38.088,2,0.7662795,0.979436,0.02027027,8.648769,1.489668,5.805835,13l,X122220_039_2
039,X122220,-14.125,12.92876,20.0558,38.088,3,0.4539517,0.979436,0.005287896,12.59375,1.498241,8.405686,13l,X122220_039_3
039,X122220,-14.125,12.92876,20.0558,38.088,7,2.353099,0.9988249,0.004994125,18.9147,2.195917,8.613578,13l,X122220_039_7
041,X122220,-18.5625,10.10268,18.03036,37.688,6,1.80454,0.985899,0.03172738,8.416617,1.465241,5.744186,13l,X122220_041_6
043,X122220,-20.625,7.04987,17.37108,37.163,2,0.2283935,0.9850746,0.001762632,13.14046,1.913777,6.866247,13m,X122220_043_2
048,X122220,-14.34375,15.30237,18.88898,37.578,3,0.7498529,0.9979436,0.01410106,10.67567,1.323106,8.06864,12o,X122220_048_3
052,X122220,-22.875,8.75054,14.7167,36.328,4,6.987123,0.9920682,0.0819624,7.359231,1.952309,3.769501,13m,X122220_052_4
054,X122220,-23.375,5.82348,15.34169,35.653,2,3.12871,0.9550529,0.01410106,6.798265,2.779596,2.445775,13m,X122220_054_2
054,X122220,-23.375,5.82348,15.34169,35.653,5,0.1946388,0.9964747,0.0008813161,15.31741,2.031955,7.538262,13m,X122220_054_5
055,X122220,-10.21875,19.12378,18.56648,37.563,3,1.565045,0.9841363,0.01968273,9.550758,2.792348,3.420332,12l,X122220_055_3
056,X122220,-12.71875,17.6196,17.55878,37.238,3,7.765138,0.9823737,0.04259694,8.688233,1.877809,4.626792,12l,X122220_056_3
058,X122220,-16.1875,15.01294,16.96992,36.728,2,10.32659,0.9888366,0.005581669,7.951087,2.037419,3.902529,12o,X122220_058_2
059,X122220,-16.84375,13.52209,17.52601,36.373,2,3.667622,0.9955934,0.004994125,11.01841,1.333106,8.265216,12o,X122220_059_2
061,X122220,-18.03125,11.2242,18.7252,35.188,4,0.4603137,0.9994125,0.001175088,17.87101,2.185149,8.178392,AI,X122220_061_4
067,X122220,-16.25,18.02127,13.82197,36.318,2,4.593051,0.9444771,0.07784959,5.561229,2.265081,2.455201,12o,X122220_067_2
071,X122220,-19.1875,12.02642,16.58004,34.118,3,2.441746,0.9947121,0.01645123,10.04712,1.590681,6.316237,AI,X122220_071_3
072,X122220,-20.3125,10.83504,16.75672,33.928,2,1.240792,0.9958872,0.01292597,12.1482,1.834381,6.622509,AI,X122220_072_2
073,X122220,-22.53125,9.9546,15.1731,34.038,3,0.2340604,0.9947121,0.01968273,9.267921,1.330903,6.963633,AI,X122220_073_3
078,X122220,-16.15625,18.78004,13.38168,35.548,3,0.2800805,0.9969466,0.003231492,13.95967,1.89549,7.364676,12o,X122220_078_3
095,X122220,-24.6875,9.5886,12.1976,31.488,2,5.824409,0.9879553,0.001175088,14.268,2.21837,6.43175,AI,X122220_095_2
097,X122220,-17.34375,7.71958,20.63906,29.828,1,16.68966,0.9923619,0.02878966,11.35328,1.609085,7.055738,cd,X122220_097_1
097,X122220,-17.34375,7.71958,20.63906,29.828,2,14.80558,0.9427145,0.0440658,6.281858,1.005596,6.246901,cd,X122220_097_2
097,X122220,-17.34375,7.71958,20.63906,29.828,3,3.936287,0.9424207,0.01410106,6.364262,1.128536,5.639397,cd,X122220_097_3
098,X122220,-19.9375,6.29184,18.73792,29.768,2,6.37887,0.9550529,0.03231492,5.665544,2.044363,2.7713,cd,X122220_098_2
103,X122220,-18.25,16.0258,13.4818,32.988,2,6.522042,0.9988249,0.001175088,12.53611,1.645606,7.617929,AI,X122220_103_2
104,X122220,-15.6875,14.61776,17.6818,31.588,3,0.3414636,0.9506463,0.003231492,12.08485,1.487881,8.12219,45,X122220_104_3
104,X122220,-15.6875,14.61776,17.6818,31.588,5,0.501798,0.9506463,0.004406581,8.080154,1.623734,4.976279,45,X122220_104_5
105,X122220,-29.90625,13.40621,4.72758,26.978,3,0.6423762,0.9952996,0.04171563,9.615623,1.383664,6.94939,AMG,X122220_105_3
109,X122220,-15.40625,7.34892,22.37124,27.189,3,9.605206,1,0.001762632,28.5211,2.911241,9.796889,cd,X122220_109_3
109,X122220,-15.40625,7.34892,22.37124,27.189,4,7.891217,0.9981584,0.01204465,3.672798,0.684844,5.362971,cd,X122220_109_4
122,X122220,-19.9375,7.48098,18.12976,23.871,5,3.177831,0.96651,0.05346651,7.127551,1.975618,3.607758,cd,X122220_122_5
123,X122220,-22.96875,5.95225,16.03375,27.253,3,3.887535,0.9955934,0.008813161,8.880259,2.165337,4.101098,cd,X122220_123_3
135,X122220,-18.09375,4.29913,21.06082,24.873,1,4.716783,0.9873678,0.001175088,8.043548,2.087657,3.852907,cd,X122220_135_1
140,X122220,-33.375,12.47366,2.54994000000001,22.055,2,20.85846,0.9779671,0.06874266,6.542997,1.39712,4.683205,AMG,X122220_140_2
144,X122220,-19.1875,8.0775,18.9565,21.0765,5,0.2288102,0.9885429,0.002056404,9.614609,1.926311,4.991201,cd,X122220_144_5
153,X122220,-21.28125,10.25218,15.9231,19.616,2,4.569371,0.9380141,0,20.32508,1.321707,15.37791,pu,X122220_153_2
157,X122220,-15.4375,6.04414,23.80403,19.14,3,11.00666,0.9985312,0.007931845,13.27977,1.664532,7.978082,24c,X122220_157_3
157,X122220,-15.4375,6.04414,23.80403,19.14,7,0.6804057,0.9615158,0.05346651,6.652981,1.502177,4.428892,24c,X122220_157_7
157,X122220,-15.4375,6.04414,23.80403,19.14,9,2.997633,0.9994125,0.01057579,14.98009,1.94518,7.701134,24c,X122220_157_9
011,X122319,-7.75,13.485,24.50117,42.21,2,25.19774,0.9779671,0.1633372,4.843797,1.275535,3.797464,12r,X122319_011_2
012,X122319,-8.28125,12.56,24.91564,41.96,3,1.404821,0.974148,0.01586369,8.964102,2.794522,3.207741,46v,X122319_012_3
018,X122319,-6.8125,15.35086,24.08852,41.37,2,8.019615,0.9715041,0.02555817,5.506103,1.175715,4.683194,12l,X122319_018_2
018,X122319,-6.8125,15.35086,24.08852,41.37,4,2.190623,0.9964747,0.01645123,12.38772,1.540008,8.043928,12l,X122319_018_4
019,X122319,-7.71875,14.59651,24.63475,41.02,4,0.962985,0.9967685,0.08019976,8.747021,2.068482,4.228714,12l,X122319_019_4
024,X122319,-7.03125,7.031,29.56451,38.925,2,13.83262,0.9820799,0.0672738,7.12834,1.551902,4.593293,8B,X122319_024_2
031,X122319,-8.15625,10.38781,27.02908,38.575,2,1.575025,0.9879553,0.02262045,9.450322,1.519672,6.218659,8B,X122319_031_2
038,X122319,-8.46875,14.2935,24.6535,38.138,3,1.477097,0.9309636,0.01733255,10.83347,1.318625,8.215731,46v,X122319_038_3
040,X122319,-8.71875,11.24543,26.53275,36.963,3,13.53011,0.9826674,0.1348414,7.640211,1.690405,4.519753,8A,X122319_040_3
047,X122319,-7.28125,16.12512,24.66148,36.988,1,12.70495,0.9641598,0.07696828,7.004822,1.741193,4.023002,46v,X122319_047_1
047,X122319,-7.28125,16.12512,24.66148,36.988,2,0.2620867,0.9844301,0.004112808,10.40347,3.221855,3.229033,46v,X122319_047_2
072,X122319,-10.90625,10.56239,25.97152,32.528,3,1.66037,0.9817861,0.01086957,9.138476,1.179103,7.750361,46d,X122319_072_3
072,X122319,-10.90625,10.56239,25.97152,32.528,5,0.5588161,0.9988249,0.002350176,19.20476,2.635388,7.287262,46d,X122319_072_5
074,X122319,-9.78125,7.98395,28.52065,31.788,3,2.592697,0.9797297,0.1013514,7.343494,2.026223,3.624228,6DR,X122319_074_3
078,X122319,-8.8125,18.50739,20.74288,34.323,2,4.956292,0.8742656,0.03584019,7.514189,1.530514,4.909585,45,X122319_078_2
086,X122319,-8.4375,6.17684,30.18264,29.648,2,2.225711,0.9726792,0.1695065,6.937702,1.4109,4.917218,6DR,X122319_086_2
086,X122319,-8.4375,6.17684,30.18264,29.648,3,0.5078035,0.9835488,0.02820211,8.762409,2.622509,3.341231,6DR,X122319_086_3
088,X122319,-6.3125,3.1392,32.9806,28.788,3,6.797392,0.9756169,0.0199765,10.61675,2.659595,3.991868,6DR,X122319_088_3
090,X122319,-7.375,18.21452,22.42104,32.078,2,3.069654,0.9350764,0.007050529,9.006537,1.52204,5.917414,8A,X122319_090_2
095,X122319,-9.125,10.10523,27.81023,29.193,1,9.820454,0.9712104,0.1142773,6.910746,1.450972,4.762838,8A,X122319_095_1
097,X122319,-7.5,7.69228,30.56296,28.428,3,7.191266,0.9964747,0.008225617,9.434474,1.566467,6.022774,6DR,X122319_097_3
107,X122319,-10.3125,11.0822,26.03372,25.61,2,8.160387,0.9853114,0.03907168,8.616741,1.266312,6.804597,6DR,X122319_107_2
109,X122319,-8.3125,7.42504,29.43038,26.419,1,11.10693,0.9864865,0.02702703,10.45592,1.497353,6.982941,6DR,X122319_109_1
112,X122319,-8.25,3.91608,30.90534,26.251,4,11.23695,0.9791422,0.03084606,6.288413,1.133313,5.548697,6DR,X122319_112_4
112,X122319,-8.25,3.91608,30.90534,26.251,5,1.649083,0.9103996,0.01615746,9.844168,1.627417,6.048952,6DR,X122319_112_5
118,X122319,-10.25,12.566,25.0218,24.932,2,29.14199,1,0.004700352,10.9515,1.356156,8.0754,6DC,X122319_118_2
119,X122319,-9.25,11.1,26.93828,24.409,2,9.109088,0.9409518,0.05816686,4.85154,1.707835,2.840755,6DC,X122319_119_2
121,X122319,-9.625,8.49773,27.81383,23.915,3,0.6252597,0.9717979,0.01351351,14.1576,1.940138,7.297212,6DC,X122319_121_3
127,X122319,-9.75,14.97408,24.69233,23.194,3,6.874644,0.9659224,0.05581669,5.948786,1.590477,3.740253,6VaVb,X122319_127_3
131,X122319,-9.6875,10.20866,26.68958,22.727,1,23.25682,0.9861927,0.1324912,7.358878,1.722483,4.272251,6DC,X122319_131_1
134,X122319,-8.6875,6.3224,30.10276,21.606,2,3.418541,0.9715041,0.01439483,7.463753,1.993975,3.743153,6DC,X122319_134_2
134,X122319,-8.6875,6.3224,30.10276,21.606,3,0.1342628,0.9861927,0.001175088,14.95446,3.062575,4.882969,6DC,X122319_134_3
143,X122319,-10.25,9.14462,26.64886,21.12,1,42.63933,0.9944183,0.04112808,5.892193,1.172317,5.026109,6DC,X122319_143_1
004,X122320,-11,11.43744,22.02324,43.49,3,1.749996,0.9438896,0.03113984,12.02586,1.698983,7.078268,12m,X122320_004_3
006,X122320,-12.625,9.04092,21.75808,43.55,3,5.021532,0.9524089,0.05229142,7.070201,1.520799,4.649004,11ml,X122320_006_3
015,X122320,-15.0625,7.82534,20.63175,41.98,4,0.8527634,0.9979436,0.007050529,13.9446,2.764815,5.043592,11ml,X122320_015_4
021,X122320,-13.875,11.60073,20.31071,41.12,3,1.840575,0.9800235,0.01938896,8.742938,1.814699,4.817843,11ml,X122320_021_3
023,X122320,-15.40625,8.61026,20.63016,40.45,3,3.01545,0.9682726,0.05493537,9.065291,1.476156,6.141147,11ml,X122320_023_3
024,X122320,-16.65625,7.131,20.02601,40.175,3,0.3921936,0.9970623,0.01351351,12.94058,1.970059,6.568625,11ml,X122320_024_3
032,X122320,-16.78125,9.003,19.54084,39.225,3,5.516399,0.9670975,0.05199765,4.726372,1.272038,3.715591,13m,X122320_032_3
032,X122320,-16.78125,9.003,19.54084,39.225,4,0.8808531,0.993537,0.02085781,8.557584,1.382262,6.191001,13m,X122320_032_4
034,X122320,-18.53125,5.95892,18.92028,38.78,2,7.133723,0.9826674,0.0199765,10.44082,2.371673,4.4023,13m,X122320_034_2
037,X122320,-10.6875,15.98693,21.1022,38.968,2,2.856376,1,0.001762632,15.95997,1.331099,11.99007,12o,X122320_037_2
039,X122320,-14.125,12.92876,20.0558,38.088,7,1.126671,0.9882491,0.07726204,8.888113,1.734118,5.125439,13l,X122320_039_7
047,X122320,-12.5625,16.32448,19.42692,37.788,2,1.934624,0.9920682,0.07990599,11.90035,1.81302,6.563827,12o,X122320_047_2
048,X122320,-14.375,15.30237,18.88898,37.578,6,0.4901398,0.9925373,0.0146886,13.3808,1.836015,7.287958,12o,X122320_048_6
052,X122320,-22.90625,8.75054,14.7167,36.328,6,4.706738,0.9888366,0.0619859,8.051342,1.51388,5.318348,13m,X122320_052_6
054,X122320,-23.40625,5.82348,15.34169,35.653,2,0.1659479,0.9438896,0.005581669,11.38208,1.663122,6.843804,13m,X122320_054_2
055,X122320,-10.25,19.12612,18.41692,37.588,6,0.1460583,0.9967685,0.002643948,16.13162,3.530955,4.56863,12l,X122320_055_6
056,X122320,-12.78125,17.6235,17.38975,37.263,6,0.8111929,0.9550529,0.000293772,21.62171,1.747791,12.37088,12l,X122320_056_6
057,X122320,-14.65625,16.47195,17.13461,37.018,3,3.393334,0.9435958,0.1110458,7.789868,1.246283,6.250481,12o,X122320_057_3
057,X122320,-14.65625,16.47195,17.13461,37.018,6,5.256233,0.9856052,0.01498237,13.36139,1.428831,9.351279,12o,X122320_057_6
059,X122320,-16.84375,13.52209,17.52601,36.373,4,1.394277,0.9982374,0.05111633,10.2788,2.75607,3.729512,12o,X122320_059_4
061,X122320,-18.0625,11.2242,18.7252,35.188,3,23.24815,0.916275,0.1251469,3.938043,0.9553491,4.122099,AI,X122320_061_3
061,X122320,-18.0625,11.2242,18.7252,35.188,4,0.5027524,0.980322,0.009400705,17.83206,2.526226,7.058774,AI,X122320_061_4
062,X122320,-21.21875,9.9282,16.32012,35.328,2,0.9808982,0.9823737,0.009106933,9.838386,2.272733,4.328879,13l,X122320_062_2
067,X122320,-16.28125,18.02127,13.82197,36.318,3,4.138117,0.9782609,0.02173913,7.356411,1.937893,3.796088,12o,X122320_067_3
069,X122320,-17.25,15.32188,15.94308,35.408,3,6.990591,0.9468272,0.03965922,6.672026,1.757327,3.79669,AI,X122320_069_3
071,X122320,-19.21875,12.02642,16.58004,34.118,1,2.1273,0.9947121,0.003525264,13.36955,1.502194,8.900015,AI,X122320_071_1
074,X122320,-23.75,8.77802,14.57674,33.828,3,4.120414,0.9785547,0.03290247,8.64429,1.863614,4.638455,13m,X122320_074_3
078,X122320,-16.1875,18.78004,13.38168,35.548,3,0.1477843,0.9785547,0.000293772,21.38231,2.488809,8.59138,12o,X122320_078_3
079,X122320,-18.625,17.04417,12.85228,34.653,3,3.765264,0.9712104,0.1368978,7.478454,1.974094,3.788297,12o,X122320_079_3
083,X122320,-23.40625,10.165,13.50168,32.668,2,0.743813,0.9920682,0.001762632,7.887215,3.095788,2.547724,AI,X122320_083_2
085,X122320,-20.1875,7.7113,17.9465,31.688,3,3.40675,0.9891304,0.06169213,7.8864,1.624959,4.853292,pu,X122320_085_3
087,X122320,-21.1875,5.03916,17.9494,31.128,3,1.229718,0.9814923,0.1583431,7.085196,1.573006,4.504241,cd,X122320_087_3
095,X122320,-24.75,9.5886,12.1976,31.488,4,5.312073,0.9917744,0.003525264,13.30251,2.178469,6.106357,AI,X122320_095_4
096,X122320,-22.21875,8.6304,15.36956,30.848,2,3.321037,0.9926557,0.007931845,5.706244,1.663639,3.429978,pu,X122320_096_2
096,X122320,-22.21875,8.6304,15.36956,30.848,3,0.7839737,0.9926557,0.008225617,10.68677,1.759528,6.07366,pu,X122320_096_3
097,X122320,-17.59375,7.71958,20.63906,29.828,4,0.2220192,0.8256983,0,27.193,2.260424,12.03004,cd,X122320_097_4
098,X122320,-20.0625,6.29184,18.73792,29.768,6,2.799922,0.9477086,0.00146886,7.096909,1.964143,3.613235,cd,X122320_098_6
108,X122320,-16.3125,8.35722,21.01142,28.289,2,0.6897943,0.9753231,0.001175088,12.77863,1.778464,7.185208,cd,X122320_108_2
109,X122320,-15.40625,7.34892,22.37124,27.189,1,7.386287,1,0.001762632,22.41235,2.012809,11.13486,cd,X122320_109_1
109,X122320,-15.40625,7.34892,22.37124,27.189,2,7.243601,0.9527027,0.0199765,4.107626,0.8143043,5.044338,cd,X122320_109_2
111,X122320,-19.875,5.89174,19.19696,27.862,2,0.2079806,0.9879952,0.007931845,11.19789,2.088869,5.360744,cd,X122320_111_2
122,X122320,-20.0625,7.48098,18.12976,23.871,5,1.478258,0.9814923,0.01086957,9.841803,2.519057,3.906939,cd,X122320_122_5
127,X122320,-32.21875,13.85896,2.31096,23.194,2,4.19747,0.9673913,0.1489424,7.12766,1.768631,4.030043,AMG,X122320_127_2
130,X122320,-32.5625,11.127,3.37362,23.438,3,1.608353,0.989718,0.04964747,7.705688,2.007128,3.839162,AMG,X122320_130_3
135,X122320,-18.21875,4.29913,21.06082,24.873,3,5.514251,0.9847239,0.1101645,10.19162,1.303536,7.818442,cd,X122320_135_3
140,X122320,-33.4375,12.47366,2.54994000000001,22.055,2,19.78247,0.9723854,0.05640423,6.735365,1.306093,5.156881,AMG,X122320_140_2
142,X122320,-34.25,10.58927,2.3345,21.815,3,1.075138,0.9946581,0.007050529,16.10771,1.76281,9.137522,AMG,X122320_142_3
147,X122320,-14.96875,3.93662,24.73591,22.924,2,0.634671,0.9905993,0.0220329,7.954545,1.669747,4.763921,24c,X122320_147_2
147,X122320,-14.96875,3.93662,24.73591,22.924,5,2.236509,0.9905993,0.005581669,11.53807,1.707885,6.755766,24c,X122320_147_5
153,X122320,-21.28125,10.25218,15.9231,19.616,4,15.59348,0.9988249,0.02673326,12.37095,1.528679,8.092577,pu,X122320_153_4
157,X122320,-15.4375,6.04414,23.80403,19.14,3,1.796953,0.993537,0.05552291,9.855203,1.601586,6.153402,24c,X122320_157_3
157,X122320,-15.4375,6.04414,23.80403,19.14,4,26.07697,0.9735605,0.01028202,5.768878,1.215762,4.74507,24c,X122320_157_4
157,X122320,-15.4375,6.04414,23.80403,19.14,5,1.569049,0.9967685,0.00293772,14.39006,1.824761,7.886,24c,X122320_157_5
003,X122719,-6.84375,12.31352,25.11356,43.75,3,0.6449555,0.9964747,0.01351351,18.66655,2.799832,6.667025,12r,X122719_003_3
005,X122719,-7.15625,10.47888,26.23764,43.31,8,0.7401372,1,0,28.74001,3.684221,7.800837,46d,X122719_005_8
012,X122719,-8.34375,12.56,24.91564,41.96,2,4.868638,0.9791422,0.01703878,5.425198,2.046223,2.651322,46v,X122719_012_2
018,X122719,-6.8125,15.35086,24.08852,41.37,2,1.811537,0.9929495,0.01351351,10.30819,1.351029,7.629875,12l,X122719_018_2
019,X122719,-7.78125,14.59852,24.486,41.04,2,3.495968,0.9650411,0.04994125,9.69764,1.574655,6.15858,12l,X122719_019_2
019,X122719,-7.78125,14.59852,24.486,41.04,3,2.672369,0.9650411,0.04024677,8.476348,1.324773,6.398339,12l,X122719_019_3
024,X122719,-7.21875,7.033,29.37374,38.95,2,4.121742,0.9844301,0.01351351,12.18764,1.619845,7.523954,8B,X122719_024_2
024,X122719,-7.21875,7.033,29.37374,38.95,4,0.0733785,0.9973561,0.005287896,21.77119,2.131486,10.21409,8B,X122719_024_4
025,X122719,-6.8125,5.5761,30.7202,38.4,2,4.556583,0.9233255,0.07432432,6.953587,1.663813,4.179308,8B,X122719_025_2
025,X122719,-6.8125,5.5761,30.7202,38.4,4,5.169197,0.9347826,0.01057579,9.664342,1.455977,6.637702,8B,X122719_025_4
028,X122719,-9.03125,15.041,22.92771,40.095,2,10.52463,0.9682726,0.1066393,7.317475,2.204765,3.318937,12l,X122719_028_2
029,X122719,-8.40625,13.87918,24.56714,39.58,1,12.41542,0.9644536,0.02761457,5.423757,1.115203,4.863472,46v,X122719_029_1
029,X122719,-8.40625,13.87918,24.56714,39.58,2,1.560662,0.9647474,0.005875441,9.703253,1.749376,5.546693,46v,X122719_029_2
036,X122719,-7.96875,17.41872,21.64488,39.348,2,6.862883,0.9720917,0.06257344,6.989517,1.273335,5.489141,12l,X122719_036_2
036,X122719,-7.96875,17.41872,21.64488,39.348,5,0.7041708,0.9803173,0.00293772,11.36066,1.262596,8.99786,12l,X122719_036_5
047,X122719,-7.28125,16.12512,24.66148,36.988,3,11.34227,0.9106933,0.1245593,5.471377,1.811427,3.020479,46v,X122719_047_3
069,X122719,-10.90625,15.11155,22.3788,34.463,5,3.672578,0.960047,0.04377203,6.878925,2.292929,3.000061,46v,X122719_069_5
072,X122719,-11.53125,10.57797,25.44496,32.608,5,11.79498,0.9882491,0.0220329,8.004783,1.181479,6.775224,46d,X122719_072_5
074,X122719,-10.40625,8.03066,27.70042,31.908,2,6.75121,0.956228,0.07638073,6.679811,1.712248,3.901193,6DR,X122719_074_2
086,X122719,-9.1875,6.1924,29.5844,29.738,5,0.5279956,0.9820799,0.01439483,9.497478,3.357908,2.828392,6DR,X122719_086_5
099,X122719,-9.0625,4.7042,29.8954,27.738,3,5.590485,0.9576969,0.0293772,4.625795,1.073186,4.31034,6DR,X122719_099_3
112,X122719,-8.75,3.92416,30.58793,26.291,3,15.2028,0.9994125,0.005875441,6.290689,1.312933,4.791324,6DR,X122719_112_3
131,X122719,-10.4375,10.20948,25.93424,22.757,12,41.2066,1,0.01821387,10.79517,1.276208,8.458783,6DC,X122719_131_12
132,X122719,-13.1875,8.66585,24.29558,22.577,3,12.57916,0.9524089,0.03319624,5.071711,1.43916,3.524076,6DC,X122719_132_3
140,X122719,-11.875,12.84161,23.81899,21.505,2,11.96129,0.9644536,0.09400705,6.128425,1.24113,4.937778,6DC,X122719_140_2
014,X123019,-8.28125,9.284,26.538,41.54,1,5.562983,0.993537,0.01703878,12.9157,1.942097,6.65039,46d,X123019_014_1
024,X123019,-7.59375,7.035,29.18297,38.975,4,0.1900159,0.976792,0.006756757,12.76543,1.935335,6.595979,8B,X123019_024_4
024,X123019,-7.59375,7.035,29.18297,38.975,5,1.494486,0.976792,0.01556992,7.94986,1.548518,5.133849,8B,X123019_024_5
025,X123019,-7.1875,5.57744,30.27328,38.46,6,10.03243,0.9879553,0.08078731,8.179038,1.567212,5.218846,8B,X123019_025_6
025,X123019,-7.1875,5.57744,30.27328,38.46,7,3.10611,0.9565217,0.05287896,6.130172,1.124863,5.449708,8B,X123019_025_7
027,X123019,-7.40625,15.9046,22.9448,40.4,5,3.27749,0.9923619,0.07902468,11.27781,2.518896,4.477282,12l,X123019_027_5
027,X123019,-7.40625,15.9046,22.9448,40.4,6,0.7488843,0.9923619,0.001762632,19.00704,2.365063,8.036592,12l,X123019_027_6
027,X123019,-7.40625,15.9046,22.9448,40.4,7,7.451316,0.9920682,0.003231492,7.544611,1.674914,4.504477,12l,X123019_027_7
029,X123019,-8.46875,13.87918,24.56714,39.58,5,0.7925686,0.9756169,0,30.56274,3.89639,7.843861,46v,X123019_029_5
038,X123019,-8.53125,14.2935,24.6535,38.138,4,0.8903626,0.996181,0.002350176,12.17723,1.833469,6.641634,46v,X123019_038_4
040,X123019,-9.03125,11.25244,26.331,36.988,2,3.230705,0.9565217,0.01145711,7.743797,1.231482,6.288192,8A,X123019_040_2
040,X123019,-9.03125,11.25244,26.331,36.988,6,3.32094,0.993537,0.006169213,16.24538,1.988026,8.171611,8A,X123019_040_6
046,X123019,-7.96875,17.60946,21.92954,37.908,7,9.56546,0.9994125,0.00293772,13.13923,1.539865,8.532714,12l,X123019_046_7
047,X123019,-7.59375,16.13758,24.33432,37.038,2,4.875419,0.9459459,0,14.67851,1.919661,7.64641,46v,X123019_047_2
049,X123019,-11.34375,14.03712,22.67492,36.963,5,2.312892,0.9947121,0.0273208,12.5678,1.431345,8.780408,46df,X123019_049_5
051,X123019,-11.03125,9.98458,25.4062,35.268,3,0.1123762,0.9952639,0.004406581,13.18819,1.382311,9.540686,8B,X123019_051_3
054,X123019,-8.53125,5.31748,29.98619,33.903,1,4.861075,0.9944183,0.02056404,6.963493,1.207851,5.765194,6DR,X123019_054_1
063,X123019,-9.46875,7.71904,28.7363,33.218,3,5.93172,0.9615158,0.03084606,7.945399,1.76734,4.495682,6DR,X123019_063_3
074,X123019,-11.15625,8.0618,27.1536,31.988,3,4.812819,0.9994125,0.001175088,13.07543,1.655885,7.896344,6DR,X123019_074_3
074,X123019,-11.15625,8.0618,27.1536,31.988,5,0.06174669,1,0.001175088,24.86371,2.228487,11.15722,6DR,X123019_074_5
088,X123019,-7.1875,3.16023,32.03884,28.923,5,0.7906964,0.9879553,0.009106933,9.614695,2.006604,4.791524,6DR,X123019_088_5
090,X123019,-8.375,18.21842,21.35384,32.253,1,0.7274991,0.9262632,0.0005875441,14.23727,1.585332,8.980621,45,X123019_090_1
095,X123019,-11,10.03432,25.66732,29.508,1,0.06359168,0.9988249,0.001175088,13.61337,1.451233,9.380555,8A,X123019_095_1
098,X123019,-11.9375,6.25128,26.75814,28.598,1,17.75245,0.9629847,0.02085781,5.857345,1.113432,5.260621,8B,X123019_098_1
101,X123019,-9.4375,20.29288,18.78556,31.708,2,0.5911976,0.991671,0.002350176,10.38159,1.479059,7.019051,6VaVb,X123019_101_2
103,X123019,-10.5,16.15976,21.12466,31.458,3,12.82584,0.9482961,0.0326087,8.213971,1.752499,4.687006,45,X123019_103_3
106,X123019,-9.9375,12.51692,25.29844,25.929,2,6.583781,0.9788484,0.02379553,9.029337,1.744984,5.174453,6DC,X123019_106_2
106,X123019,-9.9375,12.51692,25.29844,25.929,3,0.194195,0.9947121,0.0005875441,16.45142,1.931229,8.518631,6DC,X123019_106_3
107,X123019,-11.3125,11.08985,24.76556,25.64,5,2.267598,0.9720917,0.05141011,8.308738,1.329397,6.250003,6DC,X123019_107_5
107,X123019,-11.3125,11.08985,24.76556,25.64,6,2.669871,0.9982374,0.001175088,25.60886,2.240002,11.43251,6DC,X123019_107_6
117,X123019,-11.8125,13.85868,22.91792,25.052,3,0.7428003,0.9937146,0.00293772,15.31086,1.430098,10.70616,6DC,X123019_117_3
125,X123019,-12.625,2.50039,27.1481,25.508,2,0.1991566,0.9735605,0.004700352,18.79813,1.990746,9.44276,24c,X123019_125_2
146,X123019,-13.75,5.41397,24.88405,20.853,2,14.37061,0.9944183,0.02027027,8.536689,1.174788,7.266581,24c,X123019_146_2
